10 0.147246 0.328335 0.018824 0.034181
1 0.078329 0.426260 0.010763 0.027638
1 0.099257 0.452835 0.016742 0.063780
1 0.121978 0.447520 0.016742 0.057402
10 0.228435 0.346607 0.014930 0.018433
3 0.430423 0.417982 0.014173 0.018681
3 0.484326 0.414567 0.026309 0.034016
3 0.380883 0.425197 0.008371 0.021260
3 0.417945 0.415094 0.013176 0.036775
3 0.458615 0.421391 0.034680 0.045879
3 0.401213 0.418819 0.034680 0.046772
3 0.316905 0.420783 0.035876 0.055600
4 0.215256 0.412441 0.047835 0.085039
3 0.256513 0.430512 0.099257 0.155197
3 0.047835 0.467499 0.093278 0.117364
9 0.405443 0.341078 0.006114 0.017785
9 0.524348 0.352063 0.006221 0.009585
3 0.561459 0.406270 0.022721 0.025099
1 0.512136 0.405139 0.008957 0.015159
1 0.629624 0.404780 0.013155 0.047187
1 0.609294 0.403937 0.008371 0.051024
1 0.596139 0.399685 0.010763 0.034016
1 0.582387 0.400748 0.011959 0.036142
8 0.853849 0.447520 0.081319 0.133937
8 0.762706 0.480745 0.036390 0.136609
8 0.850620 0.557045 0.139916 0.209123
8 0.892475 0.574473 0.144700 0.259307
8 0.931341 0.616961 0.133937 0.259370
3 0.179937 0.436926 0.010731 0.028018
9 0.313121 0.356392 0.008212 0.014821
9 0.529117 0.383103 0.004147 0.008848
1 0.167055 0.442825 0.011613 0.042764
10 0.300367 0.383994 0.011464 0.008280
9 0.305025 0.400235 0.004299 0.008917
