9 0.477748 0.441592 0.003899 0.006932
9 0.426080 0.447657 0.005199 0.010976
9 0.455001 0.462966 0.004549 0.008088
10 0.448210 0.414209 0.003574 0.010399
10 0.455846 0.426340 0.013648 0.020797
10 0.460071 0.437880 0.016248 0.010428
10 0.431480 0.340151 0.006817 0.018620
10 0.514453 0.359481 0.009361 0.015880
3 0.476708 0.479190 0.007669 0.010958
3 0.510731 0.482724 0.018522 0.027729
3 0.559890 0.490909 0.040644 0.058243
3 0.602208 0.497150 0.049143 0.112327
3 0.639651 0.502350 0.072544 0.139368
4 0.764263 0.517951 0.256245 0.245455
3 0.901746 0.567599 0.194232 0.395774
3 0.426600 0.480586 0.020797 0.015598
1 0.527971 0.477374 0.007524 0.043711
1 0.523135 0.476218 0.006449 0.038852
3 0.474694 0.474867 0.018197 0.013865
