3 0.146963 0.635872 0.293926 0.480206
5 0.610342 0.544131 0.163484 0.367077
3 0.703241 0.607301 0.027799 0.043083
3 0.773153 0.617010 0.080018 0.044800
3 0.845169 0.620954 0.051211 0.049917
1 0.802255 0.606572 0.026508 0.095275
10 0.799526 0.430364 0.050677 0.084548
10 0.802280 0.350211 0.036579 0.071161
3 0.530939 0.698562 0.261961 0.421355
3 0.259417 0.568283 0.031595 0.056089
3 0.299267 0.519460 0.045453 0.018797
3 0.348731 0.617479 0.177301 0.248101
5 0.347000 0.519551 0.207501 0.102992
9 0.336807 0.417777 0.009356 0.032105
9 0.344083 0.418625 0.005197 0.030577
9 0.328042 0.416020 0.006615 0.030911
10 0.144920 0.263180 0.042289 0.086269
