9 0.382194 0.191140 0.012456 0.075107
9 0.477333 0.060258 0.019680 0.098344
9 0.466406 0.066162 0.018104 0.082252
10 0.393399 0.397202 0.010562 0.028391
10 0.111891 0.364145 0.045153 0.030571
10 0.113454 0.293603 0.032185 0.035762
10 0.879508 0.223270 0.020839 0.102485
10 0.926660 0.162992 0.039269 0.028595
10 0.950826 0.085033 0.059246 0.106013
10 0.978406 0.174000 0.042182 0.068344
10 0.713402 0.374093 0.021196 0.024763
9 0.928280 0.315451 0.041177 0.072306
9 0.121147 0.409481 0.007340 0.022876
9 0.093477 0.407906 0.015814 0.028877
3 0.466601 0.519980 0.035981 0.059376
3 0.523747 0.557776 0.080178 0.111811
3 0.376993 0.551086 0.108668 0.164503
3 0.617848 0.535158 0.040809 0.066575
1 0.729329 0.518344 0.024485 0.081085
1 0.750465 0.535887 0.016780 0.109073
1 0.777155 0.532312 0.023893 0.130529
9 0.548963 0.452742 0.008046 0.025033
9 0.515771 0.458106 0.008046 0.021457
10 0.731384 0.311174 0.041215 0.017964
3 0.590242 0.520221 0.041289 0.062307
10 0.392919 0.425054 0.010562 0.027313
9 0.367729 0.191140 0.008622 0.053648
