10 0.308902 0.315645 0.013648 0.021277
10 0.588602 0.207959 0.015423 0.027728
10 0.588414 0.243099 0.015047 0.011358
10 0.448307 0.319737 0.008579 0.019063
10 0.426633 0.316627 0.008124 0.016309
10 0.309283 0.331531 0.014185 0.007991
10 0.264173 0.299808 0.013647 0.020796
10 0.265350 0.281743 0.019092 0.010976
10 0.404503 0.316636 0.008449 0.017215
9 0.310039 0.297398 0.006824 0.009243
9 0.380771 0.284970 0.006607 0.012346
9 0.587597 0.277854 0.009323 0.023111
9 0.387486 0.278904 0.006824 0.024478
9 0.472275 0.359375 0.004836 0.009107
9 0.467220 0.339445 0.004549 0.007375
9 0.429403 0.350064 0.004874 0.013864
9 0.405520 0.350064 0.005849 0.013864
3 0.408444 0.400321 0.035093 0.045058
3 0.257510 0.381993 0.039313 0.040123
3 0.437689 0.389923 0.017547 0.024262
3 0.052860 0.397822 0.101796 0.079662
3 0.119982 0.392830 0.037127 0.042039
3 0.203695 0.370877 0.036481 0.042832
3 0.288267 0.376947 0.020472 0.028307
9 0.026520 0.232974 0.012803 0.033282
3 0.453609 0.385863 0.014041 0.018721
3 0.144768 0.386189 0.013233 0.028230
3 0.428518 0.380519 0.007505 0.010533
