1 0.325556 0.481172 0.032517 0.139421
1 0.667712 0.436377 0.019046 0.060033
1 0.684644 0.455984 0.031254 0.084381
1 0.704096 0.459068 0.028692 0.095214
1 0.779983 0.484658 0.054222 0.206020
1 0.839219 0.441093 0.051101 0.168569
3 0.322686 0.472189 0.030220 0.034968
3 0.288926 0.468420 0.016259 0.032305
3 0.054993 0.581091 0.109985 0.375516
3 0.905602 0.567263 0.188797 0.447006
3 0.540479 0.602294 0.485560 0.461747
3 0.238552 0.514812 0.128157 0.165896
4 0.212047 0.375073 0.042738 0.018995
3 0.151256 0.394514 0.031578 0.013491
3 0.117158 0.453967 0.010520 0.020403
3 0.087988 0.452267 0.045907 0.023804
3 0.053925 0.451525 0.012656 0.018488
3 0.128635 0.454818 0.014346 0.018703
3 0.121737 0.397398 0.017391 0.011123
10 0.566184 0.368105 0.011477 0.025504
10 0.857823 0.285614 0.023469 0.098557
1 0.292592 0.464202 0.011506 0.039451
