9 0.481270 0.232950 0.006864 0.019967
9 0.544572 0.177486 0.003680 0.022186
9 0.582042 0.218529 0.003744 0.017749
9 0.645063 0.179704 0.004992 0.017749
9 0.628216 0.215201 0.003744 0.017749
9 0.577674 0.237387 0.003744 0.008874
9 0.564258 0.238496 0.004368 0.011093
9 0.539924 0.242933 0.004368 0.011093
9 0.532748 0.244597 0.003744 0.012202
9 0.552091 0.177486 0.004992 0.024404
9 0.728987 0.227958 0.004368 0.014421
10 0.421993 0.226029 0.019343 0.015000
10 0.482640 0.249269 0.009604 0.010452
9 0.473782 0.250144 0.005616 0.012202
10 0.307806 0.261791 0.010608 0.033279
10 0.275983 0.195789 0.016847 0.014421
3 0.563323 0.268447 0.012479 0.022186
3 0.704340 0.272329 0.014975 0.027732
3 0.729923 0.259018 0.036190 0.018858
3 0.801368 0.375753 0.260197 0.357779
3 0.621352 0.242379 0.021215 0.014421
3 0.583914 0.282313 0.029951 0.061011
3 0.614800 0.286750 0.038062 0.076541
3 0.662534 0.298882 0.079869 0.114398
3 0.428544 0.329458 0.094844 0.130896
3 0.309366 0.290633 0.061149 0.017749
3 0.314045 0.314482 0.048046 0.036606
3 0.372977 0.371941 0.137206 0.156856
3 0.482206 0.283422 0.014975 0.021076
3 0.500891 0.280689 0.012411 0.024484
3 0.177634 0.449780 0.352545 0.368283
3 0.551592 0.274513 0.021215 0.028841
3 0.522379 0.274071 0.019967 0.019083
