10 0.357481 0.384695 0.013757 0.028546
10 0.579653 0.367194 0.009361 0.026106
10 0.391086 0.368977 0.009381 0.011930
9 0.455194 0.234647 0.008983 0.034693
9 0.442209 0.235253 0.007175 0.037006
3 0.455711 0.410974 0.017489 0.015303
3 0.456726 0.430277 0.014839 0.030780
3 0.447573 0.428929 0.017656 0.044606
3 0.433410 0.433920 0.036071 0.055551
5 0.568654 0.390543 0.014041 0.035362
5 0.536589 0.412042 0.055218 0.108853
3 0.573491 0.418081 0.020444 0.019825
3 0.573911 0.432791 0.017567 0.038232
3 0.583273 0.434473 0.015226 0.051508
3 0.423565 0.443587 0.035102 0.054083
3 0.507202 0.443550 0.104699 0.149842
3 0.606505 0.436645 0.052301 0.067967
3 0.792480 0.365994 0.205832 0.363198
3 0.087170 0.585852 0.174340 0.268336
9 0.274834 0.337849 0.013770 0.027558
9 0.466190 0.385095 0.003098 0.007159
