9 0.097350 0.178803 0.014463 0.047470
9 0.049714 0.168283 0.017391 0.067313
9 0.078972 0.167098 0.016648 0.064945
9 0.408574 0.273151 0.007889 0.037077
9 0.392975 0.275361 0.010399 0.036397
9 0.691584 0.190056 0.007266 0.046204
9 0.862982 0.157804 0.017895 0.069572
9 0.920974 0.335720 0.021781 0.035346
9 0.804150 0.263693 0.013822 0.074692
9 0.702841 0.190584 0.006833 0.048888
9 0.867707 0.388367 0.014725 0.017593
9 0.808840 0.368978 0.015576 0.022746
10 0.393155 0.330474 0.012909 0.015300
10 0.392835 0.360873 0.017880 0.022438
10 0.394214 0.385180 0.012225 0.022438
10 0.394410 0.412522 0.011833 0.023849
10 0.885061 0.253359 0.019984 0.069183
10 0.912933 0.155194 0.042071 0.018698
10 0.881806 0.085973 0.011369 0.044800
10 0.885061 0.305713 0.019984 0.020568
10 0.817855 0.327623 0.011356 0.038209
10 0.688775 0.396646 0.010253 0.030411
10 0.666129 0.406159 0.007032 0.019520
10 0.416500 0.319737 0.016828 0.033657
10 0.417551 0.356198 0.018932 0.035526
10 0.417025 0.384092 0.011569 0.020261
3 0.459318 0.450003 0.011125 0.015937
3 0.481183 0.447819 0.009466 0.024307
3 0.413344 0.456570 0.012621 0.036722
3 0.401775 0.456570 0.008414 0.036722
3 0.320699 0.494773 0.071761 0.103840
3 0.296222 0.514265 0.077324 0.112325
3 0.258209 0.465582 0.013673 0.033657
3 0.147247 0.556268 0.079934 0.155194
3 0.902852 0.467540 0.125721 0.059658
3 0.981594 0.462669 0.036812 0.057964
3 0.355625 0.462986 0.048637 0.088298
5 0.307348 0.423569 0.067311 0.052415
4 0.229846 0.458465 0.043192 0.146787
4 0.139359 0.445949 0.144092 0.211288
4 0.556384 0.442209 0.014725 0.043006
4 0.579679 0.431881 0.041758 0.074882
3 0.470124 0.454784 0.018900 0.024225
3 0.270546 0.568035 0.132015 0.165315
3 0.539030 0.463712 0.011569 0.048615
3 0.511158 0.475866 0.058899 0.110319
1 0.753737 0.472588 0.013965 0.064520
1 0.813518 0.503282 0.026247 0.115320
3 0.071093 0.599564 0.142187 0.256745
