3 0.451280 0.721415 0.217216 0.372877
3 0.870508 0.696129 0.194435 0.170477
3 0.570019 0.602241 0.024781 0.025699
3 0.596562 0.614795 0.037156 0.045563
3 0.621498 0.626366 0.033926 0.036188
3 0.650285 0.634612 0.046658 0.055827
3 0.673273 0.644722 0.039531 0.064509
4 0.727598 0.643442 0.074431 0.121614
10 0.653362 0.548396 0.015631 0.029544
10 0.658155 0.577803 0.007527 0.011437
10 0.738324 0.544019 0.023389 0.048511
3 0.788362 0.634112 0.047558 0.045739
5 0.569429 0.589654 0.059592 0.035139
3 0.558956 0.602765 0.014456 0.024650
