10 0.017389 0.267734 0.028829 0.051080
10 0.017729 0.196514 0.035457 0.075122
10 0.339889 0.187184 0.049176 0.094000
10 0.568527 0.255867 0.015497 0.032143
10 0.568097 0.293133 0.023246 0.039327
10 0.595707 0.338844 0.021643 0.018703
3 0.004484 0.437840 0.008968 0.024300
4 0.045131 0.444996 0.090262 0.062067
3 0.169829 0.436150 0.030857 0.050149
3 0.281650 0.445781 0.020316 0.067044
3 0.370100 0.417802 0.025966 0.037865
3 0.534631 0.401829 0.015560 0.014711
3 0.395307 0.416505 0.026247 0.024080
3 0.442965 0.416005 0.032996 0.036270
3 0.485377 0.409960 0.024835 0.030775
9 0.695773 0.363023 0.002691 0.006959
9 0.723965 0.365850 0.002804 0.006524
9 0.687700 0.370199 0.003181 0.006524
9 0.766212 0.378327 0.004204 0.007122
3 0.671508 0.401062 0.013012 0.016920
3 0.657158 0.404383 0.013671 0.019297
3 0.620230 0.402998 0.015658 0.021747
3 0.639191 0.406260 0.023732 0.034361
3 0.711061 0.410860 0.050088 0.071861
3 0.926338 0.552699 0.147324 0.342403
5 0.944818 0.364278 0.034246 0.040617
4 0.887489 0.359718 0.078690 0.090354
9 0.342504 0.157220 0.027202 0.073639
9 0.280110 0.159690 0.013504 0.078579
1 0.343924 0.494859 0.076295 0.362402
1 0.249747 0.488501 0.073911 0.417504
3 0.191036 0.430943 0.040804 0.068144
10 0.567546 0.330371 0.013181 0.025776
3 0.655827 0.397779 0.015903 0.016528
