10 0.050690 0.123042 0.035093 0.024262
10 0.251649 0.089600 0.103178 0.042197
10 0.072482 0.236967 0.053896 0.028633
10 0.083842 0.203286 0.015580 0.033608
10 0.083833 0.283481 0.007798 0.057462
10 0.314179 0.433791 0.014229 0.028813
10 0.592882 0.431745 0.011300 0.031653
10 0.905109 0.297208 0.036068 0.022529
10 0.917294 0.266014 0.021446 0.019063
9 0.066095 0.351825 0.008182 0.041336
9 0.396260 0.067700 0.014620 0.082957
9 0.423067 0.068453 0.021446 0.088383
9 0.636170 0.221343 0.010507 0.056415
9 0.883176 0.374326 0.015597 0.034660
9 0.403158 0.415242 0.003875 0.011750
9 0.459236 0.424037 0.004101 0.011490
3 0.061520 0.525565 0.123039 0.115357
3 0.118307 0.512064 0.151359 0.084987
3 0.157138 0.498668 0.124388 0.080586
3 0.210071 0.486104 0.088708 0.050257
3 0.252684 0.489338 0.045534 0.030141
3 0.325036 0.511382 0.063237 0.075952
3 0.404345 0.522517 0.079534 0.112685
3 0.564949 0.521201 0.119164 0.136925
3 0.629027 0.506561 0.023947 0.047364
3 0.469878 0.496273 0.037001 0.046333
3 0.445317 0.489921 0.021786 0.035691
3 0.286658 0.481157 0.029549 0.024113
10 0.226643 0.370004 0.006824 0.084896
3 0.514363 0.488864 0.018824 0.037805
10 0.088404 0.123616 0.016954 0.032724
3 0.404369 0.466634 0.029549 0.007750
3 0.439510 0.476381 0.017923 0.018946
