4 0.466388 0.350788 0.016742 0.029764
3 0.442906 0.378063 0.026261 0.036061
3 0.404759 0.375770 0.048947 0.052082
4 0.233597 0.375811 0.091280 0.128536
3 0.050824 0.448583 0.101649 0.227480
3 0.315040 0.402438 0.161301 0.221974
3 0.617238 0.437054 0.320536 0.523320
4 0.865209 0.316371 0.181772 0.130919
3 0.972495 0.323513 0.055010 0.119055
4 0.454133 0.357813 0.020751 0.034849
1 0.173833 0.400791 0.018974 0.086037
1 0.187033 0.399699 0.015394 0.074698
1 0.136984 0.405931 0.021242 0.081940
1 0.139908 0.408784 0.015394 0.086685
1 0.120076 0.404837 0.015576 0.071249
1 0.102226 0.408103 0.017183 0.078240
1 0.091788 0.404078 0.014560 0.085645
1 0.087064 0.410524 0.025980 0.095961
1 0.761635 0.289528 0.025430 0.111139
1 0.782297 0.360167 0.019073 0.216628
1 0.800840 0.335679 0.028609 0.160116
1 0.835012 0.309685 0.038675 0.250866
1 0.856829 0.248813 0.012376 0.057965
1 0.873382 0.342917 0.058197 0.232291
10 0.458391 0.311225 0.007969 0.013256
3 0.306584 0.312348 0.089469 0.042179
9 0.110912 0.271940 0.010142 0.040569
9 0.109554 0.325066 0.009961 0.020606
