5 0.099662 0.606939 0.199324 0.270097
3 0.272966 0.626159 0.044379 0.039448
3 0.361857 0.633391 0.058115 0.095585
3 0.398463 0.617928 0.018901 0.028115
3 0.840300 0.623973 0.078673 0.063255
3 0.932121 0.618870 0.064836 0.042632
3 0.977498 0.614036 0.045004 0.057639
9 0.689148 0.476348 0.006982 0.035482
9 0.084881 0.265602 0.029439 0.045793
10 0.562937 0.491825 0.035836 0.062662
9 0.526753 0.071330 0.095769 0.037024
9 0.575082 0.434812 0.013322 0.047147
9 0.488682 0.398076 0.009813 0.022897
9 0.361974 0.407185 0.008093 0.030212
10 0.695546 0.534114 0.015301 0.021916
9 0.400995 0.566622 0.004349 0.012651
9 0.555100 0.435895 0.010674 0.049198
