3 0.120674 0.537476 0.086916 0.066458
3 0.799698 0.551666 0.211781 0.228312
3 0.198302 0.516189 0.074181 0.079957
3 0.279492 0.512139 0.051985 0.049843
3 0.686559 0.522523 0.081789 0.134992
3 0.639120 0.505524 0.045320 0.084380
3 0.603609 0.488256 0.038551 0.066458
3 0.569645 0.481080 0.029377 0.023031
3 0.327388 0.503944 0.046144 0.047541
3 0.368736 0.498447 0.035185 0.042170
3 0.395421 0.499502 0.025302 0.028816
3 0.431699 0.488608 0.017683 0.025302
3 0.454881 0.486672 0.015023 0.021431
3 0.442279 0.487591 0.015121 0.023268
3 0.534824 0.481659 0.008797 0.013091
3 0.546407 0.478557 0.009232 0.010095
3 0.523194 0.479020 0.008265 0.014694
10 0.480417 0.453306 0.006462 0.007347
9 0.489719 0.453306 0.006199 0.014694
3 0.500115 0.481597 0.032933 0.020560
9 0.545966 0.451637 0.003933 0.006993
10 0.592416 0.434020 0.008265 0.020204
3 0.417837 0.493527 0.025855 0.028113
