10 0.666611 0.564140 0.027686 0.044531
10 0.677818 0.520781 0.021094 0.018750
10 0.660063 0.508779 0.008698 0.013354
10 0.437475 0.594259 0.010048 0.013575
10 0.412368 0.579892 0.006991 0.019785
10 0.237843 0.490562 0.046747 0.062448
10 0.117903 0.462287 0.018539 0.039897
10 0.141971 0.355106 0.028297 0.068850
10 0.327041 0.553583 0.018272 0.032833
10 0.347569 0.582268 0.017139 0.006939
10 0.395112 0.597212 0.022247 0.025263
1 0.544999 0.667265 0.012513 0.053906
1 0.570617 0.667921 0.010408 0.057282
1 0.819541 0.697734 0.019775 0.082031
1 0.598455 0.669170 0.010024 0.057715
1 0.607622 0.670053 0.009903 0.054793
1 0.521476 0.656718 0.011634 0.056250
3 0.382861 0.633174 0.011622 0.019705
3 0.374524 0.637488 0.013335 0.021394
3 0.419766 0.629682 0.011058 0.018503
3 0.423344 0.618407 0.010408 0.012143
3 0.436981 0.625777 0.011756 0.021101
3 0.462142 0.664680 0.006707 0.027670
3 0.460976 0.642075 0.016719 0.021317
3 0.506886 0.653601 0.009274 0.021703
3 0.479136 0.665462 0.033134 0.034832
3 0.436142 0.649669 0.017988 0.029567
3 0.405455 0.633440 0.016262 0.022551
3 0.352661 0.625781 0.014502 0.021094
3 0.362345 0.647904 0.021501 0.023723
5 0.363389 0.603984 0.027686 0.035156
5 0.317989 0.619218 0.052900 0.084375
5 0.282448 0.594064 0.020819 0.040475
3 0.428385 0.633729 0.012685 0.023129
