3 0.083833 0.468737 0.167665 0.296307
3 0.271428 0.463681 0.125419 0.126458
3 0.470509 0.470733 0.146010 0.129786
3 0.772386 0.493521 0.136845 0.155204
3 0.602202 0.474418 0.044818 0.065903
3 0.513116 0.429751 0.026382 0.027663
3 0.537051 0.479449 0.048046 0.087633
3 0.574243 0.472827 0.031068 0.043194
3 0.626591 0.477785 0.011232 0.037716
3 0.681813 0.472793 0.025583 0.036606
3 0.652798 0.465583 0.039934 0.022186
10 0.286793 0.386823 0.027455 0.028841
10 0.260275 0.382941 0.025583 0.034388
10 0.239309 0.383673 0.021510 0.035853
9 0.614308 0.398463 0.002889 0.014437
9 0.595441 0.415427 0.002755 0.012836
4 0.565802 0.434144 0.041647 0.065089
