1 0.165723 0.522054 0.139500 0.530211
1 0.088326 0.431646 0.050472 0.267825
1 0.431755 0.389744 0.018122 0.073734
1 0.021312 0.479909 0.042624 0.410574
12 0.893403 0.448225 0.030168 0.085121
1 0.874212 0.383384 0.023707 0.125076
12 0.852417 0.413973 0.052002 0.069335
1 0.817622 0.416692 0.035942 0.055740
12 0.801777 0.406563 0.063902 0.143973
1 0.704060 0.412613 0.019883 0.129154
1 0.681500 0.378625 0.025236 0.044864
1 0.657411 0.411934 0.022942 0.122356
3 0.300199 0.396451 0.081403 0.102752
3 0.560014 0.414931 0.093021 0.130678
3 0.390723 0.373197 0.006318 0.019869
3 0.443007 0.379577 0.008412 0.019033
3 0.449914 0.380467 0.010703 0.022834
3 0.459012 0.384749 0.017660 0.026639
3 0.381707 0.383845 0.016858 0.042338
3 0.365068 0.389446 0.033010 0.056394
3 0.340982 0.390502 0.038369 0.084193
3 0.257744 0.367346 0.056529 0.095157
3 0.229747 0.384463 0.037462 0.080870
3 0.082973 0.401840 0.123121 0.102302
1 0.059649 0.351027 0.010706 0.013595
3 0.424895 0.389914 0.024350 0.033164
3 0.489435 0.386598 0.049438 0.077482
9 0.424726 0.315296 0.002746 0.009514
10 0.476548 0.327859 0.013093 0.021321
10 0.460404 0.345112 0.006849 0.012062
10 0.503095 0.302756 0.009107 0.016190
10 0.304617 0.299170 0.014129 0.038532
9 0.421417 0.313155 0.004549 0.013795
