3 0.605221 0.584551 0.008710 0.022477
3 0.592437 0.585300 0.023601 0.037961
3 0.587258 0.598282 0.012551 0.023587
3 0.577038 0.597645 0.017212 0.035062
3 0.559539 0.602872 0.034424 0.054186
3 0.546702 0.613646 0.019364 0.050999
3 0.520525 0.616833 0.045899 0.073949
3 0.511237 0.636277 0.027611 0.072036
3 0.666900 0.576353 0.009323 0.022312
3 0.678913 0.584321 0.011833 0.021675
3 0.686264 0.587828 0.017929 0.026137
3 0.691642 0.595477 0.017212 0.031237
3 0.698635 0.597709 0.023308 0.030599
3 0.711056 0.608087 0.023546 0.039298
3 0.733882 0.621756 0.034599 0.049549
3 0.738928 0.629413 0.026430 0.054611
3 0.754931 0.637987 0.038254 0.078595
3 0.653991 0.583365 0.016495 0.022312
3 0.799406 0.652949 0.092884 0.115352
3 0.472073 0.640648 0.073667 0.102453
10 0.346250 0.532367 0.032959 0.070578
10 0.820860 0.519145 0.010572 0.022021
10 0.819541 0.546562 0.011865 0.023437
3 0.035686 0.677812 0.071373 0.135937
3 0.923535 0.717656 0.152930 0.173437
3 0.674072 0.582409 0.010758 0.020400
3 0.664211 0.563284 0.006813 0.012750
3 0.621897 0.559141 0.017571 0.047812
3 0.609435 0.583802 0.007024 0.019980
