9 0.115456 0.243358 0.077822 0.060676
9 0.380166 0.291840 0.065642 0.040547
9 0.594058 0.340299 0.055072 0.042525
9 0.567857 0.551045 0.014463 0.067249
9 0.016340 0.491232 0.019329 0.093839
3 0.220567 0.662593 0.040609 0.062491
3 0.183574 0.662500 0.042278 0.064282
3 0.340065 0.662593 0.047492 0.062491
3 0.347957 0.690533 0.032821 0.074857
3 0.381097 0.691179 0.062386 0.111752
10 0.385042 0.625890 0.011309 0.020731
3 0.271468 0.710464 0.122383 0.150321
3 0.482578 0.749527 0.197482 0.307564
3 0.038384 0.711477 0.076767 0.331546
1 0.584548 0.722240 0.027809 0.156467
1 0.621628 0.743661 0.017995 0.133769
10 0.960242 0.562214 0.035418 0.067040
10 0.959947 0.622588 0.020432 0.023849
1 0.649191 0.727962 0.030049 0.174881
1 0.708283 0.693577 0.041427 0.123174
1 0.758774 0.752110 0.062304 0.257302
1 0.803377 0.772300 0.086381 0.289150
3 0.931080 0.850088 0.137840 0.299825
5 0.931678 0.716927 0.136644 0.127221
10 0.633053 0.654786 0.012238 0.020768
