9 0.499048 0.303831 0.010365 0.038942
9 0.632058 0.224782 0.013930 0.068522
9 0.642977 0.232269 0.008660 0.053549
9 0.620188 0.232403 0.011277 0.048463
9 0.369703 0.443246 0.015595 0.027725
9 0.087965 0.367219 0.018352 0.042022
9 0.973929 0.440593 0.019859 0.034267
9 0.762165 0.471800 0.011154 0.026068
3 0.224592 0.518086 0.117097 0.066936
3 0.901208 0.555337 0.078854 0.068534
3 0.956007 0.580851 0.087986 0.119563
3 0.971194 0.524842 0.057613 0.067220
10 0.949667 0.388916 0.028664 0.017168
10 0.713070 0.236340 0.014018 0.056074
9 0.113520 0.370827 0.022967 0.040162
