9 0.382868 0.489208 0.008495 0.015533
9 0.461529 0.510351 0.003883 0.010355
9 0.464442 0.519843 0.003883 0.007767
9 0.364423 0.489424 0.005582 0.008198
9 0.247803 0.517686 0.005825 0.008630
9 0.409081 0.522001 0.003155 0.008630
10 0.229842 0.502800 0.011650 0.014239
10 0.364908 0.506899 0.005582 0.011218
10 0.389543 0.514234 0.006310 0.009492
10 0.451336 0.489856 0.011164 0.004746
10 0.471966 0.490071 0.003883 0.012944
10 0.101208 0.446967 0.019902 0.039264
10 0.599532 0.513433 0.009125 0.019281
10 0.251929 0.502584 0.005825 0.007767
3 0.023542 0.550615 0.047085 0.043766
3 0.431435 0.534703 0.011646 0.010734
3 0.423821 0.535161 0.009045 0.009924
3 0.459246 0.537398 0.009905 0.014080
3 0.481310 0.545925 0.027911 0.027138
3 0.515442 0.546769 0.034886 0.044876
3 0.693815 0.593726 0.162182 0.140349
3 0.914639 0.595915 0.170723 0.262230
3 0.163802 0.544351 0.036649 0.040559
3 0.195390 0.544156 0.031237 0.030676
3 0.292929 0.531975 0.029643 0.027515
3 0.376558 0.534514 0.021115 0.008630
1 0.326593 0.546140 0.028681 0.138399
