3 0.366571 0.346326 0.019825 0.030288
3 0.455472 0.359323 0.018586 0.036896
3 0.492613 0.366174 0.058545 0.075178
3 0.566800 0.375127 0.065050 0.081502
3 0.331645 0.340968 0.014715 0.026178
3 0.344906 0.359268 0.038373 0.050663
3 0.410092 0.416594 0.117399 0.166858
1 0.821587 0.353841 0.018306 0.062648
1 0.914721 0.443826 0.037070 0.186318
1 0.012390 0.372346 0.024781 0.202488
12 0.030654 0.393808 0.040294 0.115780
10 0.869063 0.111703 0.035023 0.017725
10 0.827922 0.104416 0.035843 0.035696
10 0.636007 0.264180 0.012357 0.043122
10 0.542174 0.299133 0.014559 0.030838
10 0.455458 0.292414 0.013038 0.011014
10 0.297959 0.271984 0.013320 0.030288
9 0.869184 0.244816 0.028375 0.043122
9 0.830512 0.245223 0.014187 0.043935
9 0.096474 0.015708 0.022925 0.031415
3 0.530404 0.356679 0.043676 0.071038
