3 0.923683 0.767001 0.152634 0.233009
3 0.717423 0.720155 0.196184 0.195813
3 0.466125 0.709924 0.102607 0.123598
3 0.515826 0.683688 0.037070 0.056482
3 0.426270 0.686299 0.043004 0.085135
3 0.207460 0.677662 0.042170 0.043375
3 0.161149 0.682950 0.042170 0.054218
3 0.251325 0.672040 0.034263 0.036146
3 0.303660 0.671182 0.016190 0.025059
3 0.317481 0.672159 0.012204 0.018981
3 0.397827 0.666685 0.012049 0.020081
3 0.361519 0.676262 0.031801 0.044590
3 0.338080 0.662474 0.015077 0.026804
3 0.384188 0.670366 0.015645 0.020750
3 0.125032 0.692475 0.043620 0.045154
1 0.912813 0.668816 0.025693 0.074409
9 0.045182 0.449343 0.012049 0.023428
9 0.458258 0.488300 0.012425 0.035476
9 0.313450 0.615144 0.009413 0.017403
9 0.405169 0.612466 0.008660 0.021420
1 0.584048 0.676195 0.010587 0.067530
3 0.600127 0.683678 0.013089 0.079242
9 0.016943 0.613671 0.011295 0.024097
10 0.012049 0.427254 0.006024 0.019412
9 0.333405 0.638906 0.004895 0.010040
9 0.030874 0.613671 0.006024 0.016065
