5 0.672896 0.452553 0.143799 0.124036
5 0.506886 0.460718 0.099436 0.109450
3 0.449201 0.479221 0.015937 0.036296
9 0.345971 0.410926 0.007993 0.013561
9 0.361839 0.423199 0.005529 0.010986
9 0.328176 0.419441 0.005854 0.009252
9 0.322972 0.437366 0.004553 0.006939
9 0.387371 0.413659 0.004553 0.009252
10 0.334845 0.440835 0.006176 0.006939
10 0.162949 0.065568 0.045226 0.079851
10 0.163834 0.336807 0.032937 0.049734
10 0.162926 0.408551 0.032036 0.045146
3 0.312256 0.492093 0.062142 0.096294
3 0.276608 0.471896 0.013730 0.032545
3 0.379403 0.480154 0.024394 0.032380
3 0.344276 0.474661 0.013986 0.019081
3 0.234629 0.477491 0.028077 0.034947
5 0.197022 0.464085 0.035240 0.058580
3 0.036613 0.452349 0.073225 0.089751
3 0.103888 0.455136 0.070479 0.079734
9 0.424327 0.444394 0.008442 0.007117
9 0.399926 0.452978 0.004553 0.008095
10 0.246921 0.334969 0.015439 0.030438
9 0.372898 0.427247 0.004879 0.007517
