10 0.540887 0.273331 0.040680 0.021788
10 0.092607 0.331868 0.013647 0.012131
10 0.755963 0.253017 0.026320 0.024262
9 0.498776 0.274821 0.011046 0.043042
9 0.761772 0.298356 0.032456 0.036062
3 0.530613 0.426536 0.038443 0.065413
3 0.679279 0.489486 0.123063 0.156270
3 0.490432 0.432626 0.040734 0.084427
3 0.437532 0.450798 0.069872 0.113937
3 0.178226 0.518428 0.286265 0.349538
3 0.847248 0.515809 0.305505 0.327820
3 0.387901 0.430916 0.011843 0.015062
3 0.359840 0.436036 0.013442 0.019679
3 0.343385 0.439066 0.029749 0.029956
