9 0.434312 0.323432 0.002860 0.010872
9 0.502533 0.322785 0.004213 0.007730
10 0.584350 0.310999 0.010608 0.009116
10 0.416814 0.324929 0.007488 0.004622
3 0.159063 0.355278 0.079757 0.026753
3 0.089088 0.366047 0.075844 0.065412
3 0.033558 0.374080 0.067116 0.080407
8 0.047807 0.432862 0.035420 0.063137
3 0.413876 0.373511 0.040415 0.035394
3 0.407548 0.375155 0.033037 0.036543
3 0.389703 0.378274 0.058496 0.050272
3 0.379466 0.384506 0.046837 0.046683
3 0.362972 0.384603 0.052372 0.057580
3 0.306087 0.374273 0.099320 0.047620
3 0.330969 0.384095 0.087688 0.076894
3 0.270954 0.397863 0.095547 0.084306
3 0.206359 0.408892 0.204612 0.111056
3 0.494965 0.365445 0.006360 0.013912
3 0.486275 0.373023 0.016668 0.021578
3 0.485249 0.349425 0.006240 0.008874
3 0.616979 0.387752 0.019121 0.064032
3 0.663670 0.391310 0.112501 0.150200
3 0.556798 0.398189 0.108356 0.168701
3 0.902635 0.497219 0.194730 0.273637
3 0.306839 0.395140 0.102631 0.076513
3 0.407514 0.359826 0.037320 0.020867
3 0.440018 0.369725 0.028291 0.029963
3 0.465751 0.361699 0.027388 0.032103
