10 0.877410 0.321668 0.036548 0.092428
1 0.947932 0.594377 0.022135 0.125373
1 0.919294 0.563058 0.020729 0.074536
1 0.848430 0.579454 0.017787 0.099606
1 0.829479 0.574361 0.019015 0.097144
1 0.808512 0.584197 0.014988 0.085377
1 0.789028 0.576414 0.017985 0.087039
1 0.770017 0.590625 0.018037 0.097697
1 0.218503 0.596381 0.013873 0.078759
1 0.226938 0.592528 0.008993 0.071053
1 0.238016 0.597644 0.013163 0.067419
1 0.257974 0.589656 0.010920 0.067944
1 0.410617 0.575399 0.008652 0.030197
1 0.397251 0.573155 0.005901 0.028148
1 0.388660 0.575339 0.006704 0.024751
1 0.372593 0.576059 0.008993 0.044408
1 0.302270 0.577862 0.010230 0.044356
1 0.312143 0.575803 0.007993 0.051001
1 0.312270 0.580283 0.008248 0.050170
1 0.325453 0.577372 0.008635 0.055994
1 0.334364 0.580201 0.010469 0.053888
1 0.343456 0.580656 0.007716 0.048004
1 0.363510 0.575608 0.008412 0.048479
1 0.380051 0.576705 0.004469 0.027484
1 0.348919 0.579768 0.009204 0.046227
3 0.104804 0.592309 0.209608 0.221389
5 0.457530 0.566547 0.047502 0.081906
4 0.533420 0.551073 0.023477 0.058723
5 0.690234 0.554010 0.106162 0.170927
3 0.519559 0.561160 0.008612 0.021628
3 0.508578 0.563934 0.013103 0.021354
3 0.493564 0.572670 0.019109 0.029119
3 0.614311 0.612179 0.127620 0.210906
1 0.250058 0.584317 0.008190 0.062120
3 0.550072 0.568059 0.011466 0.024751
