3 0.611191 0.446250 0.020039 0.031875
3 0.592207 0.448125 0.011602 0.028125
3 0.541739 0.456747 0.025303 0.023068
3 0.574853 0.450937 0.031738 0.030000
3 0.184570 0.494013 0.109687 0.097599
3 0.072178 0.513774 0.144356 0.155576
3 0.017679 0.379087 0.035359 0.139950
3 0.791015 0.437812 0.022148 0.041250
3 0.804635 0.465962 0.030768 0.059951
3 0.885410 0.474375 0.046406 0.076875
3 0.929557 0.480746 0.084675 0.094133
3 0.763066 0.470625 0.056953 0.103125
3 0.977324 0.518006 0.045352 0.101250
3 0.680273 0.543750 0.174023 0.271875
10 0.514910 0.357803 0.025759 0.013345
10 0.460371 0.396562 0.013711 0.007500
9 0.451933 0.408129 0.011602 0.011884
9 0.553969 0.354630 0.004735 0.017384
9 0.612773 0.377812 0.006328 0.026250
10 0.506250 0.393750 0.010547 0.009375
10 0.598508 0.328968 0.018166 0.048939
10 0.629121 0.384375 0.011602 0.035625
10 0.690293 0.403125 0.007383 0.016875
10 0.807418 0.364475 0.027249 0.011534
9 0.773668 0.355312 0.005164 0.022500
9 0.700840 0.390937 0.007383 0.022500
10 0.841113 0.405000 0.012656 0.009375
3 0.562176 0.451557 0.010381 0.021915
3 0.833694 0.473472 0.064230 0.084198
