9 0.295258 0.413774 0.010586 0.024197
9 0.399357 0.428562 0.010082 0.019716
10 0.241235 0.480492 0.010959 0.008942
3 0.206504 0.539531 0.048779 0.075000
3 0.164976 0.555104 0.044824 0.067290
3 0.118174 0.557109 0.064600 0.086719
3 0.450640 0.540123 0.032481 0.043373
3 0.485350 0.544218 0.047435 0.075000
3 0.508408 0.557047 0.056689 0.086594
3 0.549937 0.570000 0.076465 0.103125
3 0.613218 0.596953 0.118652 0.152344
3 0.756260 0.613359 0.264990 0.288281
3 0.381187 0.523311 0.026367 0.051191
3 0.048211 0.545390 0.096421 0.138281
3 0.918418 0.708281 0.162158 0.281250
10 0.690436 0.378224 0.016951 0.024260
