10 0.391543 0.215605 0.028734 0.089659
10 0.820063 0.348178 0.022212 0.040677
10 0.778146 0.282852 0.017197 0.050316
10 0.685177 0.346034 0.019704 0.035030
10 0.587192 0.322150 0.030094 0.035667
10 0.532879 0.358581 0.005016 0.008917
10 0.524639 0.360173 0.005016 0.012101
10 0.549690 0.342976 0.012126 0.024840
10 0.464039 0.354702 0.008414 0.016828
10 0.458730 0.342352 0.012940 0.020549
3 0.451277 0.374535 0.018793 0.022838
3 0.423819 0.374921 0.012346 0.007435
3 0.404373 0.372136 0.022026 0.029258
3 0.379921 0.371099 0.024775 0.027183
3 0.057847 0.374857 0.065210 0.048535
3 0.647917 0.381064 0.046216 0.069423
3 0.819860 0.389192 0.050468 0.034982
3 0.500278 0.379917 0.007165 0.019744
3 0.261974 0.373500 0.036643 0.028994
3 0.217011 0.389383 0.053283 0.043419
3 0.121479 0.376392 0.066261 0.046745
3 0.318170 0.372367 0.036791 0.034955
3 0.478688 0.387580 0.043438 0.058527
3 0.730434 0.421268 0.139849 0.151454
10 0.592924 0.377561 0.004299 0.010191
10 0.579440 0.377242 0.004040 0.009554
3 0.348100 0.372754 0.032218 0.012009
