10 0.135132 0.450586 0.027686 0.046875
10 0.133584 0.486457 0.016589 0.015494
10 0.131806 0.506493 0.009085 0.021768
10 0.302651 0.510816 0.006766 0.017335
10 0.470426 0.457409 0.019749 0.011235
10 0.472843 0.512883 0.007015 0.016853
10 0.497680 0.482337 0.009229 0.025981
10 0.505580 0.492519 0.004740 0.015448
3 0.962135 0.453950 0.072991 0.034854
3 0.887593 0.479882 0.089632 0.053906
3 0.732678 0.495117 0.059326 0.023437
3 0.361044 0.548114 0.010082 0.012547
3 0.402886 0.565142 0.076625 0.116506
9 0.370021 0.497715 0.003160 0.011235
9 0.383253 0.503754 0.002765 0.007022
10 0.390165 0.503403 0.007900 0.004915
