10 0.322448 0.076701 0.031791 0.051903
10 0.931945 0.245767 0.020283 0.111971
9 0.716653 0.281767 0.007026 0.029773
1 0.268306 0.355649 0.028104 0.094352
9 0.504881 0.267133 0.006463 0.021133
9 0.495558 0.265565 0.007086 0.022989
9 0.631190 0.304199 0.005849 0.019180
9 0.625341 0.304919 0.006537 0.021409
1 0.066735 0.307323 0.038097 0.063555
1 0.533194 0.378423 0.005900 0.018592
1 0.545143 0.395811 0.013197 0.050612
9 0.711164 0.348568 0.009222 0.013271
10 0.732462 0.304461 0.007026 0.009368
3 0.765712 0.377792 0.063363 0.027728
3 0.622933 0.386272 0.028558 0.029972
3 0.642719 0.410631 0.024036 0.054647
3 0.663357 0.416785 0.041917 0.060655
3 0.696013 0.428124 0.066287 0.086799
3 0.754014 0.447112 0.100405 0.110911
3 0.873963 0.493903 0.219236 0.187163
3 0.572771 0.400341 0.040111 0.066672
3 0.517104 0.387309 0.042881 0.079511
3 0.520851 0.405520 0.029852 0.065854
3 0.379773 0.558023 0.340330 0.495636
3 0.984397 0.571511 0.029563 0.141869
3 0.601084 0.407160 0.059179 0.093768
1 0.539697 0.381571 0.005994 0.028690
9 0.651834 0.359358 0.007914 0.009175
3 0.499772 0.333086 0.051969 0.036149
3 0.554965 0.381694 0.006828 0.009441
