9 0.287729 0.596490 0.008337 0.014821
9 0.376376 0.612772 0.006669 0.011813
10 0.215780 0.615520 0.007505 0.008380
10 0.404165 0.662690 0.006669 0.014821
9 0.431954 0.662690 0.006669 0.012845
10 0.430009 0.635025 0.006114 0.008893
3 0.480538 0.701767 0.044925 0.041402
3 0.452860 0.704796 0.021548 0.035796
3 0.443632 0.696995 0.033333 0.047860
3 0.419167 0.700995 0.015597 0.032927
3 0.395231 0.696736 0.022314 0.027581
3 0.354899 0.684993 0.019358 0.032116
3 0.039967 0.693943 0.076035 0.119336
3 0.110641 0.704809 0.061413 0.091153
3 0.178390 0.699351 0.072136 0.060477
3 0.257716 0.692332 0.035014 0.042486
3 0.011671 0.717819 0.023343 0.063285
3 0.235207 0.685416 0.013339 0.024701
3 0.340806 0.662196 0.016673 0.013833
3 0.368595 0.668125 0.008893 0.013833
