10 0.279770 0.420250 0.017547 0.012131
10 0.246626 0.389057 0.013647 0.008665
10 0.596582 0.470507 0.017547 0.025995
10 0.432815 0.459243 0.023395 0.017330
10 0.444512 0.433248 0.021446 0.013864
10 0.459134 0.445379 0.009748 0.010398
9 0.311451 0.418518 0.004874 0.019063
9 0.342158 0.460109 0.003899 0.015597
9 0.416243 0.428049 0.005849 0.024262
9 0.425016 0.433248 0.005849 0.024262
9 0.401133 0.463575 0.004874 0.015597
1 0.636550 0.551091 0.013647 0.055456
1 0.598045 0.544159 0.010723 0.048524
1 0.619978 0.548492 0.011698 0.046791
1 0.581960 0.542426 0.013647 0.055456
1 0.566363 0.542426 0.009748 0.045058
3 0.275871 0.558023 0.140372 0.169833
3 0.105767 0.509500 0.153045 0.162901
3 0.502026 0.544159 0.077985 0.097048
3 0.854906 0.692330 0.286594 0.459243
3 0.449386 0.529429 0.033143 0.046791
3 0.434277 0.512966 0.024370 0.034660
3 0.392848 0.508633 0.031194 0.043325
3 0.346057 0.505167 0.031194 0.046791
3 0.367503 0.504301 0.011698 0.027728
3 0.248089 0.482638 0.063363 0.071053
3 0.187651 0.489570 0.041917 0.053723
