10 0.170591 0.393389 0.060438 0.013864
10 0.462546 0.242619 0.102355 0.038126
10 0.560515 0.324069 0.035093 0.072786
10 0.583422 0.263415 0.038018 0.020796
10 0.557590 0.401188 0.040942 0.071053
10 0.602919 0.382991 0.016572 0.031194
10 0.604868 0.422850 0.010723 0.038126
9 0.224206 0.375193 0.007798 0.039859
9 0.330460 0.272080 0.013647 0.058922
9 0.594633 0.421983 0.007798 0.036393
9 0.591221 0.514699 0.012673 0.017330
9 0.346057 0.275546 0.013647 0.051990
9 0.318275 0.272946 0.010723 0.053723
9 0.585372 0.407253 0.020471 0.041592
9 0.233466 0.374326 0.006824 0.034660
9 0.214945 0.376059 0.010723 0.038126
10 0.130624 0.398588 0.009748 0.027728
1 0.542481 0.581419 0.012673 0.046791
3 0.086270 0.623877 0.172541 0.280745
3 0.886100 0.779846 0.226155 0.436714
3 0.402108 0.603081 0.129649 0.180231
3 0.158406 0.545026 0.143297 0.195828
5 0.266610 0.519031 0.104304 0.188896
5 0.408932 0.474840 0.078959 0.103980
3 0.334846 0.573620 0.026320 0.045058
3 0.753039 0.554557 0.162793 0.100514
3 0.839226 0.574487 0.095698 0.067587
3 0.941177 0.568421 0.096506 0.076252
