9 0.427676 0.144375 0.011602 0.067500
9 0.647578 0.225000 0.010547 0.048750
9 0.273164 0.337500 0.021094 0.026250
9 0.436113 0.147187 0.011602 0.054375
10 0.288457 0.334687 0.013711 0.050625
10 0.276855 0.290625 0.024258 0.026250
10 0.580605 0.377812 0.013711 0.020625
10 0.412910 0.342187 0.011602 0.016875
10 0.810527 0.331875 0.026367 0.022500
4 0.565840 0.467812 0.058008 0.088125
3 0.649160 0.521250 0.136055 0.187500
3 0.355430 0.432187 0.016875 0.020625
3 0.420820 0.458437 0.229922 0.133125
4 0.471445 0.385312 0.061172 0.035625
1 0.118652 0.478125 0.036914 0.105000
1 0.080156 0.455625 0.054844 0.202500
1 0.032168 0.453750 0.058008 0.202500
3 0.116016 0.440625 0.232031 0.183750
3 0.441914 0.673125 0.367031 0.543750
3 0.835840 0.675000 0.325898 0.641250
