10 0.506557 0.484777 0.023090 0.015843
10 0.314786 0.496691 0.019597 0.009188
9 0.336832 0.498629 0.004899 0.021774
9 0.473397 0.488831 0.006124 0.023952
9 0.471560 0.518226 0.004899 0.017419
9 0.402359 0.529113 0.003674 0.017419
9 0.513203 0.543266 0.009798 0.019597
3 0.445839 0.555242 0.007349 0.021774
3 0.458087 0.560686 0.012248 0.015242
3 0.490545 0.566129 0.015922 0.021774
3 0.472833 0.567930 0.022142 0.038441
9 0.476459 0.535645 0.004899 0.017419
3 0.408483 0.570484 0.018372 0.026129
3 0.371739 0.575927 0.025721 0.037016
3 0.335608 0.586815 0.051442 0.067500
3 0.430529 0.562863 0.030620 0.063145
3 0.508917 0.572661 0.011023 0.039194
3 0.519327 0.570484 0.017147 0.056613
3 0.544025 0.585962 0.026542 0.074505
3 0.576893 0.584637 0.063690 0.124113
3 0.627110 0.607500 0.100433 0.143710
3 0.707334 0.629274 0.177596 0.222097
3 0.226600 0.587903 0.068589 0.078387
5 0.160461 0.563549 0.068589 0.118386
3 0.082680 0.632540 0.165361 0.250403
10 0.249063 0.517298 0.016572 0.008665
9 0.286594 0.542426 0.009748 0.013864
3 0.527856 0.585004 0.018354 0.047226
