3 0.122338 0.627343 0.043866 0.041592
3 0.175465 0.623011 0.050690 0.050257
3 0.213862 0.614373 0.031953 0.043380
3 0.368721 0.600482 0.015597 0.020796
3 0.388705 0.597882 0.028269 0.032927
3 0.410638 0.598749 0.021446 0.031194
3 0.431596 0.595283 0.020471 0.041592
3 0.482286 0.642940 0.112103 0.154236
9 0.258100 0.509831 0.014662 0.026658
9 0.711366 0.488704 0.010723 0.025995
10 0.197155 0.578819 0.005849 0.019063
3 0.913887 0.604814 0.156934 0.100514
9 0.994791 0.305873 0.006824 0.039859
9 0.931635 0.457863 0.025950 0.029137
3 0.343595 0.597601 0.025124 0.029777
