3 0.941614 0.602695 0.110204 0.206633
3 0.102264 0.653375 0.204528 0.237245
3 0.588186 0.619133 0.016358 0.019898
3 0.576563 0.611480 0.010332 0.016837
3 0.564509 0.611480 0.018941 0.022959
3 0.553747 0.622194 0.024968 0.032143
3 0.536528 0.622959 0.016358 0.030612
3 0.493250 0.610408 0.026690 0.021429
3 0.416623 0.630306 0.059407 0.067347
3 0.337845 0.631072 0.089541 0.099490
3 0.244860 0.654796 0.101594 0.116327
3 0.622194 0.637347 0.037309 0.077755
3 0.643144 0.649439 0.060268 0.096429
3 0.884743 0.665918 0.070620 0.074285
3 0.514429 0.624184 0.033578 0.039796
3 0.748441 0.660153 0.214037 0.237245
