10 0.880071 0.256286 0.029038 0.067265
10 0.470320 0.380127 0.011439 0.020336
10 0.278056 0.361356 0.021118 0.014079
9 0.308854 0.341802 0.010559 0.023465
9 0.324252 0.377781 0.007919 0.020336
3 0.300348 0.414021 0.029917 0.062572
3 0.283629 0.419496 0.045756 0.095423
3 0.464894 0.420278 0.012319 0.021900
3 0.384380 0.511269 0.210302 0.295655
3 0.600930 0.440927 0.028627 0.076547
3 0.543940 0.445964 0.115270 0.169717
3 0.679742 0.458082 0.108231 0.104809
3 0.782400 0.473725 0.078313 0.129838
3 0.874214 0.507097 0.249019 0.755562
3 0.187898 0.450782 0.214945 0.245597
1 0.029829 0.431750 0.020238 0.096987
1 0.057107 0.488065 0.051916 0.344148
1 0.120408 0.477115 0.065399 0.273233
1 0.125829 0.479983 0.052795 0.283140
1 0.478972 0.409849 0.012319 0.046929
1 0.635482 0.428465 0.010559 0.042236
1 0.627034 0.435452 0.016895 0.065805
1 0.667863 0.408807 0.014079 0.028158
1 0.677102 0.411935 0.011439 0.021900
1 0.706286 0.462775 0.022878 0.111066
1 0.808358 0.408807 0.010559 0.021900
1 0.795159 0.408807 0.008799 0.021900
1 0.782400 0.415064 0.016719 0.034415
1 0.767881 0.423667 0.015839 0.042236
1 0.497891 0.423667 0.011439 0.039108
1 0.003638 0.421971 0.007276 0.062524
