3 0.951721 0.619830 0.095244 0.176949
3 0.954295 0.506695 0.088379 0.083898
3 0.882219 0.514322 0.055773 0.044237
3 0.542717 0.454830 0.014587 0.044237
3 0.559020 0.451017 0.019735 0.076271
3 0.422733 0.432712 0.015445 0.045763
3 0.406430 0.444152 0.018877 0.044237
3 0.393988 0.454830 0.023167 0.047288
3 0.352659 0.458835 0.065212 0.087076
3 0.601923 0.455720 0.064354 0.099153
9 0.084303 0.256271 0.017161 0.047288
9 0.439322 0.349703 0.005148 0.015254
9 0.452622 0.373347 0.007722 0.016780
9 0.457341 0.403856 0.006864 0.013729
9 0.493379 0.372585 0.006864 0.015254
9 0.471070 0.406907 0.005148 0.013729
9 0.361025 0.139576 0.012871 0.042712
9 0.640320 0.027458 0.018877 0.047288
10 0.111118 0.118983 0.018019 0.048814
10 0.102537 0.163220 0.057489 0.033559
10 0.688371 0.249025 0.012013 0.015254
10 0.692232 0.284873 0.014587 0.019831
10 0.696952 0.310805 0.036038 0.022881
10 0.587979 0.377161 0.015445 0.036610
10 0.327561 0.351991 0.009439 0.016780
10 0.270500 0.282585 0.024025 0.030508
9 0.712611 0.362797 0.014587 0.028983
9 0.485943 0.414915 0.008581 0.015254
9 0.515545 0.419491 0.006006 0.015254
