10 0.481488 0.515810 0.019009 0.032016
10 0.425960 0.554052 0.012006 0.023123
10 0.358927 0.515810 0.014007 0.014229
10 0.325411 0.509585 0.017008 0.012451
10 0.319408 0.526482 0.027013 0.032016
10 0.354925 0.532708 0.026013 0.026680
10 0.257877 0.524704 0.012006 0.021344
3 0.404303 0.583001 0.022717 0.038334
3 0.415721 0.602047 0.016008 0.049802
3 0.453124 0.612925 0.071035 0.110277
3 0.372026 0.586515 0.014007 0.016008
3 0.347071 0.577352 0.031015 0.039130
3 0.283540 0.574684 0.090044 0.072925
3 0.034417 0.595139 0.068034 0.078261
5 0.347784 0.561683 0.063234 0.032231
