1 0.884015 0.465928 0.077720 0.327303
1 0.686408 0.430793 0.027454 0.126231
1 0.620236 0.442947 0.012292 0.092266
1 0.637309 0.434449 0.016389 0.080126
1 0.653698 0.430807 0.013658 0.082554
1 0.668039 0.424737 0.012292 0.104407
1 0.545801 0.433721 0.016389 0.059246
1 0.560668 0.428509 0.014189 0.075677
1 0.033632 0.402884 0.013658 0.036421
1 0.050705 0.415025 0.023218 0.055845
1 0.081025 0.438036 0.023764 0.101868
10 0.500933 0.379818 0.014063 0.029137
9 0.244646 0.366464 0.015024 0.021853
9 0.589883 0.337801 0.015637 0.035472
9 0.528729 0.384674 0.012292 0.024281
9 0.369615 0.286684 0.013658 0.016996
9 0.469317 0.301253 0.010926 0.021853
3 0.450306 0.417825 0.022072 0.030819
3 0.470464 0.424905 0.030406 0.040841
3 0.040717 0.480582 0.081435 0.162680
10 0.592921 0.275411 0.028681 0.019424
10 0.666673 0.349467 0.015024 0.012140
9 0.378493 0.275411 0.009560 0.019424
9 0.476146 0.285124 0.008195 0.019424
1 0.524632 0.423523 0.015024 0.053417
1 0.507733 0.424086 0.011274 0.049687
