10 0.234929 0.064467 0.037043 0.027728
10 0.216407 0.110392 0.031194 0.019063
10 0.368477 0.271560 0.023395 0.032927
10 0.924118 0.205706 0.035093 0.025995
10 0.633138 0.292356 0.014622 0.036393
10 0.565389 0.323550 0.009748 0.022529
10 0.924118 0.130321 0.017547 0.062388
9 0.212996 0.225636 0.018521 0.031194
9 0.239803 0.231701 0.007798 0.025995
10 0.219332 0.268960 0.015597 0.006932
9 0.458647 0.300154 0.006824 0.020796
9 0.533220 0.314018 0.005849 0.020796
9 0.836385 0.040032 0.017547 0.080064
9 0.805679 0.046271 0.022421 0.084917
9 0.939715 0.334814 0.011698 0.031194
9 0.927042 0.331348 0.011698 0.024262
1 0.191550 0.365141 0.028269 0.129974
1 0.157431 0.363408 0.024370 0.126508
1 0.124288 0.359076 0.020471 0.135173
10 0.133549 0.278492 0.013647 0.046791
1 0.027295 0.327882 0.027295 0.121309
1 0.058001 0.329615 0.028269 0.124775
3 0.361654 0.468254 0.267097 0.332734
3 0.260761 0.372073 0.041917 0.067587
3 0.776434 0.473453 0.334359 0.419384
3 0.583910 0.419731 0.111128 0.152503
3 0.496665 0.405867 0.038018 0.055456
3 0.525421 0.395469 0.029244 0.041592
3 0.967984 0.456990 0.060438 0.105712
