3 0.050882 0.511241 0.016142 0.024954
3 0.262834 0.511241 0.014738 0.029945
3 0.317225 0.525589 0.019651 0.026201
3 0.279999 0.509458 0.032530 0.040210
3 0.220759 0.513099 0.016213 0.021393
3 0.091705 0.509265 0.014037 0.016220
3 0.067843 0.512384 0.011229 0.014972
1 0.029126 0.590157 0.047022 0.280314
3 0.004211 0.528708 0.008422 0.046164
10 0.216443 0.186530 0.014037 0.018715
10 0.337340 0.442558 0.012999 0.029201
10 0.877913 0.359334 0.024564 0.054898
9 0.216513 0.235605 0.014738 0.063632
9 0.754637 0.273244 0.024564 0.041174
9 0.695333 0.235189 0.028073 0.087338
9 0.679191 0.346234 0.022458 0.042421
10 0.731770 0.340827 0.014037 0.058641
10 0.706153 0.343322 0.006316 0.028697
10 0.778792 0.298406 0.011229 0.066128
1 0.988053 0.497295 0.023160 0.232070
