10 0.480985 0.386013 0.014692 0.022854
10 0.896442 0.360711 0.022037 0.034281
3 0.617268 0.503597 0.011937 0.017956
3 0.602117 0.505230 0.016528 0.027751
3 0.587425 0.521554 0.022037 0.047340
3 0.564470 0.525635 0.027547 0.078356
3 0.505594 0.519105 0.088368 0.127328
3 0.457496 0.550121 0.145998 0.179565
3 0.247463 0.636638 0.332399 0.401572
3 0.043157 0.682346 0.083559 0.329746
3 0.635247 0.491229 0.014692 0.016324
3 0.660424 0.501802 0.015610 0.026119
3 0.675116 0.505883 0.026629 0.044075
3 0.701286 0.512412 0.033056 0.073458
3 0.731587 0.518942 0.056930 0.079988
3 0.745361 0.534450 0.055094 0.078356
3 0.793339 0.550664 0.081786 0.106106
3 0.915955 0.591811 0.165281 0.282406
