10 0.113806 0.055954 0.227613 0.104803
10 0.477907 0.063947 0.316739 0.127895
10 0.934031 0.119901 0.101916 0.140329
10 0.938528 0.278882 0.104914 0.177632
10 0.632779 0.515132 0.022981 0.017763
10 0.660756 0.577303 0.020983 0.031974
10 0.617792 0.468059 0.024979 0.023092
10 0.220119 0.532007 0.012989 0.012434
10 0.155172 0.516020 0.018984 0.015987
10 0.086729 0.522237 0.035970 0.042632
10 0.043764 0.481382 0.015987 0.014211
9 0.047761 0.452072 0.011990 0.037303
9 0.024280 0.548882 0.016986 0.017763
9 0.227113 0.473388 0.008993 0.026645
9 0.145680 0.566645 0.011990 0.017763
9 0.463419 0.493816 0.005995 0.028421
9 0.565834 0.508914 0.010991 0.030197
9 0.573828 0.579079 0.016986 0.021316
10 0.565335 0.532895 0.017985 0.010658
9 0.396973 0.564868 0.006994 0.014211
3 0.431944 0.600395 0.016986 0.014211
3 0.464418 0.599507 0.015987 0.023092
3 0.482903 0.603947 0.028976 0.035526
3 0.495392 0.629704 0.033972 0.065724
3 0.537358 0.640362 0.085929 0.179408
3 0.621788 0.706974 0.168861 0.238026
3 0.397972 0.598618 0.046961 0.014211
3 0.423451 0.619934 0.085929 0.031974
3 0.296556 0.617270 0.031974 0.019539
3 0.330528 0.610164 0.029975 0.026645
1 0.366498 0.605724 0.011990 0.031974
1 0.328530 0.609276 0.019984 0.028421
1 0.260586 0.615493 0.013988 0.055066
1 0.095222 0.616382 0.010991 0.060395
3 0.198637 0.632368 0.103914 0.124342
3 0.044763 0.621711 0.087928 0.071053
3 0.813630 0.776250 0.370695 0.444079
3 0.340020 0.809112 0.412660 0.378355
