3 0.293354 0.459915 0.066456 0.092827
3 0.435475 0.464135 0.040823 0.043882
3 0.545126 0.464979 0.034177 0.032067
3 0.514671 0.479291 0.038126 0.054077
3 0.061709 0.516094 0.123418 0.278481
10 0.161867 0.296484 0.029430 0.054008
10 0.402247 0.394261 0.016139 0.020253
10 0.334367 0.381603 0.028481 0.018565
10 0.303038 0.371477 0.020886 0.021941
10 0.325348 0.395105 0.012342 0.015190
10 0.381835 0.289620 0.024684 0.057384
10 0.381835 0.330126 0.026582 0.020253
3 0.655538 0.479606 0.021835 0.021941
3 0.722943 0.474543 0.031329 0.025316
10 0.504862 0.411025 0.011482 0.023135
