9 0.434302 0.329901 0.026151 0.019669
9 0.632947 0.300397 0.037214 0.025033
9 0.175310 0.411258 0.013075 0.014305
9 0.093841 0.393377 0.021122 0.025033
9 0.036510 0.207417 0.017099 0.060795
9 0.760682 0.037550 0.031180 0.075099
10 0.865788 0.397848 0.040232 0.026821
10 0.859250 0.360298 0.035203 0.030397
3 0.914569 0.523013 0.135782 0.076887
3 0.410666 0.552517 0.111643 0.075099
3 0.242195 0.554305 0.134776 0.100132
3 0.117477 0.574868 0.106614 0.055430
9 0.220571 0.487252 0.011064 0.019669
10 0.212524 0.500662 0.021122 0.021457
10 0.009858 0.469371 0.014079 0.037550
10 0.006839 0.438079 0.012070 0.017881
9 0.991009 0.438079 0.015087 0.032185
10 0.821030 0.439868 0.025145 0.014305
