9 0.362580 0.404786 0.007018 0.009982
9 0.417323 0.404162 0.005615 0.011229
9 0.393461 0.442841 0.007018 0.008734
10 0.896820 0.244636 0.034389 0.046164
3 0.278010 0.478311 0.030178 0.053651
3 0.254148 0.480182 0.035793 0.064880
3 0.214131 0.485340 0.058225 0.085177
3 0.165368 0.501393 0.084219 0.097320
3 0.085642 0.515625 0.098311 0.118299
3 0.030398 0.515117 0.060796 0.144732
3 0.476013 0.457278 0.010527 0.016220
3 0.481628 0.462269 0.009826 0.031192
3 0.490049 0.464764 0.022458 0.031192
3 0.506191 0.465388 0.025266 0.027449
3 0.419516 0.471003 0.011931 0.013725
3 0.399163 0.471003 0.013335 0.014972
3 0.381968 0.471003 0.021055 0.024954
3 0.458818 0.466012 0.032986 0.052403
9 0.312436 0.441682 0.009124 0.014972
