3 0.067105 0.480979 0.056485 0.110121
3 0.028608 0.469423 0.057216 0.108761
3 0.310352 0.437540 0.037472 0.040327
3 0.355471 0.430514 0.019118 0.027190
3 0.332912 0.447508 0.039766 0.055740
3 0.386825 0.427795 0.034413 0.043505
4 0.423659 0.408535 0.013765 0.020393
4 0.188974 0.414123 0.194919 0.252437
4 0.495981 0.411739 0.007647 0.013595
4 0.484127 0.419896 0.011471 0.016314
3 0.466345 0.418009 0.015295 0.021752
3 0.456696 0.423489 0.012236 0.023112
3 0.444460 0.431646 0.022942 0.039426
3 0.423277 0.442523 0.035177 0.042145
3 0.375835 0.464955 0.058062 0.070695
3 0.255873 0.519908 0.161980 0.169725
3 0.866993 0.299390 0.192141 0.161016
3 0.022066 0.510221 0.043589 0.124361
3 0.567672 0.389335 0.025236 0.021752
10 0.584113 0.370302 0.019883 0.038066
10 0.486422 0.349687 0.016059 0.014955
10 0.428302 0.356631 0.052766 0.039719
10 0.440920 0.329974 0.021412 0.008157
10 0.526952 0.381636 0.009941 0.010876
10 0.513570 0.374838 0.012236 0.013595
