9 0.297124 0.410189 0.004799 0.017062
3 0.156766 0.507227 0.021594 0.040521
4 0.135772 0.500829 0.034790 0.053317
3 0.052997 0.521090 0.039588 0.042654
3 0.007004 0.532820 0.014008 0.044787
3 0.295325 0.495497 0.013196 0.021327
3 0.316319 0.513625 0.043187 0.070379
3 0.383499 0.484834 0.009597 0.012796
3 0.396695 0.494431 0.016795 0.027725
3 0.424286 0.508293 0.038389 0.068246
3 0.462075 0.518957 0.070779 0.106635
3 0.525773 0.525866 0.118531 0.128984
3 0.743281 0.548815 0.266100 0.260189
3 0.942475 0.630629 0.115050 0.297034
3 0.358906 0.521090 0.053984 0.072512
4 0.227398 0.473104 0.126869 0.240995
