3 0.951383 0.746647 0.090095 0.210508
3 0.049572 0.652800 0.095244 0.282135
3 0.147224 0.597851 0.107587 0.099017
3 0.324148 0.586478 0.112405 0.137288
3 0.666939 0.549105 0.042903 0.053390
3 0.258936 0.573512 0.033464 0.056441
3 0.398370 0.571223 0.049767 0.073220
3 0.433121 0.559020 0.043761 0.070169
3 0.456717 0.555206 0.015445 0.041186
3 0.469588 0.552918 0.018877 0.036610
3 0.480742 0.551393 0.010297 0.024407
3 0.491039 0.546817 0.013729 0.024407
5 0.334874 0.507918 0.116695 0.099153
5 0.418534 0.516308 0.052341 0.045763
5 0.529651 0.532325 0.013729 0.025932
3 0.642914 0.551393 0.012013 0.039661
3 0.629614 0.551393 0.014587 0.039661
3 0.604302 0.546817 0.015445 0.018305
3 0.593147 0.547579 0.008581 0.016780
3 0.572983 0.542240 0.014587 0.018305
3 0.542093 0.542240 0.007722 0.009153
