9 0.440513 0.027422 0.010547 0.039844
9 0.198594 0.224297 0.011865 0.030469
9 0.651450 0.231328 0.013184 0.030469
9 0.715391 0.098906 0.030322 0.056250
10 0.225621 0.228984 0.013184 0.021094
10 0.230894 0.193828 0.021094 0.053906
10 0.213096 0.112969 0.032959 0.028125
10 0.685728 0.096562 0.026367 0.042187
10 0.636289 0.122344 0.027686 0.032812
2 0.240123 0.329765 0.039551 0.147656
2 0.178160 0.373125 0.052734 0.225000
8 0.246714 0.377812 0.039551 0.126562
8 0.181456 0.421172 0.056689 0.180469
3 0.402940 0.374297 0.246533 0.396093
1 0.824155 0.315703 0.039551 0.138281
8 0.747590 0.346050 0.058783 0.085625
