10 0.620789 0.306414 0.060950 0.072829
10 0.553844 0.304638 0.070942 0.062171
10 0.046762 0.412105 0.021982 0.035526
3 0.659257 0.406776 0.011990 0.024868
4 0.654262 0.401447 0.013988 0.028421
4 0.616293 0.400624 0.031974 0.058489
3 0.587816 0.408553 0.018984 0.017763
3 0.574327 0.412105 0.007993 0.017763
4 0.450602 0.416684 0.098264 0.097422
3 0.380986 0.465395 0.038968 0.042632
3 0.686235 0.422763 0.027977 0.056842
3 0.688733 0.424539 0.014988 0.046184
3 0.747685 0.420099 0.104914 0.079934
3 0.749683 0.444079 0.094922 0.063947
3 0.815629 0.406776 0.034971 0.056842
3 0.874580 0.389901 0.102915 0.051513
3 0.894064 0.405000 0.083931 0.067500
3 0.959510 0.408553 0.078935 0.159868
3 0.587816 0.456513 0.038968 0.060395
3 0.480904 0.476053 0.058951 0.071053
3 0.327610 0.531516 0.169701 0.166951
