9 0.268248 0.430823 0.012013 0.039661
9 0.318873 0.433765 0.013729 0.041186
9 0.347189 0.458935 0.006864 0.024407
9 0.354482 0.479528 0.006006 0.016780
10 0.325308 0.456102 0.021451 0.012203
10 0.350621 0.475169 0.012013 0.019831
10 0.357056 0.487373 0.007722 0.016780
10 0.260097 0.463729 0.023167 0.030508
9 0.583689 0.456864 0.012013 0.042712
3 0.124203 0.531610 0.038612 0.067119
3 0.202714 0.533898 0.015445 0.035085
3 0.376899 0.541525 0.010297 0.025932
3 0.364886 0.549152 0.032606 0.108305
3 0.159941 0.536949 0.068644 0.073220
3 0.418214 0.568220 0.053199 0.074746
3 0.496297 0.576610 0.056631 0.067119
3 0.676058 0.616271 0.182765 0.198305
5 0.859200 0.580424 0.278008 0.175424
3 0.970750 0.639152 0.056631 0.088475
3 0.053919 0.532368 0.107837 0.131175
3 0.272720 0.634576 0.209090 0.323390
