3 0.325513 0.443835 0.033266 0.026511
3 0.283358 0.447404 0.031545 0.035687
3 0.175362 0.454573 0.062287 0.064172
3 0.380287 0.446384 0.021221 0.023452
3 0.344440 0.442815 0.019501 0.024471
3 0.241202 0.448114 0.048178 0.054660
3 0.555384 0.437424 0.018353 0.024471
3 0.563700 0.444562 0.017780 0.040785
3 0.580620 0.442523 0.026383 0.057100
3 0.612834 0.445748 0.052193 0.066964
3 0.707298 0.448616 0.088917 0.106771
9 0.857260 0.317691 0.025236 0.059139
9 0.823612 0.320750 0.017206 0.034668
10 0.441344 0.364011 0.014912 0.024471
3 0.522637 0.448640 0.013192 0.020393
3 0.487364 0.448131 0.025236 0.023452
9 0.724534 0.018529 0.053603 0.037059
10 0.808660 0.133677 0.037224 0.097941
