9 0.363667 0.279639 0.006152 0.035937
9 0.520113 0.254639 0.007910 0.045312
9 0.356197 0.278076 0.007031 0.029687
9 0.371578 0.283545 0.007910 0.034375
9 0.510884 0.255420 0.008789 0.034375
9 0.528902 0.253857 0.007910 0.040625
10 0.328115 0.287677 0.042101 0.013864
10 0.687544 0.259326 0.026367 0.101562
10 0.280635 0.316406 0.016699 0.014062
3 0.214253 0.510904 0.157324 0.210906
3 0.578457 0.447563 0.128115 0.162588
3 0.103951 0.580068 0.205664 0.557070
3 0.805743 0.526514 0.385868 0.539062
3 0.435929 0.552462 0.251863 0.362165
1 0.298291 0.432381 0.007798 0.081451
1 0.314863 0.429782 0.009748 0.072786
1 0.342158 0.408986 0.013647 0.027728
