10 0.760268 0.406121 0.025515 0.113402
10 0.661686 0.488595 0.009278 0.014433
3 0.120642 0.706750 0.240077 0.388886
3 0.888455 0.730866 0.219261 0.415735
3 0.435804 0.573196 0.065505 0.074227
3 0.353737 0.595128 0.071907 0.118091
3 0.238918 0.606921 0.194845 0.203534
3 0.136856 0.550516 0.085825 0.065979
3 0.534665 0.569072 0.013918 0.032990
3 0.523647 0.572165 0.012758 0.026804
3 0.512629 0.569072 0.013918 0.028866
3 0.501031 0.563918 0.023196 0.055670
3 0.478415 0.567010 0.035954 0.061856
3 0.563660 0.564949 0.048711 0.041237
3 0.605412 0.563918 0.013918 0.039175
3 0.615271 0.565979 0.010438 0.043299
3 0.623389 0.564949 0.015077 0.065979
3 0.632668 0.561856 0.019716 0.068041
3 0.644845 0.561856 0.023196 0.084536
3 0.668621 0.579025 0.045232 0.112053
3 0.727191 0.589707 0.115979 0.173227
3 0.802577 0.636284 0.190206 0.233394
