3 0.078873 0.473583 0.157746 0.371879
3 0.418534 0.496478 0.299460 0.439322
3 0.271506 0.381404 0.085549 0.108496
3 0.192936 0.377946 0.100715 0.089524
3 0.971553 0.706768 0.056894 0.373863
3 0.817956 0.398851 0.164746 0.094576
1 0.620229 0.368884 0.030139 0.129220
1 0.596150 0.348512 0.018019 0.079322
1 0.651924 0.358427 0.023167 0.105254
1 0.951158 0.420969 0.089645 0.318813
1 0.980614 0.408766 0.038726 0.254746
1 0.628756 0.362240 0.021451 0.128136
9 0.092474 0.246308 0.012871 0.048814
9 0.380779 0.077749 0.014587 0.062542
9 0.551532 0.236393 0.011155 0.050339
9 0.557538 0.279868 0.011155 0.021356
9 0.548099 0.278342 0.006006 0.024407
9 0.640769 0.209698 0.011155 0.051864
9 0.822676 0.099105 0.016303 0.090000
9 0.835546 0.213512 0.018019 0.053390
9 0.869439 0.208173 0.022309 0.057966
9 0.077888 0.298443 0.018019 0.017764
10 0.545525 0.186054 0.030032 0.022881
