3 0.464808 0.531528 0.008379 0.014496
3 0.460188 0.531888 0.007749 0.019898
3 0.453301 0.531888 0.011193 0.019898
3 0.445982 0.532653 0.006888 0.018367
3 0.440386 0.534454 0.009471 0.017827
3 0.392172 0.535338 0.012915 0.031366
3 0.382701 0.538010 0.021524 0.032143
3 0.361590 0.538574 0.027516 0.036577
3 0.071030 0.564796 0.117953 0.097959
3 0.292730 0.547194 0.123980 0.145408
3 0.420153 0.524378 0.046492 0.080837
5 0.517873 0.484898 0.099012 0.223469
1 0.144643 0.553317 0.008610 0.056633
1 0.137325 0.554847 0.007749 0.059694
1 0.641422 0.524235 0.006888 0.029082
1 0.795536 0.502041 0.032717 0.119388
1 0.769276 0.512755 0.040466 0.174490
1 0.153540 0.554082 0.008610 0.058163
1 0.192714 0.553317 0.012915 0.062755
1 0.493479 0.540051 0.028412 0.145408
1 0.677583 0.524745 0.044770 0.221939
1 0.652185 0.510970 0.016358 0.065816
1 0.634965 0.515561 0.011193 0.062755
1 0.735842 0.526276 0.041327 0.197449
1 0.916916 0.584184 0.166167 0.726531
10 0.591486 0.346531 0.013776 0.033673
10 0.600526 0.380970 0.012915 0.032143
10 0.588042 0.383265 0.008610 0.033673
10 0.587612 0.416939 0.011193 0.033673
10 0.600096 0.414643 0.012054 0.035204
8 0.985964 0.535395 0.025523 0.085687
8 0.974795 0.537467 0.021023 0.081543
