10 0.493482 0.408986 0.026836 0.034660
10 0.476768 0.451444 0.017139 0.022529
10 0.517136 0.384724 0.014622 0.031194
9 0.289518 0.420250 0.005849 0.032927
9 0.373839 0.363062 0.010723 0.043325
9 0.151322 0.501706 0.013193 0.022519
1 0.809091 0.552824 0.027295 0.110911
1 0.614129 0.554557 0.015597 0.069320
9 0.496306 0.479525 0.009491 0.025289
10 0.426570 0.517989 0.007006 0.023911
10 0.007311 0.401188 0.012673 0.015597
10 0.005849 0.423716 0.011698 0.019063
3 0.070674 0.655071 0.141347 0.346598
3 0.270226 0.562356 0.081475 0.129974
4 0.358242 0.540693 0.051665 0.103980
3 0.416390 0.557272 0.026014 0.029430
3 0.327357 0.560095 0.015241 0.031872
3 0.314422 0.561364 0.016664 0.030944
3 0.390898 0.559756 0.007798 0.017330
10 0.164255 0.451444 0.018521 0.022529
10 0.510386 0.429140 0.010547 0.049219
10 0.524838 0.436115 0.014527 0.063394
3 0.384633 0.561777 0.008446 0.030030
