3 0.328991 0.424932 0.023284 0.027596
3 0.192721 0.435443 0.039873 0.047257
3 0.127540 0.443464 0.061408 0.061594
3 0.048983 0.455885 0.091755 0.069941
3 0.448093 0.422632 0.030183 0.059791
3 0.507885 0.443724 0.057014 0.087448
3 0.396136 0.460193 0.102190 0.150243
3 0.581999 0.478633 0.134529 0.157142
4 0.569362 0.365858 0.053733 0.073007
5 0.714331 0.376214 0.186076 0.213099
3 0.881804 0.481813 0.236392 0.318987
9 0.424367 0.311031 0.009494 0.013502
9 0.511709 0.322001 0.007595 0.018565
9 0.597084 0.319469 0.008544 0.016878
9 0.527373 0.359132 0.006646 0.015190
10 0.356036 0.341169 0.014229 0.024111
10 0.451112 0.384233 0.025009 0.022853
3 0.490711 0.418088 0.022561 0.030551
