3 0.159276 0.524665 0.024831 0.034685
3 0.108549 0.517728 0.045406 0.048559
3 0.036599 0.520317 0.052379 0.074058
3 0.211807 0.530145 0.012281 0.020279
3 0.221630 0.530726 0.010642 0.021442
3 0.235819 0.522528 0.009933 0.023964
3 0.251073 0.523474 0.012770 0.022072
4 0.401586 0.525326 0.016609 0.034064
4 0.459282 0.532331 0.047574 0.088417
3 0.424536 0.560545 0.048484 0.074645
3 0.502863 0.567128 0.061182 0.073785
3 0.552648 0.542417 0.043187 0.034123
3 0.570532 0.552806 0.067402 0.046371
3 0.564645 0.520023 0.064781 0.027725
5 0.326516 0.488033 0.142758 0.292180
3 0.227483 0.524104 0.009578 0.022072
4 0.427159 0.509565 0.018801 0.025226
