3 0.515102 0.556827 0.008685 0.019019
3 0.504706 0.556738 0.017802 0.030611
3 0.481018 0.567807 0.016343 0.048251
3 0.464383 0.571438 0.028017 0.059665
3 0.431405 0.568844 0.055450 0.098058
3 0.321689 0.569075 0.072798 0.103362
3 0.206591 0.547688 0.053699 0.044100
3 0.246859 0.534678 0.064605 0.028729
3 0.169673 0.558583 0.079089 0.058628
3 0.256738 0.595737 0.106718 0.107916
3 0.374642 0.603289 0.115407 0.124865
3 0.553768 0.555816 0.008463 0.020234
3 0.559120 0.559700 0.010287 0.022072
3 0.567279 0.562538 0.012416 0.034054
3 0.589095 0.562737 0.038311 0.063462
3 0.923666 0.577185 0.038924 0.061301
9 0.512391 0.512959 0.006518 0.015190
9 0.541885 0.518867 0.006646 0.013502
10 0.602170 0.471609 0.011392 0.027004
10 0.642653 0.492706 0.006646 0.028692
9 0.067880 0.023146 0.040823 0.043882
9 0.110601 0.029054 0.038924 0.055696
3 0.484472 0.560197 0.024806 0.044100
