3 0.055077 0.455777 0.110153 0.145571
3 0.164255 0.447112 0.125750 0.124775
3 0.919578 0.473503 0.160843 0.287677
9 0.135011 0.228755 0.012673 0.090116
9 0.846222 0.165362 0.021268 0.071331
9 0.861730 0.172433 0.011698 0.064121
10 0.118439 0.257349 0.020471 0.019063
10 0.107716 0.280745 0.016572 0.013864
10 0.132086 0.298941 0.010723 0.022529
10 0.906637 0.171184 0.023264 0.037361
10 0.952387 0.204493 0.021446 0.055456
10 0.848083 0.230488 0.021446 0.031194
10 0.848570 0.259082 0.018521 0.029461
10 0.849545 0.277279 0.014622 0.020796
9 0.105767 0.350064 0.012673 0.027728
1 0.240290 0.457510 0.010723 0.083184
1 0.232492 0.442779 0.014622 0.088383
4 0.545405 0.423208 0.603406 0.846416
