3 0.659179 0.506250 0.015820 0.042187
3 0.668408 0.512109 0.026367 0.053906
3 0.679614 0.520312 0.022412 0.060937
3 0.694116 0.525000 0.030322 0.070312
3 0.730371 0.523828 0.084375 0.105469
3 0.760693 0.556640 0.087012 0.100781
3 0.896352 0.626953 0.199072 0.217969
3 0.578628 0.491015 0.017139 0.044531
3 0.615542 0.516797 0.083057 0.128906
5 0.554370 0.461718 0.022412 0.037500
1 0.126562 0.390736 0.029004 0.131250
1 0.313110 0.406808 0.017139 0.042187
1 0.502012 0.452176 0.011865 0.053906
1 0.430162 0.451004 0.013184 0.056250
9 0.596917 0.399163 0.009229 0.030469
9 0.572280 0.334629 0.020599 0.026507
10 0.718206 0.463723 0.022412 0.039844
1 0.970671 0.537551 0.023730 0.084375
