9 0.233415 0.303617 0.011005 0.058696
9 0.386991 0.356976 0.006003 0.037352
9 0.360478 0.454802 0.007003 0.019565
9 0.374485 0.472589 0.005002 0.016008
9 0.388992 0.457470 0.006003 0.014229
9 0.393995 0.471700 0.010005 0.014229
9 0.244921 0.308063 0.012006 0.046245
9 0.476035 0.444131 0.014007 0.019565
10 0.187893 0.303617 0.058029 0.026680
10 0.465249 0.409447 0.016446 0.014229
10 0.467031 0.427233 0.016008 0.007115
10 0.437841 0.384213 0.023602 0.029372
10 0.551958 0.337267 0.014237 0.047736
3 0.334465 0.549934 0.083041 0.117445
3 0.255770 0.493958 0.055716 0.083646
3 0.146873 0.571304 0.158078 0.156522
9 0.393711 0.356484 0.009229 0.035156
