9 0.014951 0.362449 0.016373 0.023563
9 0.016121 0.343737 0.021830 0.022177
9 0.315092 0.098254 0.033378 0.129978
9 0.470499 0.183755 0.024638 0.101390
9 0.694412 0.406109 0.014034 0.030493
9 0.234811 0.447690 0.007017 0.013860
10 0.062120 0.384625 0.024949 0.059600
10 0.638278 0.380467 0.029627 0.018018
10 0.529907 0.440760 0.009356 0.011088
10 0.531466 0.454853 0.009356 0.014326
10 0.502620 0.470559 0.010915 0.023563
10 0.689734 0.491350 0.007796 0.023563
10 0.398927 0.435665 0.006237 0.018505
3 0.311298 0.487121 0.031802 0.037564
3 0.349809 0.485113 0.045219 0.041581
3 0.440462 0.492023 0.023818 0.036920
10 0.174952 0.042967 0.053016 0.083162
10 0.365368 0.139136 0.034630 0.066015
9 0.256172 0.078538 0.034032 0.129355
4 0.410795 0.492736 0.011695 0.023563
3 0.273967 0.487192 0.017152 0.026335
3 0.385145 0.494815 0.018711 0.024949
