10 0.781183 0.321262 0.018124 0.050299
10 0.706140 0.359208 0.021594 0.051185
10 0.581377 0.390132 0.009597 0.023460
9 0.487355 0.342298 0.011996 0.034123
9 0.170518 0.368693 0.008375 0.038462
3 0.503761 0.428246 0.017447 0.028536
3 0.437810 0.415219 0.065602 0.153846
3 0.402181 0.413744 0.016795 0.031990
3 0.849048 0.470260 0.171549 0.162085
2 0.921626 0.474526 0.069579 0.204739
8 0.922738 0.529976 0.085175 0.168483
1 0.602371 0.429587 0.015595 0.055450
1 0.649757 0.429587 0.011996 0.063981
1 0.655755 0.434918 0.014396 0.066114
1 0.664153 0.429587 0.014396 0.063981
1 0.675549 0.429587 0.015595 0.072512
1 0.692344 0.432786 0.017995 0.066114
1 0.716937 0.431719 0.023993 0.089573
1 0.770921 0.434918 0.021594 0.061848
