10 0.529192 0.416012 0.014275 0.027190
10 0.753719 0.426109 0.014881 0.034187
3 0.341571 0.517311 0.028055 0.065226
3 0.454860 0.485347 0.032119 0.040785
3 0.426183 0.493505 0.035942 0.048943
3 0.515350 0.490106 0.049707 0.063897
3 0.559704 0.488066 0.061943 0.070695
3 0.616653 0.484940 0.070307 0.078036
3 0.053438 0.528328 0.105748 0.091400
3 0.755606 0.504672 0.032883 0.058459
3 0.675957 0.609607 0.211954 0.326284
3 0.871436 0.487251 0.191182 0.146828
3 0.473494 0.498943 0.055825 0.057100
3 0.380580 0.526133 0.081061 0.108761
