10 0.578617 0.193659 0.013389 0.018703
10 0.513583 0.265920 0.013389 0.013602
9 0.478196 0.244836 0.005738 0.020403
9 0.452374 0.252488 0.005738 0.022103
9 0.386861 0.296694 0.004782 0.018703
9 0.381600 0.317097 0.009564 0.015302
3 0.371399 0.345151 0.034430 0.044207
3 0.337925 0.347702 0.047820 0.059509
3 0.232244 0.380857 0.071729 0.057809
3 0.221883 0.390208 0.057384 0.069710
3 0.115723 0.390208 0.153023 0.110516
3 0.059296 0.438206 0.055471 0.078212
3 0.327405 0.368105 0.049732 0.056108
3 0.413002 0.351952 0.041125 0.061209
3 0.029170 0.443766 0.058340 0.136020
10 0.467676 0.241719 0.009564 0.015302
1 0.975747 0.467570 0.046863 0.452267
1 0.379449 0.348127 0.014346 0.052708
3 0.440951 0.330232 0.014656 0.021092
