10 0.518178 0.557968 0.013658 0.029137
9 0.454669 0.564038 0.012292 0.016996
1 0.457401 0.593903 0.012292 0.038849
1 0.559835 0.587833 0.015024 0.065558
3 0.405507 0.587550 0.017744 0.030028
3 0.434865 0.583463 0.016389 0.031565
3 0.369178 0.591919 0.029788 0.043622
3 0.218389 0.590747 0.036876 0.089838
3 0.816136 0.603139 0.100634 0.075773
3 0.694551 0.595828 0.136952 0.085432
3 0.282581 0.630324 0.154334 0.184533
3 0.422031 0.591623 0.025669 0.034289
3 0.051763 0.635180 0.099702 0.247662
10 0.107077 0.516691 0.019121 0.033993
8 0.884208 0.720162 0.079215 0.310792
8 0.684121 0.666745 0.050534 0.174820
8 0.658171 0.659461 0.055997 0.155396
3 0.962862 0.586023 0.046582 0.029687
