9 0.669859 0.520058 0.009073 0.016129
9 0.543890 0.508271 0.008375 0.017370
9 0.688808 0.597156 0.005998 0.021327
10 0.604016 0.626032 0.006763 0.015098
10 0.594636 0.611019 0.009597 0.010664
10 0.728396 0.605687 0.010797 0.012796
3 0.662416 0.639810 0.039588 0.051185
3 0.522657 0.645142 0.129562 0.189810
3 0.418888 0.651171 0.058783 0.075383
3 0.379300 0.655805 0.061182 0.078910
3 0.305522 0.665402 0.127162 0.110900
1 0.229944 0.664336 0.031191 0.164218
1 0.201753 0.665402 0.027592 0.170616
3 0.717000 0.641943 0.033590 0.042654
3 0.863356 0.682464 0.268720 0.375355
9 0.633569 0.597601 0.007677 0.017370
