9 0.158406 0.465308 0.008773 0.036393
9 0.269047 0.490437 0.009748 0.027728
9 0.357267 0.586618 0.006824 0.015597
9 0.247114 0.556290 0.004874 0.013864
9 0.123313 0.590950 0.008773 0.017330
9 0.030219 0.566688 0.017547 0.024262
9 0.150120 0.465308 0.007798 0.032927
9 0.169617 0.467041 0.013647 0.032927
9 0.259786 0.493903 0.006824 0.024262
9 0.277820 0.493903 0.005849 0.027728
9 0.395772 0.575353 0.011698 0.024262
9 0.386024 0.578819 0.003899 0.027728
9 0.133549 0.590084 0.009748 0.019063
10 0.319737 0.577086 0.009748 0.017330
10 0.379764 0.509910 0.022574 0.056276
10 0.387486 0.473107 0.016572 0.013864
3 0.505206 0.638851 0.084345 0.060167
3 0.015110 0.666335 0.030219 0.050257
3 0.119416 0.619080 0.047769 0.038929
3 0.626743 0.657206 0.021328 0.037323
