10 0.722333 0.385591 0.031194 0.053723
10 0.705273 0.403787 0.022421 0.045058
10 0.706248 0.446245 0.020471 0.043325
10 0.552716 0.473973 0.017547 0.029461
10 0.526396 0.407253 0.050690 0.024262
10 0.525909 0.438447 0.051665 0.024262
10 0.099430 0.420250 0.027295 0.123042
10 0.866604 0.476573 0.011698 0.031194
3 0.076522 0.545026 0.065312 0.071053
3 0.309989 0.544159 0.038992 0.072786
3 0.756451 0.571887 0.138423 0.110911
3 0.776434 0.520764 0.030219 0.019063
3 0.852957 0.571887 0.093582 0.100514
3 0.928017 0.571887 0.101380 0.097048
3 0.979682 0.576220 0.037043 0.091849
3 0.560515 0.545892 0.042892 0.072786
3 0.372864 0.601348 0.149146 0.201027
3 0.217870 0.559756 0.090657 0.083184
10 0.528346 0.381258 0.050690 0.031194
