9 0.416167 0.250655 0.014041 0.027042
9 0.555991 0.249615 0.015211 0.029122
9 0.477596 0.465948 0.008190 0.016641
9 0.148221 0.404584 0.011701 0.027042
9 0.202044 0.420185 0.011701 0.016641
9 0.709855 0.379623 0.016381 0.027042
9 0.691134 0.381703 0.014041 0.027042
3 0.484031 0.506510 0.028082 0.039522
3 0.413569 0.514831 0.057988 0.060324
3 0.316028 0.514661 0.017447 0.064144
3 0.355909 0.515871 0.069034 0.095686
5 0.542870 0.473748 0.094276 0.165370
3 0.858454 0.567874 0.280817 0.453467
3 0.642076 0.514831 0.062014 0.070724
3 0.713450 0.552273 0.078395 0.108166
1 0.025449 0.534592 0.033932 0.147689
1 0.182823 0.529392 0.009361 0.054083
1 0.192525 0.534628 0.008773 0.064121
