3 0.092388 0.419276 0.108371 0.103953
3 0.022220 0.422741 0.044440 0.138604
3 0.917015 0.462243 0.051152 0.070688
3 0.147743 0.401258 0.019491 0.029107
3 0.504041 0.422741 0.028847 0.038809
3 0.485719 0.420662 0.020271 0.040195
3 0.472465 0.422741 0.017152 0.030493
3 0.422568 0.417197 0.007796 0.022177
3 0.394111 0.415118 0.013254 0.020791
3 0.332909 0.407495 0.009356 0.024949
3 0.186221 0.395988 0.014656 0.023573
3 0.196860 0.401258 0.010135 0.020791
3 0.222979 0.395020 0.014034 0.022177
3 0.317706 0.410267 0.019491 0.024949
3 0.300164 0.401951 0.014034 0.019405
3 0.348112 0.409574 0.013254 0.023563
3 0.377348 0.414425 0.018711 0.022177
3 0.529769 0.418583 0.044440 0.049897
3 0.622547 0.435908 0.070948 0.070688
9 0.371501 0.361756 0.005458 0.022177
9 0.317316 0.358290 0.006237 0.015246
10 0.256906 0.276514 0.022634 0.042967
10 0.288469 0.353439 0.014034 0.027721
3 0.311079 0.382546 0.007796 0.011088
10 0.244029 0.351360 0.007796 0.020791
3 0.452378 0.415078 0.026367 0.035156
3 0.431284 0.418593 0.018457 0.032812
3 0.409532 0.416250 0.019775 0.028125
