3 0.025636 0.380075 0.049689 0.194357
3 0.976905 0.607527 0.043915 0.307692
3 0.663052 0.401464 0.077225 0.104006
3 0.439569 0.411865 0.072544 0.083205
3 0.474086 0.401464 0.033932 0.070724
3 0.489882 0.394184 0.030422 0.072804
3 0.510358 0.381703 0.029252 0.060324
3 0.527909 0.379623 0.017551 0.035362
3 0.600453 0.378583 0.022231 0.049923
3 0.621514 0.390023 0.033932 0.076965
10 0.761923 0.224653 0.026912 0.016641
10 0.754038 0.250655 0.020503 0.027042
10 0.397446 0.274576 0.014041 0.024961
10 0.608085 0.343221 0.010531 0.012481
10 0.503949 0.341140 0.008190 0.016641
3 0.584367 0.378619 0.011166 0.031017
