1 0.733116 0.337380 0.030134 0.176261
1 0.707717 0.302213 0.022385 0.090140
1 0.684315 0.298470 0.022698 0.070408
1 0.617746 0.301531 0.017219 0.050510
10 0.428868 0.263549 0.010695 0.010658
10 0.429050 0.280357 0.008610 0.013776
10 0.380002 0.277296 0.010276 0.016837
10 0.338648 0.240411 0.010332 0.007953
10 0.552357 0.224393 0.010709 0.015113
10 0.573693 0.220663 0.008610 0.026020
10 0.574052 0.247762 0.009613 0.008558
10 0.595648 0.229066 0.007749 0.005767
10 0.565821 0.153664 0.070282 0.045082
1 0.578776 0.277041 0.011193 0.024490
1 0.379975 0.308674 0.006888 0.030612
1 0.776869 0.337748 0.059407 0.251021
10 0.196158 0.269388 0.011193 0.021429
10 0.293323 0.274074 0.011620 0.024678
2 0.564222 0.333674 0.037883 0.150000
9 0.539683 0.221783 0.005029 0.026741
9 0.544859 0.222619 0.006010 0.028912
9 0.336413 0.259745 0.008610 0.019898
3 0.363074 0.319304 0.025319 0.030954
3 0.345679 0.319093 0.031856 0.052121
3 0.323725 0.323953 0.030995 0.050510
3 0.292730 0.324987 0.058546 0.067884
3 0.268470 0.334632 0.043435 0.065903
3 0.218677 0.330418 0.079280 0.100174
4 0.144499 0.335204 0.136894 0.134694
10 0.006379 0.235475 0.012758 0.061225
3 0.054946 0.353959 0.108482 0.163776
3 0.599858 0.300203 0.050413 0.048137
8 0.561065 0.359184 0.037883 0.131633
10 0.524680 0.261019 0.006725 0.012343
10 0.512277 0.264307 0.014636 0.012174
4 0.470177 0.286274 0.016183 0.038167
4 0.451453 0.295049 0.016940 0.031424
3 0.483066 0.310120 0.031856 0.051260
3 0.426527 0.311354 0.053669 0.034696
