3 0.162360 0.456299 0.020201 0.122430
3 0.220667 0.466910 0.026629 0.140387
3 0.195875 0.468542 0.017446 0.143652
3 0.187611 0.470991 0.013773 0.138755
3 0.012229 0.467726 0.021119 0.122430
3 0.592090 0.460380 0.016528 0.078356
3 0.654989 0.472623 0.022956 0.089782
3 0.637084 0.459564 0.023874 0.128960
3 0.722020 0.466094 0.022956 0.115901
3 0.735793 0.459564 0.030302 0.109371
3 0.755994 0.470175 0.030302 0.140387
3 0.778491 0.466613 0.018365 0.111004
3 0.794560 0.462384 0.021119 0.115901
3 0.819811 0.467281 0.023874 0.106106
3 0.901492 0.502007 0.037647 0.223640
3 0.927661 0.500374 0.036729 0.233434
9 0.677486 0.260782 0.012855 0.045707
9 0.251428 0.275918 0.009182 0.045707
9 0.359320 0.198379 0.010101 0.053869
9 0.376307 0.201644 0.012855 0.053869
10 0.699982 0.325707 0.022956 0.014692
10 0.686668 0.352642 0.025710 0.019589
9 0.697687 0.367333 0.009182 0.022854
10 0.259233 0.227317 0.028465 0.017956
9 0.009934 0.104071 0.012855 0.075091
3 0.358860 0.556692 0.350763 0.486457
5 0.491085 0.359171 0.179973 0.473398
3 0.981837 0.645213 0.031220 0.282406
