3 0.530490 0.469278 0.013918 0.020619
3 0.465541 0.471340 0.020876 0.024742
3 0.442345 0.498144 0.027835 0.045361
3 0.489317 0.560000 0.100902 0.164948
3 0.702255 0.538144 0.110180 0.169072
3 0.623921 0.651027 0.251413 0.368550
1 0.784253 0.527010 0.009278 0.107217
3 0.403260 0.514639 0.059149 0.070103
10 0.329266 0.372371 0.012758 0.020619
10 0.390503 0.430309 0.019253 0.024330
10 0.635103 0.391959 0.006959 0.026804
10 0.589291 0.424949 0.015077 0.018557
10 0.850593 0.462062 0.023196 0.014433
10 0.853492 0.477526 0.012758 0.020619
10 0.552526 0.427010 0.004639 0.018557
10 0.497436 0.434227 0.008119 0.016495
3 0.497152 0.462420 0.038992 0.029461
