9 0.184570 0.390268 0.006328 0.022500
9 0.498867 0.346205 0.008437 0.035625
9 0.006295 0.367207 0.008993 0.030000
9 0.489923 0.345644 0.010547 0.031875
9 0.177208 0.386894 0.007383 0.024375
9 0.622286 0.428144 0.009492 0.024375
9 0.127111 0.452519 0.006328 0.016875
10 0.124474 0.416894 0.009492 0.009375
10 0.756759 0.285691 0.031641 0.043033
1 0.657091 0.500332 0.022148 0.090000
1 0.638634 0.490019 0.012656 0.065625
1 0.622814 0.489082 0.010547 0.060000
1 0.616486 0.487207 0.016875 0.078750
1 0.901778 0.520019 0.060117 0.174375
1 0.858009 0.510644 0.035859 0.106875
2 0.041681 0.500332 0.012656 0.056250
8 0.045900 0.525644 0.037969 0.043125
3 0.094415 0.496582 0.061172 0.048750
3 0.141876 0.498457 0.033750 0.045000
3 0.316414 0.516269 0.062200 0.103125
3 0.548986 0.520957 0.073828 0.165000
4 0.319043 0.446894 0.119180 0.061875
3 0.224669 0.529394 0.152930 0.185625
3 0.439298 0.595019 0.232031 0.354375
3 0.894375 0.728437 0.208828 0.388125
