9 0.475728 0.347607 0.015820 0.034375
9 0.567134 0.353857 0.014062 0.021875
9 0.537251 0.374951 0.008789 0.023437
9 0.503853 0.374170 0.010547 0.015625
3 0.302583 0.463232 0.066797 0.115625
3 0.247652 0.485107 0.079980 0.109375
3 0.124165 0.503857 0.186328 0.212500
3 0.594670 0.428824 0.034578 0.062434
3 0.607260 0.441357 0.021701 0.065625
3 0.626021 0.444482 0.033398 0.081250
3 0.717961 0.444531 0.173228 0.222724
3 0.525386 0.442920 0.034277 0.056250
3 0.510005 0.413232 0.026367 0.043750
3 0.429367 0.436372 0.044567 0.064254
3 0.574322 0.431044 0.012913 0.038663
3 0.561070 0.426815 0.012233 0.030205
3 0.465583 0.426815 0.025146 0.047121
3 0.484612 0.420170 0.019709 0.038663
