3 0.087944 0.415673 0.034387 0.056038
3 0.153666 0.414705 0.012895 0.025472
3 0.159790 0.415539 0.010447 0.027495
3 0.169069 0.417736 0.014328 0.033113
3 0.182680 0.417431 0.030088 0.040755
3 0.194859 0.426651 0.028656 0.040755
3 0.068774 0.434293 0.060177 0.081510
3 0.912684 0.459765 0.090265 0.071321
3 0.816687 0.458491 0.113190 0.078962
3 0.653350 0.457217 0.136115 0.076415
3 0.939907 0.486510 0.032954 0.089151
3 0.968562 0.481416 0.061610 0.180849
3 0.958533 0.715755 0.081669 0.221604
9 0.342435 0.245802 0.011462 0.040755
9 0.660616 0.031658 0.018626 0.063315
9 0.637691 0.031658 0.021492 0.063315
9 0.678526 0.034205 0.014328 0.068410
10 0.250924 0.339914 0.011835 0.030298
10 0.022208 0.324764 0.010029 0.030566
9 0.356140 0.353089 0.014657 0.026057
3 0.144129 0.413099 0.012881 0.022899
3 0.091496 0.422706 0.013325 0.050535
3 0.097048 0.419548 0.009327 0.041060
