4 0.351190 0.437755 0.021524 0.042857
4 0.329235 0.443878 0.032717 0.048980
3 0.369700 0.449235 0.018941 0.026020
3 0.393033 0.449235 0.037022 0.064286
3 0.976770 0.438521 0.041327 0.042857
3 0.953094 0.491327 0.092124 0.130102
3 0.095646 0.536807 0.191292 0.343256
3 0.426611 0.480612 0.071460 0.102551
9 0.419292 0.386862 0.009471 0.016837
9 0.470520 0.415944 0.006888 0.013776
9 0.487309 0.424362 0.007749 0.015306
5 0.291438 0.429720 0.036161 0.044388
9 0.287133 0.417475 0.006888 0.019898
10 0.805745 0.201932 0.041327 0.114359
10 0.812984 0.074952 0.083357 0.149904
3 0.552958 0.455740 0.023246 0.027551
