10 0.652649 0.352579 0.030423 0.065291
3 0.533600 0.477201 0.014754 0.024503
3 0.513818 0.477284 0.015137 0.020183
3 0.406598 0.495224 0.037843 0.051578
9 0.343527 0.434234 0.012614 0.015087
9 0.397137 0.409906 0.008830 0.009921
10 0.344454 0.418463 0.007362 0.014958
10 0.395990 0.396025 0.007362 0.014958
9 0.500641 0.365080 0.008414 0.013089
9 0.499589 0.384713 0.008414 0.011219
9 0.533246 0.431458 0.008414 0.014958
9 0.523254 0.438937 0.007362 0.014958
9 0.488020 0.448286 0.008414 0.011219
9 0.497486 0.466049 0.008414 0.013089
3 0.489071 0.482878 0.029449 0.024307
9 0.823683 0.396933 0.014725 0.029917
