10 0.602431 0.232221 0.023395 0.031194
10 0.590734 0.177632 0.033143 0.064121
10 0.590246 0.218357 0.032169 0.013864
10 0.619490 0.242619 0.043866 0.020796
10 0.407957 0.332734 0.016572 0.045058
9 0.041917 0.169833 0.009748 0.041592
9 0.270509 0.243485 0.006824 0.032927
9 0.059463 0.169833 0.013647 0.048524
1 0.349469 0.478306 0.051665 0.242619
1 0.400646 0.440180 0.017547 0.083184
1 0.296829 0.419384 0.004874 0.041592
1 0.504463 0.445379 0.020471 0.072786
1 0.468883 0.448845 0.021446 0.114377
1 0.423554 0.435847 0.020471 0.074519
1 0.382125 0.430648 0.015597 0.084917
1 0.307552 0.421983 0.010723 0.036393
4 0.065800 0.537227 0.129649 0.599615
3 0.107855 0.442779 0.090934 0.254750
3 0.155969 0.386457 0.167667 0.162901
3 0.251719 0.427347 0.069257 0.081779
3 0.250526 0.379525 0.025345 0.031194
3 0.741341 0.546759 0.515673 0.642940
10 0.408444 0.253883 0.021446 0.012131
