3 0.523242 0.471310 0.008608 0.017003
3 0.513678 0.473860 0.012433 0.011902
3 0.506505 0.479811 0.019128 0.013602
3 0.540935 0.478111 0.013389 0.013602
3 0.572975 0.504465 0.016259 0.042506
3 0.598319 0.507015 0.040168 0.061209
3 0.438303 0.498296 0.024270 0.040370
3 0.424385 0.504161 0.031110 0.038498
3 0.493498 0.484062 0.015302 0.018703
3 0.532710 0.482219 0.011477 0.018418
3 0.550882 0.484062 0.011477 0.018703
3 0.562359 0.484062 0.011477 0.022103
3 0.646043 0.516367 0.081293 0.066310
3 0.742639 0.504125 0.049732 0.044207
10 0.332346 0.421153 0.012433 0.039106
10 0.830053 0.412651 0.010520 0.028904
10 0.568480 0.442406 0.011477 0.010202
