9 0.430904 0.467920 0.007031 0.018750
9 0.526265 0.453857 0.007910 0.031250
9 0.594380 0.464795 0.008789 0.025000
9 0.409810 0.462451 0.005273 0.020312
9 0.395747 0.482764 0.007031 0.020312
9 0.231392 0.454639 0.008789 0.032812
9 0.253804 0.511670 0.007910 0.021875
9 0.028509 0.470264 0.007320 0.035937
9 0.022212 0.471826 0.007031 0.029687
9 0.317525 0.482764 0.007031 0.026562
9 0.367622 0.513232 0.010547 0.025000
9 0.374654 0.515576 0.007031 0.017187
9 0.367183 0.446826 0.009668 0.035937
9 0.518355 0.452295 0.006152 0.037500
9 0.585152 0.462451 0.006152 0.032812
9 0.602290 0.469482 0.005273 0.018750
9 0.599214 0.514795 0.009668 0.015625
9 0.437935 0.468701 0.005273 0.020313
10 0.235787 0.276514 0.066797 0.157812
10 0.441451 0.460107 0.040430 0.043750
10 0.871236 0.463232 0.021094 0.056250
3 0.128258 0.564804 0.039826 0.034357
3 0.306538 0.560107 0.018457 0.037500
3 0.278922 0.564820 0.023730 0.029687
3 0.464663 0.569841 0.023704 0.036085
3 0.478901 0.588939 0.034601 0.051413
3 0.563298 0.586938 0.036914 0.062276
3 0.512554 0.555451 0.010454 0.021325
3 0.523092 0.557013 0.015626 0.025061
1 0.943745 0.541357 0.013184 0.050000
1 0.925288 0.551514 0.016699 0.051562
3 0.846626 0.576514 0.107227 0.067187
3 0.831177 0.636891 0.106211 0.150442
3 0.941548 0.628076 0.114258 0.132812
3 0.429550 0.595881 0.050026 0.074673
3 0.512642 0.610223 0.061523 0.084375
3 0.674361 0.668701 0.261914 0.314062
3 0.325448 0.557789 0.015321 0.027260
10 0.396968 0.528715 0.007720 0.015782
3 0.436903 0.557565 0.024256 0.028748
3 0.507359 0.553418 0.010036 0.021272
3 0.503114 0.555820 0.006176 0.016469
3 0.501763 0.553075 0.011966 0.019213
3 0.492113 0.553075 0.008878 0.016469
3 0.487481 0.550673 0.006562 0.015782
3 0.484393 0.550330 0.007334 0.013724
3 0.479761 0.549987 0.007334 0.013038
3 0.473200 0.549644 0.007334 0.010979
3 0.467410 0.547929 0.005790 0.008921
1 0.388283 0.558565 0.007334 0.035682
1 0.380949 0.574347 0.008878 0.048034
1 0.402372 0.559594 0.007720 0.030879
