9 0.245396 0.115312 0.015820 0.070312
9 0.692319 0.190312 0.013184 0.060937
9 0.929624 0.369609 0.029004 0.035156
9 0.262535 0.121172 0.013184 0.067969
10 0.118834 0.307500 0.031641 0.023437
10 0.125425 0.192656 0.018457 0.084375
10 0.906553 0.336797 0.038232 0.021094
10 0.923032 0.300469 0.026367 0.028125
10 0.899302 0.292265 0.010547 0.025781
10 0.688749 0.397526 0.008679 0.015989
10 0.286524 0.391524 0.010030 0.027463
3 0.571946 0.454714 0.013150 0.018436
3 0.629848 0.463285 0.015820 0.025781
4 0.369322 0.421172 0.097559 0.142969
3 0.558506 0.459843 0.025049 0.028125
3 0.607285 0.476250 0.035596 0.051562
3 0.429307 0.530156 0.191162 0.318750
3 0.126085 0.506718 0.251806 0.403125
3 0.955332 0.652031 0.088330 0.206250
10 0.692114 0.411586 0.015597 0.015597
3 0.582188 0.454669 0.010422 0.017155
