3 0.574066 0.450198 0.016381 0.029122
3 0.607694 0.450153 0.025134 0.039939
3 0.760878 0.481400 0.089724 0.087365
3 0.813443 0.450812 0.033854 0.034510
3 0.854882 0.487641 0.107646 0.095686
3 0.238841 0.450198 0.015211 0.020801
3 0.252296 0.449158 0.014041 0.018721
3 0.270432 0.446038 0.017551 0.020801
3 0.296759 0.449158 0.016381 0.022881
3 0.352922 0.448118 0.021061 0.020801
3 0.398818 0.447320 0.026268 0.027526
10 0.499181 0.308750 0.014041 0.016641
10 0.493916 0.325391 0.031592 0.041602
10 0.559440 0.359713 0.017551 0.031202
10 0.554760 0.386755 0.010531 0.014561
10 0.559490 0.398859 0.012970 0.022129
9 0.709209 0.372194 0.015211 0.039522
10 0.844937 0.422117 0.019891 0.043683
10 0.793454 0.386755 0.026912 0.035362
10 0.792284 0.418997 0.026912 0.029122
9 0.474610 0.416916 0.007020 0.024961
3 0.526678 0.479320 0.101796 0.166410
10 0.592787 0.437718 0.032762 0.054083
9 0.531358 0.423157 0.010531 0.020801
