10 0.765712 0.243485 0.038018 0.019063
10 0.851007 0.275546 0.027295 0.020796
10 0.746215 0.213158 0.032169 0.024262
10 0.501539 0.327535 0.010723 0.031194
10 0.315350 0.324936 0.024370 0.019063
10 0.453286 0.367394 0.009748 0.020796
10 0.464983 0.368261 0.013647 0.008665
1 0.079447 0.446245 0.053614 0.199294
1 0.274408 0.406387 0.018521 0.074519
1 0.825662 0.434981 0.027295 0.117843
3 0.435949 0.393697 0.016748 0.018895
3 0.398829 0.398484 0.009087 0.023880
3 0.387974 0.402054 0.015597 0.045058
3 0.379688 0.409853 0.022421 0.046791
3 0.335334 0.460109 0.113078 0.150770
