3 0.005201 0.733325 0.010402 0.135142
3 0.202847 0.564041 0.178441 0.180664
3 0.409413 0.570529 0.121493 0.194313
3 0.316473 0.543414 0.069616 0.093888
3 0.350123 0.524773 0.031472 0.047756
3 0.471709 0.559062 0.034408 0.108114
9 0.422498 0.455765 0.004801 0.021013
9 0.076818 0.482956 0.006401 0.015648
9 0.416896 0.458061 0.004801 0.017071
9 0.426567 0.455457 0.004031 0.019165
9 0.347819 0.471405 0.005615 0.021760
10 0.445215 0.458089 0.018706 0.010204
9 0.468054 0.448103 0.007202 0.028451
9 0.374014 0.469967 0.003118 0.011087
