9 0.428648 0.557109 0.013184 0.072656
9 0.043687 0.442265 0.015820 0.035156
9 0.411509 0.554765 0.015820 0.072656
9 0.422715 0.466875 0.019775 0.060937
9 0.396348 0.434062 0.017139 0.070312
9 0.360093 0.595781 0.015820 0.037500
1 0.502476 0.680156 0.029004 0.164062
3 0.648154 0.671953 0.025049 0.035156
3 0.472154 0.688359 0.134473 0.077344
3 0.045005 0.647067 0.010547 0.019304
3 0.034459 0.656718 0.015820 0.028125
3 0.015342 0.652031 0.014502 0.018750
3 0.009319 0.660234 0.018638 0.030469
3 0.216392 0.764531 0.337500 0.468750
