10 0.191975 0.316675 0.050185 0.041124
10 0.261429 0.324927 0.048624 0.040553
10 0.073236 0.382556 0.010805 0.021344
10 0.229914 0.377753 0.013207 0.020277
10 0.229613 0.406034 0.011406 0.019209
3 0.440124 0.386312 0.013807 0.024545
3 0.406207 0.400198 0.013207 0.019209
3 0.419866 0.408679 0.013218 0.024954
3 0.411796 0.421834 0.012378 0.024063
3 0.429793 0.452104 0.019279 0.028660
3 0.612709 0.456403 0.063631 0.046957
3 0.509758 0.467609 0.081040 0.080040
3 0.388498 0.456403 0.067834 0.083241
3 0.331770 0.448399 0.049224 0.056561
3 0.247128 0.443063 0.051626 0.054427
