3 0.416084 0.469894 0.026789 0.025714
3 0.367775 0.482358 0.021484 0.027368
3 0.390062 0.476863 0.012287 0.020008
3 0.329219 0.485316 0.037574 0.037173
3 0.292127 0.488068 0.033932 0.034815
3 0.252510 0.494151 0.073072 0.061132
3 0.069114 0.505614 0.050147 0.043302
3 0.029184 0.509434 0.058368 0.071321
3 0.721086 0.496795 0.068168 0.076608
3 0.861444 0.494151 0.167636 0.203774
10 0.243197 0.420283 0.017193 0.015283
9 0.237466 0.454670 0.011462 0.022925
9 0.667521 0.444801 0.011902 0.016244
4 0.546660 0.365521 0.233210 0.560044
