9 0.464721 0.323437 0.003955 0.018750
9 0.458130 0.323437 0.006592 0.023437
9 0.484497 0.338672 0.006592 0.021094
3 0.486474 0.412500 0.021094 0.032812
3 0.510864 0.420703 0.040869 0.053906
1 0.504272 0.423047 0.022412 0.114844
3 0.636767 0.466406 0.134473 0.173437
10 0.072510 0.278906 0.034277 0.037500
10 0.196435 0.344531 0.108105 0.098437
10 0.292676 0.352734 0.068555 0.063281
10 0.326294 0.325781 0.014502 0.023437
9 0.539209 0.393750 0.007910 0.023437
10 0.554180 0.302283 0.035217 0.065503
3 0.386938 0.467578 0.203027 0.332812
