3 0.441298 0.411368 0.011462 0.033113
3 0.423388 0.411368 0.021492 0.038208
3 0.410493 0.415189 0.018626 0.045849
3 0.394016 0.411368 0.037252 0.063679
3 0.366076 0.417736 0.055879 0.081510
3 0.554589 0.400443 0.025587 0.046923
3 0.596038 0.405000 0.025790 0.045849
3 0.565233 0.408639 0.035820 0.042937
3 0.297064 0.416463 0.108892 0.124811
1 0.261483 0.439387 0.028656 0.119717
3 0.080025 0.513595 0.160050 0.522851
1 0.811693 0.403429 0.012936 0.070726
1 0.758516 0.402245 0.011462 0.055102
3 0.699772 0.399142 0.017193 0.022925
3 0.119512 0.427925 0.061862 0.066226
3 0.511614 0.400543 0.029868 0.045849
3 0.483565 0.410604 0.010029 0.030566
3 0.463608 0.408457 0.034387 0.043302
1 0.149537 0.427959 0.018597 0.062449
3 0.160386 0.435306 0.034094 0.062449
3 0.536767 0.397653 0.014464 0.020204
8 0.203319 0.441274 0.034895 0.047146
