10 0.787079 0.218413 0.039782 0.099846
9 0.502167 0.302658 0.005850 0.022881
9 0.496902 0.307858 0.007020 0.024961
9 0.218425 0.320339 0.011701 0.024961
10 0.207310 0.316179 0.010531 0.016641
9 0.211405 0.370262 0.007020 0.016641
9 0.204384 0.370262 0.009361 0.016641
9 0.334262 0.323459 0.009361 0.018721
5 0.388670 0.398344 0.043293 0.076965
3 0.343998 0.390769 0.052234 0.115898
3 0.610984 0.395224 0.106476 0.166410
3 0.479351 0.390023 0.098286 0.122727
3 0.452439 0.457627 0.140408 0.262096
3 0.039593 0.453467 0.079187 0.141448
5 0.207310 0.401464 0.094776 0.066564
1 0.187297 0.424270 0.008434 0.041452
1 0.240657 0.416025 0.009361 0.041602
1 0.815161 0.393144 0.016381 0.128968
1 0.716290 0.398344 0.010531 0.064484
