10 0.604868 0.321470 0.016572 0.022529
10 0.701862 0.369522 0.019496 0.011188
10 0.606330 0.367394 0.015597 0.006932
10 0.628264 0.347465 0.010723 0.012131
10 0.342158 0.368261 0.015597 0.008665
10 0.266123 0.359596 0.021446 0.012131
9 0.342645 0.343132 0.006824 0.027728
9 0.532732 0.318004 0.006824 0.029461
9 0.618516 0.397722 0.006824 0.015597
9 0.524934 0.318004 0.006824 0.025995
9 0.660432 0.382991 0.020471 0.024262
9 0.642398 0.343132 0.007798 0.034660
3 0.469857 0.432381 0.015597 0.025995
3 0.439151 0.430648 0.016572 0.029461
3 0.413319 0.424583 0.019496 0.017330
3 0.393822 0.429782 0.019496 0.020796
3 0.289518 0.439313 0.035093 0.032927
3 0.265183 0.464442 0.081814 0.055456
3 0.491303 0.434981 0.011698 0.027728
3 0.499589 0.435847 0.012673 0.025995
3 0.509825 0.439313 0.009748 0.029461
3 0.516648 0.443646 0.015597 0.041592
3 0.529808 0.445379 0.024370 0.045058
3 0.610230 0.470507 0.038992 0.077985
3 0.646785 0.467041 0.067262 0.098781
3 0.712097 0.470507 0.123801 0.119576
3 0.768149 0.482638 0.111128 0.140372
3 0.548329 0.454910 0.039967 0.050257
3 0.455235 0.446245 0.033143 0.050257
3 0.415756 0.447112 0.024370 0.038126
10 0.562952 0.393389 0.014622 0.024262
3 0.889025 0.471374 0.220307 0.256483
