9 0.522604 0.577130 0.010468 0.018610
10 0.045816 0.458376 0.042892 0.067587
10 0.037043 0.547625 0.031194 0.020796
10 0.038018 0.569288 0.023395 0.022529
9 0.010235 0.592683 0.016572 0.024262
9 0.583910 0.582285 0.009748 0.034660
3 0.554178 0.703595 0.057514 0.093582
3 0.148171 0.753851 0.058488 0.155969
3 0.139885 0.711393 0.080909 0.154236
3 0.051177 0.705328 0.102355 0.135173
3 0.044444 0.847851 0.088526 0.300704
3 0.331435 0.739121 0.452311 0.514699
3 0.899302 0.906869 0.200390 0.181260
4 0.914042 0.730748 0.170910 0.347747
5 0.765712 0.684532 0.310964 0.367394
3 0.657020 0.796310 0.202760 0.265148
10 0.591516 0.615212 0.019881 0.024262
