3 0.025113 0.239528 0.050226 0.051024
10 0.296176 0.149882 0.033484 0.036142
10 0.305544 0.207284 0.015546 0.010630
10 0.495386 0.180108 0.049550 0.028536
10 0.586573 0.179291 0.022721 0.008504
10 0.455027 0.199488 0.015546 0.014882
10 0.453233 0.214370 0.014350 0.010630
10 0.458615 0.228189 0.022721 0.017008
10 0.428120 0.223937 0.009567 0.012756
9 0.355770 0.200551 0.010763 0.017008
3 0.499872 0.243071 0.021526 0.025512
3 0.466189 0.282756 0.015546 0.021260
3 0.452436 0.279567 0.028701 0.031890
3 0.442869 0.295512 0.031093 0.051024
3 0.426725 0.261496 0.020330 0.012756
4 0.522793 0.277441 0.027505 0.048898
3 0.544917 0.277087 0.016742 0.038268
3 0.564848 0.270000 0.021526 0.034016
5 0.610689 0.275669 0.078927 0.127559
3 0.569432 0.313228 0.058597 0.072283
3 0.490106 0.291614 0.051422 0.087165
3 0.405598 0.306496 0.070556 0.087165
10 0.709388 0.086528 0.014350 0.040394
10 0.709149 0.130748 0.021526 0.031890
10 0.708551 0.161575 0.013155 0.021260
10 0.739643 0.240236 0.015546 0.029764
10 0.715726 0.196654 0.017938 0.014882
9 0.715128 0.247677 0.014350 0.023386
4 0.762245 0.272126 0.176988 0.059528
3 0.722303 0.284882 0.045443 0.042520
3 0.824430 0.311457 0.062185 0.065906
3 0.850739 0.297638 0.066969 0.068032
5 0.923089 0.270000 0.108824 0.034016
4 0.948800 0.295512 0.098061 0.059528
4 0.885928 0.326604 0.063202 0.091949
3 0.761647 0.353976 0.147092 0.142441
10 0.971522 0.203032 0.011959 0.014882
10 0.936842 0.227480 0.016742 0.025512
10 0.933852 0.259370 0.013155 0.012756
