9 0.484269 0.103080 0.014396 0.081043
9 0.244940 0.327014 0.013196 0.063981
9 0.064993 0.285426 0.020394 0.078910
9 0.889748 0.343009 0.014396 0.040521
9 0.477671 0.393128 0.008398 0.021327
10 0.895746 0.275829 0.035989 0.021327
9 0.478870 0.363270 0.008398 0.017062
9 0.447080 0.420853 0.007198 0.017062
9 0.532254 0.420853 0.009597 0.012796
9 0.896946 0.402725 0.019194 0.031990
10 0.030204 0.287559 0.013196 0.040521
10 0.043400 0.159597 0.053984 0.066114
3 0.454877 0.448578 0.010797 0.012796
3 0.446480 0.450711 0.015595 0.029858
3 0.435083 0.456042 0.016795 0.040521
3 0.419488 0.476303 0.033590 0.063981
3 0.490867 0.442180 0.010797 0.021327
3 0.503463 0.452843 0.019194 0.025592
3 0.519658 0.445379 0.015595 0.014929
3 0.541852 0.445379 0.009597 0.019194
3 0.548450 0.450711 0.008398 0.017062
3 0.555647 0.456042 0.008398 0.019194
3 0.571843 0.450711 0.023993 0.038389
3 0.588038 0.460308 0.013196 0.019194
3 0.603033 0.458175 0.011996 0.023460
3 0.608432 0.461374 0.022793 0.025592
3 0.477071 0.458175 0.028791 0.053318
3 0.520258 0.459241 0.028791 0.038389
3 0.643581 0.530631 0.119595 0.145946
10 0.758387 0.478436 0.015595 0.046919
3 0.262364 0.573341 0.338241 0.415877
10 0.406585 0.389476 0.010135 0.030493
10 0.267418 0.345816 0.017152 0.042967
