3 0.557872 0.514488 0.010763 0.021260
3 0.562655 0.516614 0.013155 0.021260
3 0.568635 0.521929 0.013155 0.027638
3 0.575212 0.524055 0.014350 0.036142
3 0.583583 0.528307 0.026309 0.040394
3 0.639191 0.544252 0.025113 0.042520
3 0.656531 0.547441 0.031093 0.053150
3 0.779107 0.567638 0.108824 0.131811
3 0.891399 0.585709 0.205689 0.193465
3 0.515897 0.519803 0.016742 0.036142
3 0.472008 0.519803 0.019851 0.031890
3 0.411378 0.530433 0.110020 0.155197
3 0.603315 0.540000 0.032288 0.046772
3 0.687623 0.553819 0.062185 0.082913
3 0.091484 0.531496 0.182968 0.229606
3 0.960161 0.637795 0.077731 0.221102
10 0.651149 0.471969 0.010763 0.017008
10 0.562057 0.469843 0.011959 0.012756
3 0.496285 0.519803 0.028701 0.044646
3 0.531945 0.504465 0.009564 0.008501
10 0.498472 0.493413 0.005738 0.013602
