9 0.478906 0.284211 0.006994 0.014211
9 0.512878 0.288651 0.008993 0.015987
9 0.575826 0.287763 0.006994 0.014211
10 0.543353 0.268224 0.013988 0.028421
10 0.739192 0.047072 0.049959 0.087039
3 0.484401 0.316184 0.009992 0.014211
3 0.459388 0.315296 0.018053 0.033750
3 0.488898 0.322401 0.010991 0.012434
3 0.588316 0.313520 0.031974 0.065724
3 0.565335 0.325954 0.021982 0.033750
4 0.755734 0.227928 0.312855 0.412613
4 0.310045 0.301086 0.052956 0.062171
4 0.240602 0.295757 0.089926 0.083487
4 0.132191 0.310811 0.128894 0.095495
4 0.026778 0.288651 0.051957 0.147434
3 0.925039 0.404112 0.149877 0.239803
3 0.438176 0.318004 0.020471 0.029461
