9 0.586834 0.191496 0.013647 0.067587
9 0.564901 0.194095 0.016572 0.076252
9 0.557590 0.212291 0.017547 0.077985
9 0.048740 0.232221 0.015597 0.055456
10 0.589271 0.239153 0.030219 0.038126
10 0.613154 0.262548 0.025345 0.019063
9 0.598045 0.283344 0.012673 0.046791
9 0.622415 0.406387 0.014622 0.032927
9 0.635575 0.405520 0.011698 0.027728
1 0.543943 0.509500 0.019496 0.100514
1 0.654096 0.498235 0.023395 0.091849
1 0.739392 0.520764 0.022421 0.116110
1 0.780334 0.492170 0.018521 0.103980
1 0.813477 0.499968 0.018521 0.105712
1 0.801779 0.499968 0.014622 0.091849
1 0.983094 0.528562 0.032169 0.197561
1 0.947513 0.522497 0.042892 0.192362
10 0.431840 0.411586 0.009748 0.012131
10 0.579036 0.381258 0.025345 0.024262
10 0.582448 0.413319 0.016572 0.036393
3 0.425991 0.480039 0.007798 0.038126
4 0.450606 0.469369 0.043382 0.077477
3 0.468327 0.485586 0.026184 0.073874
3 0.483785 0.490119 0.031754 0.075617
3 0.524447 0.492128 0.070186 0.100429
3 0.300728 0.483505 0.039967 0.076252
4 0.251013 0.436714 0.071161 0.076252
4 0.150120 0.446245 0.148171 0.206226
3 0.247601 0.503434 0.079934 0.105712
3 0.094257 0.545045 0.188514 0.282883
5 0.368919 0.451712 0.093243 0.213693
4 0.450507 0.475676 0.027365 0.068468
