10 0.193742 0.264040 0.066270 0.192659
10 0.658411 0.327105 0.106811 0.047125
10 0.656462 0.399178 0.109150 0.113655
9 0.467787 0.384625 0.007796 0.018018
9 0.455703 0.382546 0.008576 0.019405
9 0.431924 0.322253 0.007796 0.023563
9 0.598768 0.263347 0.009356 0.027721
9 0.835390 0.277900 0.010135 0.031879
3 0.314977 0.433136 0.023389 0.031879
3 0.274435 0.431750 0.015593 0.018018
3 0.280672 0.424127 0.015593 0.013860
3 0.073287 0.418583 0.024949 0.027721
3 0.049507 0.413732 0.016373 0.020791
3 0.104472 0.420662 0.023389 0.031879
3 0.134099 0.419276 0.023389 0.029107
