9 0.629782 0.228257 0.010991 0.051513
9 0.797144 0.228257 0.011990 0.047961
9 0.867086 0.223816 0.009992 0.046184
10 0.224615 0.194507 0.179852 0.094145
10 0.353509 0.206053 0.049959 0.092368
10 0.384484 0.112796 0.057952 0.111908
10 0.417956 0.254013 0.034971 0.095921
10 0.906554 0.238026 0.054955 0.085263
10 0.839109 0.278882 0.017985 0.056842
10 0.498390 0.313520 0.019984 0.033750
10 0.696727 0.317072 0.012989 0.044408
4 0.515376 0.373914 0.061949 0.065724
3 0.575326 0.394342 0.029975 0.028421
3 0.516875 0.387237 0.026978 0.039079
3 0.612296 0.391892 0.033972 0.045045
3 0.716211 0.404112 0.095921 0.150987
4 0.952016 0.350822 0.093923 0.119013
