3 0.369496 0.442303 0.005995 0.017763
3 0.432444 0.442303 0.007993 0.024868
3 0.327031 0.451184 0.008993 0.024868
3 0.318538 0.454737 0.009992 0.024868
3 0.572329 0.459178 0.053956 0.083487
3 0.626285 0.468059 0.091924 0.108355
3 0.088727 0.490263 0.095921 0.092368
3 0.299553 0.451184 0.033972 0.042632
3 0.358005 0.448520 0.012989 0.023092
3 0.412960 0.444967 0.024979 0.044408
4 0.393976 0.444079 0.012989 0.028421
3 0.380487 0.444079 0.009992 0.014211
3 0.522370 0.464507 0.073939 0.101250
3 0.698225 0.486711 0.107911 0.127895
4 0.210127 0.460954 0.074938 0.076382
5 0.465417 0.424539 0.057952 0.113684
3 0.027777 0.504474 0.053956 0.106579
3 0.972999 0.465395 0.053956 0.156316
