3 0.378199 0.464559 0.026801 0.029118
3 0.357353 0.465883 0.032757 0.031765
3 0.313429 0.480442 0.025313 0.029118
3 0.331296 0.472500 0.013401 0.034412
3 0.280671 0.481765 0.043180 0.031765
3 0.247914 0.487059 0.040202 0.021176
3 0.201011 0.498971 0.053603 0.034412
3 0.124329 0.512206 0.031268 0.029118
3 0.071471 0.521471 0.020846 0.026471
3 0.012656 0.538677 0.025313 0.066177
3 0.492477 0.465221 0.022335 0.029118
3 0.521512 0.461250 0.020846 0.026471
3 0.614666 0.463897 0.126749 0.227647
3 0.528213 0.440074 0.017868 0.015882
10 0.485256 0.354706 0.028290 0.010588
10 0.477811 0.370588 0.013401 0.015882
10 0.492701 0.369265 0.013401 0.013235
10 0.783050 0.301765 0.028290 0.063529
9 0.486894 0.387794 0.011912 0.018529
10 0.454136 0.363971 0.020846 0.013235
9 0.457114 0.381177 0.008934 0.021176
10 0.688500 0.414265 0.008934 0.023824
