10 0.236164 0.407371 0.006316 0.006238
3 0.327752 0.356215 0.016844 0.008734
10 0.657961 0.358711 0.007720 0.006238
9 0.237568 0.368692 0.006316 0.008734
10 0.171245 0.350601 0.007018 0.017468
9 0.277923 0.386784 0.005615 0.007486
9 0.364247 0.353720 0.004211 0.018715
9 0.476188 0.354968 0.004913 0.023706
9 0.563495 0.349852 0.006316 0.027449
3 0.150120 0.441974 0.116643 0.150308
3 0.340385 0.440434 0.007018 0.014972
3 0.354071 0.442930 0.010527 0.012477
3 0.373371 0.440434 0.012633 0.019963
3 0.440395 0.448544 0.009124 0.011229
3 0.506156 0.427957 0.025266 0.042421
3 0.538440 0.443553 0.046320 0.038678
3 0.258131 0.445425 0.064568 0.072366
3 0.408322 0.449837 0.063164 0.093486
3 0.488681 0.443553 0.040004 0.058641
3 0.588340 0.457902 0.065270 0.087338
3 0.069691 0.466012 0.138260 0.210859
3 0.890515 0.519795 0.218969 0.257707
1 0.548055 0.442306 0.007720 0.043669
3 0.465591 0.451663 0.008422 0.009982
9 0.444902 0.423023 0.005849 0.015597
9 0.572602 0.403787 0.013647 0.017330
1 0.744932 0.472973 0.024324 0.059459
