10 0.379075 0.544135 0.011937 0.022854
10 0.415345 0.489450 0.011019 0.021221
10 0.449320 0.488634 0.012855 0.022854
10 0.481458 0.496796 0.014692 0.029383
10 0.543132 0.521282 0.013773 0.022854
10 0.569302 0.553930 0.011019 0.032648
10 0.444029 0.540910 0.029383 0.024486
10 0.556053 0.567844 0.011019 0.035913
3 0.440291 0.596372 0.021119 0.032648
3 0.428813 0.600453 0.016528 0.040810
3 0.411826 0.609432 0.043157 0.055502
3 0.206142 0.582279 0.033974 0.021221
3 0.240576 0.583096 0.036729 0.026119
3 0.380147 0.596971 0.022037 0.063664
3 0.515585 0.587993 0.035811 0.084885
3 0.778750 0.613295 0.131307 0.145284
3 0.329093 0.611663 0.113860 0.155079
3 0.059226 0.631741 0.117533 0.251391
3 0.480168 0.613552 0.070704 0.107739
