1 0.983581 0.549358 0.029244 0.266881
1 0.940690 0.559756 0.076035 0.273813
1 0.405520 0.512966 0.011698 0.048524
3 0.435739 0.487837 0.009748 0.015597
3 0.438664 0.497369 0.007798 0.017330
3 0.443050 0.506900 0.006824 0.022529
3 0.450361 0.513832 0.015597 0.036393
3 0.460597 0.521631 0.010723 0.045058
3 0.467420 0.524230 0.010723 0.053723
3 0.485942 0.525096 0.030219 0.100514
3 0.504463 0.531162 0.039967 0.119576
3 0.572212 0.537227 0.138423 0.194095
3 0.395772 0.499102 0.007798 0.020796
3 0.389923 0.502568 0.007798 0.013864
3 0.385049 0.507767 0.009748 0.017330
3 0.377738 0.511233 0.008773 0.017330
3 0.372864 0.514699 0.008773 0.017330
3 0.367503 0.517298 0.009748 0.025995
3 0.353855 0.522497 0.021446 0.029461
10 0.566851 0.390790 0.018521 0.032927
10 0.113565 0.402921 0.014622 0.029461
10 0.331435 0.478306 0.011698 0.020796
3 0.327048 0.524230 0.020471 0.046791
3 0.315350 0.525963 0.020471 0.046791
3 0.302190 0.527696 0.019496 0.050257
3 0.290980 0.528562 0.020471 0.058922
3 0.259786 0.527696 0.055564 0.088383
3 0.222256 0.545892 0.064337 0.086650
3 0.161331 0.556290 0.084808 0.114377
3 0.094556 0.571021 0.087733 0.119576
3 0.050690 0.623877 0.101380 0.256483
