9 0.381650 0.166410 0.012871 0.058243
9 0.371119 0.173690 0.010531 0.052003
9 0.127745 0.245455 0.019891 0.033282
9 0.113704 0.241294 0.010531 0.029122
9 0.725651 0.265216 0.008190 0.047843
9 0.715120 0.260016 0.010531 0.045763
9 0.733256 0.265216 0.007020 0.052003
9 0.400371 0.241294 0.012871 0.045763
9 0.953229 0.223613 0.021061 0.060324
9 0.975461 0.227774 0.023401 0.060324
10 0.079187 0.237134 0.023401 0.049923
10 0.151731 0.184091 0.014041 0.064484
10 0.147051 0.130008 0.032762 0.022881
10 0.154656 0.104006 0.015211 0.024961
10 0.221350 0.239214 0.017551 0.020801
9 0.323732 0.246495 0.016381 0.039522
10 0.345963 0.163290 0.016381 0.060324
10 0.859624 0.280817 0.007020 0.037442
10 0.860794 0.362982 0.009361 0.027042
10 0.939189 0.030162 0.025742 0.047843
10 0.962005 0.065524 0.059674 0.035362
10 0.916957 0.119607 0.030422 0.047843
10 0.396276 0.356741 0.007020 0.022881
10 0.398616 0.382743 0.009361 0.016641
10 0.616834 0.367142 0.012871 0.010401
10 0.232466 0.262096 0.021061 0.016641
3 0.183323 0.373382 0.021061 0.022881
3 0.170452 0.388983 0.049143 0.045763
3 0.379895 0.407704 0.018721 0.058243
3 0.399786 0.399384 0.018721 0.024961
3 0.437813 0.400424 0.040952 0.043683
3 0.542535 0.414985 0.009361 0.027042
3 0.565936 0.417065 0.046803 0.072804
3 0.907012 0.451387 0.115837 0.074884
3 0.935678 0.438906 0.126368 0.099846
3 0.847923 0.448267 0.032762 0.047843
3 0.056371 0.447227 0.111157 0.212173
3 0.284534 0.411865 0.190721 0.257935
3 0.500412 0.422265 0.088925 0.137288
3 0.634385 0.439946 0.092436 0.110247
1 0.772454 0.438906 0.015211 0.079045
1 0.713950 0.435786 0.015211 0.072804
1 0.794685 0.434746 0.026912 0.112327
9 0.737857 0.358753 0.008608 0.030605
