10 0.291815 0.385881 0.019673 0.011658
10 0.449723 0.424352 0.006558 0.018653
10 0.487757 0.415026 0.011804 0.023316
10 0.563170 0.334585 0.018361 0.020984
10 0.565138 0.404534 0.019673 0.011658
9 0.290110 0.352073 0.005246 0.027979
9 0.358965 0.409197 0.006558 0.020984
9 0.429132 0.403368 0.005246 0.023316
9 0.484085 0.343912 0.006558 0.030311
9 0.474118 0.343912 0.009181 0.030311
9 0.577073 0.419689 0.018361 0.023316
3 0.428739 0.453497 0.014427 0.016321
3 0.416935 0.455829 0.011804 0.020984
3 0.411689 0.462824 0.014427 0.025648
3 0.449723 0.453497 0.011804 0.020984
3 0.459560 0.455829 0.013115 0.025648
3 0.474642 0.455829 0.019673 0.030311
3 0.515955 0.483808 0.070823 0.095596
3 0.663896 0.508290 0.089184 0.116580
3 0.770654 0.529275 0.175745 0.177202
3 0.265585 0.439508 0.022296 0.020984
3 0.387897 0.465436 0.055288 0.096156
3 0.586778 0.546762 0.133776 0.151554
3 0.899971 0.603886 0.196729 0.237824
3 0.021791 0.677477 0.043581 0.245045
