3 0.439680 0.626103 0.016742 0.031890
3 0.403206 0.639921 0.008371 0.021260
3 0.394835 0.637795 0.013155 0.025512
3 0.493295 0.628229 0.017938 0.029764
3 0.507645 0.629292 0.017938 0.027638
3 0.527975 0.617175 0.029897 0.067184
3 0.568385 0.612294 0.068664 0.099942
3 0.833348 0.697825 0.329717 0.300767
3 0.639191 0.614410 0.020330 0.036142
3 0.463825 0.624827 0.036218 0.048472
3 0.376100 0.629292 0.032288 0.040394
3 0.320293 0.623091 0.059395 0.074764
10 0.215854 0.505984 0.022721 0.010630
10 0.214658 0.529370 0.029897 0.019134
5 0.419240 0.613288 0.032581 0.071550
