9 0.395832 0.436890 0.007175 0.019134
9 0.437089 0.434764 0.008371 0.019134
9 0.480140 0.415630 0.008371 0.019134
9 0.514223 0.428386 0.009567 0.019134
9 0.522594 0.428386 0.009567 0.014882
10 0.539336 0.362480 0.023917 0.014882
10 0.540532 0.395433 0.009567 0.017008
10 0.541728 0.416693 0.011959 0.025512
10 0.383873 0.436890 0.009567 0.019134
1 0.187153 0.486851 0.020330 0.055276
3 0.482532 0.452835 0.008371 0.017008
3 0.492697 0.456024 0.011959 0.019134
3 0.463398 0.478347 0.044247 0.072283
3 0.520800 0.476221 0.029897 0.042520
5 0.513027 0.465591 0.031093 0.051024
3 0.416759 0.465591 0.027505 0.025512
3 0.358760 0.483662 0.014350 0.019134
3 0.339626 0.485788 0.023917 0.027638
3 0.312121 0.490040 0.040659 0.053150
3 0.279833 0.505984 0.023917 0.034016
3 0.248142 0.510236 0.049031 0.038268
3 0.115401 0.522826 0.084907 0.105967
3 0.042453 0.520866 0.084907 0.153071
