3 0.457694 0.554398 0.009466 0.020568
3 0.450331 0.554398 0.015776 0.024307
3 0.439814 0.555333 0.015776 0.029917
3 0.423511 0.560942 0.025242 0.041136
3 0.396691 0.564761 0.045226 0.059675
3 0.346206 0.572136 0.062054 0.108498
3 0.254177 0.587074 0.151454 0.175852
3 0.496609 0.558137 0.007362 0.016828
3 0.507127 0.558137 0.015776 0.020568
3 0.517644 0.563747 0.015776 0.028047
3 0.532369 0.571226 0.017880 0.024307
3 0.564029 0.580575 0.049647 0.061704
3 0.658581 0.602078 0.080986 0.134626
3 0.736954 0.635442 0.188266 0.186981
4 0.054357 0.653013 0.106228 0.394144
9 0.492418 0.537277 0.012621 0.016828
9 0.470857 0.537277 0.009466 0.016828
10 0.697355 0.517040 0.023917 0.025512
10 0.652510 0.483024 0.027505 0.021260
