10 0.121835 0.250788 0.040531 0.024471
10 0.161995 0.256495 0.016059 0.032628
10 0.054933 0.222508 0.009941 0.029909
9 0.182260 0.253550 0.007647 0.028550
3 0.333676 0.406269 0.035177 0.063897
3 0.355853 0.398112 0.010706 0.050302
3 0.166966 0.398112 0.044354 0.104683
3 0.153201 0.364804 0.026001 0.035347
3 0.084757 0.376359 0.124651 0.221601
3 0.031991 0.413921 0.061943 0.357656
5 0.615741 0.379305 0.533541 0.756798
3 0.251699 0.439124 0.158761 0.247432
3 0.944583 0.632879 0.108336 0.158433
1 0.907748 0.530665 0.029060 0.133233
