10 0.629713 0.327857 0.008265 0.014694
3 0.380721 0.405000 0.019630 0.025714
3 0.362640 0.397653 0.022730 0.029388
3 0.354892 0.413265 0.029962 0.045918
3 0.332162 0.416020 0.036161 0.047755
3 0.302717 0.419600 0.037194 0.058962
3 0.255708 0.417511 0.060957 0.088855
3 0.204050 0.427959 0.079554 0.093673
3 0.138444 0.434388 0.064056 0.113878
10 0.574439 0.365510 0.005166 0.016531
3 0.559974 0.411428 0.015497 0.045918
3 0.580293 0.409898 0.008265 0.023878
3 0.592175 0.417245 0.017564 0.042245
3 0.614388 0.419082 0.047526 0.056939
3 0.510899 0.397041 0.011365 0.020204
3 0.501084 0.411735 0.028929 0.038571
3 0.480421 0.400714 0.014464 0.009184
3 0.477838 0.409898 0.017564 0.012857
3 0.462340 0.407143 0.013431 0.018367
3 0.453559 0.409898 0.010332 0.020204
3 0.393635 0.408980 0.016531 0.036735
5 0.426180 0.393367 0.048559 0.078980
3 0.055274 0.408061 0.110548 0.185510
3 0.717777 0.483979 0.200434 0.236939
3 0.532620 0.422066 0.045849 0.073868
1 0.907954 0.425043 0.026831 0.103918
