3 0.448001 0.486151 0.011477 0.015302
3 0.435090 0.487851 0.012433 0.015302
3 0.426483 0.490401 0.012433 0.020403
3 0.416919 0.492102 0.012433 0.023804
3 0.409746 0.493802 0.015302 0.027204
3 0.397791 0.495502 0.014346 0.027204
3 0.386314 0.495502 0.018171 0.030605
3 0.377228 0.498903 0.022953 0.027204
3 0.365752 0.503153 0.022953 0.039106
3 0.351406 0.505704 0.026779 0.044207
3 0.330365 0.499753 0.032517 0.066310
3 0.302152 0.505704 0.052602 0.071411
3 0.285893 0.520156 0.048776 0.069710
3 0.230161 0.523556 0.085641 0.086713
3 0.462347 0.487001 0.017215 0.013602
3 0.476215 0.485301 0.010520 0.017003
3 0.485301 0.487851 0.011477 0.025504
3 0.495343 0.487001 0.016259 0.027204
3 0.504429 0.492102 0.017215 0.030605
3 0.522122 0.491252 0.025823 0.042506
3 0.546988 0.500603 0.029648 0.054408
3 0.557987 0.513355 0.034430 0.056108
3 0.602459 0.506554 0.083206 0.117317
3 0.624456 0.532058 0.052602 0.096914
3 0.692428 0.538859 0.126244 0.134320
3 0.762245 0.576264 0.143459 0.144521
3 0.891358 0.621806 0.216145 0.252129
3 0.052689 0.557315 0.105377 0.146017
9 0.441534 0.466436 0.009564 0.013602
9 0.481703 0.467286 0.009564 0.015302
9 0.455402 0.472104 0.008608 0.013602
10 0.331549 0.451134 0.017215 0.030605
10 0.567300 0.433281 0.016259 0.025504
10 0.363588 0.440082 0.010520 0.008501
10 0.367414 0.466436 0.012433 0.020403
