9 0.441018 0.525949 0.010005 0.023123
9 0.493044 0.526838 0.008004 0.021344
9 0.461028 0.557075 0.006003 0.014229
9 0.490542 0.552629 0.009004 0.012451
9 0.470532 0.564190 0.005002 0.014229
9 0.573583 0.249368 0.017008 0.078261
9 0.153876 0.510830 0.012006 0.024901
9 0.687139 0.488597 0.010005 0.026680
9 0.129364 0.508162 0.017008 0.026680
9 0.718655 0.485040 0.021010 0.033794
9 0.549572 0.252036 0.011005 0.069368
10 0.560077 0.512609 0.010005 0.021344
10 0.693643 0.408557 0.033016 0.019565
10 0.710651 0.394328 0.025012 0.023123
3 0.468531 0.585534 0.009004 0.017787
3 0.463029 0.583755 0.012006 0.014229
3 0.456025 0.585534 0.010005 0.017787
3 0.445020 0.582866 0.016008 0.026680
3 0.437516 0.591759 0.017008 0.019565
3 0.427011 0.596206 0.020010 0.024901
3 0.415005 0.599763 0.014007 0.021344
3 0.397997 0.599763 0.026013 0.042688
3 0.369983 0.594427 0.034017 0.056917
3 0.351974 0.608656 0.030015 0.042688
3 0.310954 0.613628 0.070035 0.081091
3 0.254926 0.625554 0.096047 0.090711
3 0.499047 0.600652 0.030015 0.044466
4 0.527060 0.581087 0.044022 0.065810
3 0.527060 0.597984 0.018009 0.035573
3 0.544069 0.598874 0.026013 0.048024
3 0.562578 0.604210 0.033016 0.062253
3 0.610602 0.605099 0.081040 0.120949
10 0.668231 0.472240 0.020471 0.022529
