10 0.690153 0.326020 0.008265 0.016531
10 0.696868 0.356326 0.013431 0.033061
10 0.646760 0.365510 0.010332 0.014694
10 0.595618 0.428877 0.011365 0.009184
9 0.486103 0.418775 0.007232 0.031224
9 0.530529 0.413265 0.007232 0.020204
9 0.517098 0.437143 0.005166 0.020204
9 0.534145 0.438979 0.006199 0.016531
9 0.542411 0.445408 0.004133 0.014694
9 0.694286 0.397653 0.009298 0.014694
9 0.430312 0.458265 0.009298 0.011020
9 0.595618 0.452755 0.006199 0.018367
9 0.566690 0.458265 0.004133 0.014694
1 0.736645 0.494082 0.015497 0.082653
3 0.370906 0.506939 0.024796 0.023878
3 0.334228 0.527143 0.069222 0.075306
3 0.391569 0.526224 0.055791 0.128571
3 0.717015 0.492245 0.030995 0.049592
1 0.634362 0.491326 0.014464 0.029388
1 0.614111 0.487285 0.015077 0.028866
3 0.522781 0.492245 0.022730 0.038571
3 0.507800 0.503265 0.027895 0.064286
3 0.461143 0.562959 0.123276 0.176326
3 0.544994 0.497546 0.042360 0.064704
3 0.647978 0.722358 0.315044 0.443299
1 0.140510 0.530816 0.027895 0.102857
3 0.249936 0.517182 0.054510 0.055670
