1 0.349290 0.427165 0.016714 0.075270
1 0.131969 0.481101 0.032779 0.161643
1 0.005207 0.428379 0.010414 0.077698
1 0.062997 0.423863 0.025950 0.072162
1 0.041144 0.415025 0.017755 0.055845
2 0.382590 0.421095 0.020487 0.077698
8 0.383273 0.440519 0.013658 0.058273
1 0.621602 0.407741 0.031413 0.089838
3 0.794147 0.539391 0.409282 0.409273
3 0.458391 0.489160 0.144773 0.262071
3 0.555362 0.406527 0.057363 0.072842
3 0.517803 0.394386 0.042339 0.038849
3 0.402394 0.419881 0.013658 0.046133
9 0.289717 0.348253 0.015024 0.019424
9 0.295863 0.260843 0.010926 0.038849
9 0.356640 0.201020 0.009560 0.045461
9 0.477512 0.140654 0.010926 0.065558
9 0.366048 0.203784 0.006524 0.041277
9 0.344348 0.200141 0.012292 0.043705
9 0.463854 0.144296 0.010926 0.058273
9 0.493219 0.145510 0.012292 0.060701
10 0.174991 0.327282 0.012292 0.016332
10 0.286302 0.287552 0.024584 0.014568
1 0.331373 0.412597 0.005463 0.041277
1 0.340251 0.406527 0.006829 0.053417
3 0.600117 0.383437 0.044297 0.024375
