3 0.023511 0.240141 0.044215 0.032440
3 0.059304 0.243260 0.031582 0.026201
3 0.141418 0.247003 0.017546 0.016220
3 0.170193 0.247003 0.011931 0.013725
3 0.187036 0.243884 0.024564 0.022458
3 0.130189 0.220178 0.006316 0.012477
3 0.143874 0.222050 0.007018 0.008734
3 0.157209 0.221426 0.007018 0.009982
3 0.165982 0.225169 0.010527 0.014972
3 0.197564 0.228912 0.011931 0.012477
3 0.223531 0.246380 0.014738 0.017468
3 0.241816 0.245696 0.016067 0.018596
3 0.276091 0.273009 0.035639 0.045307
3 0.301083 0.238270 0.008422 0.011229
3 0.309505 0.242637 0.009826 0.019963
3 0.318278 0.249499 0.013335 0.008734
3 0.338631 0.248251 0.013335 0.016220
3 0.362142 0.244508 0.014037 0.013725
3 0.363896 0.258233 0.014738 0.018715
3 0.386706 0.256361 0.009826 0.019963
3 0.427412 0.264471 0.021055 0.033688
3 0.402146 0.261352 0.016844 0.017468
3 0.313716 0.281839 0.046320 0.063434
3 0.448466 0.271957 0.035091 0.058641
3 0.493890 0.295039 0.078263 0.124769
10 0.287748 0.190234 0.036495 0.027449
10 0.323191 0.193977 0.032986 0.034935
10 0.233357 0.212692 0.004913 0.009982
10 0.220373 0.220802 0.004211 0.011229
10 0.356527 0.216435 0.005615 0.012477
10 0.187887 0.175052 0.018557 0.035052
10 0.165271 0.175052 0.015077 0.035052
10 0.212822 0.182268 0.035954 0.045361
3 0.375657 0.258308 0.018639 0.027455
3 0.351693 0.263988 0.019704 0.025562
