10 0.075494 0.313216 0.034452 0.112287
10 0.362222 0.544849 0.020097 0.010208
10 0.509002 0.557609 0.015073 0.007656
10 0.501106 0.550591 0.006460 0.011484
9 0.376458 0.547826 0.010766 0.020416
9 0.488067 0.557396 0.011484 0.019140
9 0.531491 0.589296 0.006460 0.014036
3 0.369998 0.632254 0.053831 0.070180
3 0.531730 0.618857 0.032299 0.038280
3 0.183264 0.631404 0.073210 0.100803
3 0.237095 0.640974 0.033016 0.058696
3 0.077397 0.655648 0.154315 0.126323
3 0.565258 0.636449 0.051678 0.067628
3 0.448722 0.693230 0.143549 0.211815
1 0.832705 0.637571 0.017944 0.102079
1 0.802560 0.649055 0.029428 0.130151
