3 0.434490 0.454914 0.025950 0.041277
3 0.450196 0.453700 0.016389 0.033993
3 0.501491 0.463754 0.030209 0.051730
3 0.393483 0.460088 0.046415 0.083225
3 0.614498 0.486698 0.093714 0.119413
3 0.108750 0.456128 0.046437 0.067986
3 0.047913 0.450352 0.095827 0.095449
3 0.156553 0.465841 0.084679 0.199101
9 0.364152 0.388143 0.010926 0.024281
9 0.473415 0.372360 0.013658 0.036421
9 0.510291 0.392999 0.013658 0.024281
10 0.549216 0.351722 0.020487 0.024281
10 0.121725 0.403925 0.012292 0.041277
3 0.476247 0.476440 0.053512 0.081935
3 0.541062 0.474041 0.044855 0.062569
3 0.268547 0.502261 0.240378 0.344784
