10 0.372208 0.508263 0.050842 0.046582
10 0.478270 0.555959 0.035989 0.026943
10 0.527906 0.512837 0.025720 0.032146
10 0.528656 0.543839 0.026392 0.021327
10 0.863956 0.520379 0.077977 0.076777
10 0.787179 0.513981 0.075578 0.076777
3 0.075190 0.604620 0.021594 0.044787
4 0.039418 0.609003 0.078837 0.057818
3 0.223434 0.593957 0.016795 0.017062
3 0.291813 0.588092 0.011996 0.011730
10 0.265421 0.567298 0.014396 0.014929
3 0.340399 0.587559 0.008398 0.019194
3 0.327803 0.590758 0.014396 0.021327
3 0.314007 0.598222 0.020394 0.023460
3 0.421375 0.589692 0.009597 0.010664
3 0.408179 0.591824 0.011996 0.014929
3 0.440569 0.592891 0.009597 0.012796
3 0.391984 0.589692 0.010797 0.019194
3 0.462163 0.590758 0.016795 0.021327
3 0.487355 0.596090 0.019194 0.031990
3 0.613318 0.645142 0.071979 0.100237
3 0.426173 0.614218 0.031191 0.038389
3 0.390184 0.644075 0.064781 0.089573
3 0.194042 0.662203 0.142758 0.130095
9 0.830366 0.599289 0.010797 0.038389
9 0.792577 0.599809 0.009597 0.026632
9 0.746391 0.599289 0.008398 0.029858
