9 0.411519 0.313026 0.009946 0.021841
9 0.311478 0.337467 0.011116 0.031202
9 0.305627 0.339028 0.008776 0.023921
9 0.405961 0.313546 0.007020 0.020801
9 0.332539 0.383230 0.006435 0.012481
9 0.329321 0.384270 0.005850 0.018721
9 0.384608 0.378731 0.006435 0.008320
10 0.247250 0.375462 0.008190 0.010401
10 0.255148 0.385863 0.013456 0.010401
10 0.250760 0.401984 0.009361 0.009361
10 0.496600 0.358301 0.007605 0.019761
2 0.560931 0.405104 0.016381 0.050963
8 0.558788 0.425305 0.014626 0.043683
3 0.414403 0.419071 0.010531 0.015601
3 0.402702 0.416470 0.008190 0.018721
3 0.397437 0.416990 0.010531 0.019761
3 0.395389 0.420631 0.007605 0.014561
3 0.364383 0.424271 0.009946 0.019761
3 0.354729 0.427391 0.022231 0.034322
3 0.308804 0.428951 0.011116 0.022881
3 0.294763 0.447672 0.031007 0.043683
3 0.248635 0.453809 0.044925 0.096564
3 0.231287 0.466393 0.030422 0.112327
3 0.068313 0.445592 0.023401 0.020801
3 0.389832 0.424494 0.015211 0.022881
3 0.326464 0.440120 0.040838 0.060646
3 0.137723 0.498338 0.193646 0.245455
3 0.452890 0.439575 0.073129 0.119607
3 0.506588 0.424345 0.043293 0.074884
3 0.846284 0.396206 0.121562 0.121347
3 0.690247 0.435266 0.170245 0.184091
3 0.529047 0.429545 0.060259 0.068644
10 0.662405 0.418105 0.024571 0.036402
3 0.033347 0.499230 0.066109 0.116487
3 0.006728 0.587635 0.012871 0.162250
3 0.896566 0.476348 0.205932 0.278737
