3 0.338752 0.659801 0.008046 0.010728
3 0.331208 0.658013 0.005029 0.017881
4 0.324168 0.654437 0.013075 0.025033
3 0.320647 0.664271 0.010058 0.023245
3 0.312098 0.662483 0.011064 0.030397
3 0.296508 0.663377 0.018104 0.046490
3 0.285947 0.673212 0.015087 0.037550
3 0.270358 0.661589 0.024139 0.057219
3 0.265329 0.675894 0.018104 0.060795
3 0.246721 0.673212 0.031180 0.076887
3 0.220571 0.664271 0.035203 0.109073
3 0.140107 0.659801 0.145840 0.168079
3 0.350318 0.654437 0.007041 0.014305
3 0.361382 0.665166 0.007041 0.021457
3 0.368423 0.661589 0.011064 0.028609
3 0.392059 0.662483 0.038220 0.059007
3 0.451401 0.687517 0.072417 0.119801
3 0.915072 0.710762 0.166962 0.169868
1 0.737549 0.687517 0.033191 0.180596
1 0.663623 0.657119 0.026151 0.130530
1 0.591709 0.665166 0.023133 0.135894
9 0.778284 0.557881 0.028162 0.032185
10 0.767220 0.467583 0.018104 0.041126
10 0.757665 0.426457 0.019110 0.033974
10 0.803932 0.401424 0.051296 0.026821
