3 0.357038 0.503053 0.015610 0.021221
3 0.330868 0.502237 0.011019 0.016324
3 0.321686 0.513664 0.016528 0.032648
3 0.303781 0.531620 0.041320 0.045707
3 0.273938 0.536518 0.031220 0.055502
3 0.257410 0.546312 0.031220 0.062031
3 0.395144 0.503869 0.018365 0.026119
3 0.408000 0.503869 0.009182 0.019589
3 0.418100 0.505502 0.014692 0.022854
3 0.430955 0.504686 0.014692 0.024486
3 0.211958 0.556106 0.085395 0.084885
3 0.494299 0.517422 0.039484 0.053869
3 0.736990 0.476708 0.053034 0.055593
3 0.821718 0.471726 0.036004 0.061953
3 0.909794 0.490104 0.154737 0.162134
