9 0.338746 0.247818 0.010723 0.024262
9 0.300728 0.302407 0.008773 0.015597
9 0.650684 0.292876 0.016572 0.038126
9 0.415268 0.022529 0.019496 0.045058
9 0.435252 0.020796 0.022421 0.041592
9 0.366040 0.286810 0.004874 0.015597
9 0.392360 0.287677 0.006824 0.013864
9 0.372377 0.293742 0.007798 0.015597
9 0.439638 0.306740 0.009748 0.024262
10 0.142322 0.270347 0.023395 0.062388
10 0.214945 0.266014 0.012673 0.029461
10 0.476681 0.285944 0.009748 0.024262
10 0.635575 0.182831 0.038992 0.025995
10 0.635575 0.217490 0.013647 0.025995
3 0.397722 0.323203 0.009748 0.015597
3 0.403570 0.322336 0.007798 0.027728
3 0.410882 0.326669 0.010723 0.029461
3 0.420630 0.340533 0.012673 0.029461
3 0.428915 0.350064 0.011698 0.038126
3 0.440613 0.348331 0.023395 0.051990
3 0.445487 0.358729 0.021446 0.045058
3 0.450361 0.365661 0.023395 0.048524
3 0.459622 0.371727 0.024370 0.060655
3 0.486429 0.385591 0.060438 0.088383
3 0.367990 0.318870 0.006824 0.013864
3 0.361166 0.320603 0.008773 0.010398
3 0.353368 0.324936 0.006824 0.019063
3 0.346544 0.325802 0.010723 0.020796
3 0.337771 0.329268 0.008773 0.024262
3 0.328023 0.328402 0.014622 0.025995
3 0.313401 0.331868 0.014622 0.025995
3 0.295854 0.344865 0.022421 0.045058
3 0.260761 0.350931 0.043866 0.064121
3 0.219819 0.373460 0.051665 0.067587
3 0.202760 0.386457 0.042892 0.083184
3 0.124775 0.395122 0.126725 0.145571
3 0.516648 0.412452 0.081884 0.110911
3 0.376276 0.321470 0.011698 0.022529
9 0.341670 0.306740 0.006824 0.013864
1 0.510799 0.320603 0.011698 0.041592
7 0.061824 0.445045 0.093243 0.111712
