9 0.333785 0.221826 0.006152 0.023437
9 0.390035 0.243701 0.007910 0.020312
9 0.635689 0.190576 0.008789 0.023437
9 0.270064 0.218701 0.007031 0.023437
9 0.232710 0.186670 0.007910 0.025000
9 0.652828 0.195264 0.014941 0.023437
10 0.433980 0.176514 0.011426 0.026562
10 0.384322 0.228076 0.007031 0.023437
10 0.374214 0.245264 0.007910 0.017187
3 0.313130 0.259326 0.015820 0.026562
3 0.344771 0.260107 0.012305 0.018750
3 0.287203 0.256201 0.020215 0.026562
3 0.271822 0.262451 0.008789 0.017187
3 0.261714 0.259326 0.014941 0.026562
3 0.245015 0.263232 0.016699 0.025000
3 0.229634 0.260107 0.008789 0.018750
3 0.217769 0.267139 0.021973 0.026562
3 0.157564 0.275732 0.084375 0.087500
3 0.052974 0.300732 0.105469 0.156250
3 0.437935 0.266357 0.038672 0.043750
3 0.549745 0.288324 0.050598 0.049818
3 0.588228 0.296045 0.029883 0.071875
1 0.732369 0.302295 0.031641 0.078125
3 0.653706 0.373389 0.127441 0.139062
3 0.799605 0.365576 0.199512 0.185937
3 0.829488 0.555420 0.338379 0.590625
3 0.521035 0.287677 0.028269 0.041592
