9 0.307002 0.139137 0.021041 0.081612
9 0.906500 0.310438 0.021997 0.038256
9 0.146806 0.357478 0.014346 0.039956
9 0.324569 0.142566 0.013389 0.079062
9 0.875355 0.315142 0.007651 0.026354
9 0.170078 0.361587 0.008608 0.028904
9 0.292736 0.142396 0.011955 0.072261
3 0.492268 0.466780 0.014346 0.021253
3 0.476488 0.468055 0.015302 0.022103
3 0.459034 0.462104 0.025344 0.044207
3 0.542001 0.464229 0.012433 0.034855
3 0.555151 0.465930 0.020562 0.043356
3 0.420334 0.458218 0.054514 0.065460
3 0.588659 0.470970 0.065035 0.065460
3 0.518364 0.470120 0.009564 0.009351
9 0.524262 0.438665 0.004782 0.011902
9 0.500352 0.445466 0.004782 0.011902
9 0.493657 0.448016 0.004782 0.013602
3 0.948083 0.467853 0.100382 0.117317
