4 0.117628 0.365250 0.233549 0.480756
4 0.309521 0.382246 0.103800 0.165108
4 0.506193 0.353109 0.068289 0.111691
5 0.362786 0.327615 0.087410 0.118975
3 0.451646 0.573425 0.295177 0.333104
3 0.429710 0.389530 0.101068 0.048561
3 0.607261 0.457516 0.133847 0.199101
3 0.199575 0.500007 0.228086 0.235522
1 0.928903 0.461158 0.045071 0.182104
1 0.887247 0.415025 0.016389 0.133543
1 0.866077 0.433235 0.031413 0.140827
1 0.814178 0.433235 0.023218 0.169964
1 0.787545 0.449018 0.021853 0.152968
1 0.744523 0.427165 0.023218 0.118975
1 0.836030 0.427165 0.012292 0.123831
1 0.762961 0.442947 0.016389 0.111691
1 0.668039 0.404445 0.012292 0.053417
9 0.428505 0.326633 0.006027 0.021429
