9 0.524768 0.273428 0.014692 0.060399
9 0.657911 0.354232 0.011019 0.042443
9 0.219916 0.350151 0.012855 0.053869
9 0.507321 0.275060 0.014692 0.050605
9 0.816305 0.455441 0.015610 0.029383
10 0.656993 0.435853 0.025710 0.016324
10 0.219981 0.406236 0.027547 0.045707
9 0.219981 0.461738 0.033056 0.035913
9 0.404786 0.466596 0.006428 0.017956
9 0.456360 0.480744 0.007346 0.017956
10 0.379228 0.498700 0.011019 0.014692
1 0.036336 0.554202 0.014692 0.047340
1 0.799151 0.559141 0.022956 0.109371
1 0.872150 0.560773 0.033056 0.125695
1 0.903370 0.563222 0.033056 0.117533
3 0.216243 0.554692 0.041320 0.058767
3 0.187319 0.545713 0.022037 0.034281
3 0.169413 0.550611 0.022956 0.034281
3 0.400807 0.535103 0.010101 0.016324
3 0.536705 0.543265 0.021119 0.045707
3 0.561956 0.547346 0.045911 0.060399
3 0.941235 0.568471 0.114779 0.085673
1 0.938889 0.513392 0.012855 0.024486
3 0.125863 0.568660 0.078049 0.083253
3 0.164888 0.561315 0.016528 0.045707
3 0.376080 0.550821 0.038566 0.055502
3 0.511060 0.539394 0.034893 0.058767
3 0.444947 0.563880 0.078968 0.146917
10 0.016828 0.279162 0.033657 0.095360
9 0.007362 0.366482 0.014725 0.061704
10 0.234018 0.355263 0.022087 0.009349
