10 0.249551 0.308473 0.025345 0.013864
10 0.513724 0.334467 0.015597 0.031194
10 0.367503 0.355263 0.017547 0.017330
10 0.503976 0.331868 0.007798 0.032927
10 0.548817 0.322336 0.013647 0.031194
9 0.251500 0.369127 0.013647 0.024262
9 0.631188 0.347465 0.012673 0.019063
9 0.344595 0.229621 0.012673 0.036393
9 0.466933 0.188896 0.009748 0.048524
9 0.334846 0.231354 0.008773 0.039859
9 0.352880 0.233954 0.005849 0.038126
9 0.456210 0.191496 0.011698 0.043325
9 0.477656 0.190629 0.009748 0.041592
10 0.266610 0.323203 0.008773 0.012131
1 0.829561 0.495497 0.072136 0.422572
1 0.775460 0.472240 0.053614 0.331001
1 0.734518 0.464442 0.047766 0.259949
1 0.683828 0.457510 0.047766 0.242619
1 0.671643 0.447112 0.017547 0.183697
1 0.622415 0.457510 0.038018 0.169833
1 0.087025 0.466175 0.032610 0.138639
3 0.068237 0.610042 0.136473 0.270404
3 0.188625 0.504301 0.158894 0.183697
3 0.324611 0.486104 0.132574 0.244352
3 0.479118 0.546759 0.322661 0.400321
3 0.115027 0.464442 0.035093 0.058922
1 0.258811 0.440180 0.014622 0.034660
