9 0.424899 0.115591 0.011864 0.021092
9 0.387335 0.290937 0.005353 0.020393
9 0.325774 0.289577 0.006118 0.017674
9 0.593826 0.254835 0.009147 0.019182
9 0.102474 0.275982 0.009941 0.025831
9 0.112214 0.277341 0.007647 0.027190
9 0.568379 0.257031 0.009644 0.023573
9 0.721473 0.158384 0.016059 0.047583
9 0.751374 0.097749 0.039766 0.042145
9 0.765904 0.150091 0.032119 0.059819
10 0.118776 0.222238 0.034413 0.016314
3 0.211830 0.373145 0.066531 0.078852
3 0.414483 0.354834 0.013765 0.029909
3 0.424424 0.356193 0.015295 0.032628
3 0.436277 0.362311 0.020648 0.042145
3 0.468014 0.367069 0.065002 0.081571
3 0.274920 0.364350 0.026001 0.048943
3 0.250066 0.365710 0.034413 0.059819
3 0.890014 0.378530 0.160809 0.105882
3 0.404311 0.349462 0.012562 0.029777
