1 0.611098 0.333119 0.024150 0.118278
1 0.555575 0.339879 0.015295 0.067976
7 0.727702 0.369517 0.067532 0.116918
1 0.445709 0.332402 0.006883 0.025831
1 0.238850 0.286858 0.018353 0.016314
1 0.216291 0.286178 0.016059 0.020393
1 0.200614 0.288218 0.019883 0.032628
1 0.177289 0.286858 0.009941 0.013595
3 0.438317 0.322205 0.011471 0.021752
3 0.427356 0.323565 0.013000 0.019033
3 0.401355 0.319486 0.019118 0.035347
3 0.397149 0.326964 0.018353 0.042145
3 0.386443 0.329683 0.015295 0.044864
3 0.374972 0.331042 0.022942 0.047583
3 0.368089 0.331722 0.029060 0.062538
3 0.356618 0.335801 0.029060 0.065257
3 0.332912 0.341239 0.036707 0.084290
3 0.290852 0.339879 0.087179 0.114199
3 0.253380 0.359592 0.100944 0.134592
3 0.133688 0.378042 0.200359 0.186254
3 0.449715 0.326672 0.011471 0.019033
3 0.465774 0.326672 0.009941 0.019033
