9 0.339631 0.248618 0.009514 0.050297
9 0.490152 0.334574 0.011166 0.022333
9 0.560319 0.437755 0.010332 0.018367
9 0.231256 0.423980 0.009298 0.020204
10 0.509940 0.441735 0.012398 0.031224
3 0.151432 0.523079 0.130179 0.138797
3 0.457765 0.486210 0.013431 0.025714
3 0.303307 0.503003 0.049592 0.051429
3 0.344642 0.489661 0.032801 0.044665
3 0.373784 0.489358 0.015497 0.033061
3 0.067746 0.540393 0.132245 0.130408
3 0.404824 0.484644 0.012932 0.019959
3 0.431788 0.496705 0.029962 0.040408
3 0.498796 0.506807 0.042360 0.060612
3 0.631779 0.539213 0.187003 0.235102
9 0.186918 0.266956 0.025822 0.045906
9 0.331013 0.247071 0.007722 0.041186
9 0.352464 0.245546 0.007722 0.044237
