10 0.424807 0.543402 0.010071 0.023276
10 0.300930 0.494165 0.014100 0.007162
10 0.306973 0.508488 0.016114 0.007162
10 0.306973 0.529974 0.008057 0.010743
10 0.263666 0.497745 0.010071 0.028647
10 0.222374 0.485212 0.016114 0.010743
10 0.132236 0.379576 0.017121 0.035809
10 0.481710 0.489688 0.019135 0.012533
3 0.438907 0.586373 0.038271 0.048342
3 0.447971 0.595325 0.026185 0.044761
3 0.484731 0.594430 0.057406 0.064456
3 0.507895 0.621287 0.073520 0.078780
3 0.626233 0.595325 0.094670 0.062666
3 0.605083 0.670524 0.153084 0.162931
3 0.812048 0.639191 0.204447 0.111008
3 0.333575 0.585343 0.027019 0.031960
3 0.299419 0.594430 0.063449 0.100265
3 0.248056 0.600696 0.065463 0.137865
3 0.157918 0.617152 0.169198 0.238814
3 0.085405 0.697381 0.169198 0.399271
3 0.341152 0.573408 0.027218 0.040943
