10 0.141695 0.328924 0.040020 0.065810
10 0.443619 0.354842 0.018009 0.023123
10 0.709751 0.369961 0.020010 0.017787
10 0.551172 0.411759 0.011005 0.012451
10 0.322659 0.461117 0.009004 0.035573
9 0.329618 0.371795 0.008414 0.017370
9 0.425460 0.361957 0.012006 0.017787
9 0.415455 0.430435 0.008004 0.016008
9 0.542518 0.384190 0.014007 0.026680
9 0.400948 0.453691 0.011005 0.019831
9 0.707600 0.415316 0.008004 0.021344
9 0.676584 0.284585 0.008004 0.016008
9 0.605049 0.296146 0.013006 0.017787
10 0.484990 0.452668 0.017008 0.028459
3 0.470376 0.486004 0.021407 0.027165
3 0.902549 0.487986 0.102004 0.061166
3 0.384763 0.492870 0.050156 0.076651
3 0.145045 0.488420 0.018843 0.037221
3 0.161096 0.487800 0.013260 0.031017
3 0.176799 0.488420 0.015354 0.037221
