10 0.052520 0.245886 0.037197 0.073614
10 0.053924 0.328233 0.023160 0.051155
10 0.638544 0.310142 0.027371 0.057394
10 0.642053 0.373150 0.020353 0.033688
10 0.775049 0.436782 0.036495 0.048660
10 0.951207 0.169153 0.035091 0.029945
10 0.942785 0.230913 0.051935 0.091081
9 0.981736 0.303279 0.024564 0.043669
9 0.949452 0.305151 0.024564 0.034935
1 0.586141 0.447030 0.015206 0.041707
3 0.478996 0.532763 0.202827 0.284473
3 0.340100 0.505970 0.103299 0.146043
3 0.449870 0.376178 0.080008 0.063632
3 0.305382 0.461289 0.014738 0.034935
3 0.293451 0.483123 0.013335 0.023706
5 0.269238 0.476885 0.018247 0.026201
