3 0.170104 0.545892 0.340208 0.377792
3 0.357267 0.523364 0.104304 0.166367
3 0.411369 0.506034 0.066287 0.114377
4 0.452311 0.473973 0.046791 0.077985
3 0.520060 0.489570 0.065312 0.098781
3 0.655071 0.505167 0.085783 0.105712
3 0.863192 0.581419 0.271971 0.268614
3 0.974808 0.490437 0.048740 0.051990
4 0.861243 0.437580 0.114053 0.050257
3 0.699425 0.495636 0.024370 0.058922
3 0.596582 0.483505 0.042892 0.058922
3 0.572700 0.479172 0.016572 0.036393
3 0.561977 0.477439 0.010723 0.036393
3 0.553691 0.470507 0.019496 0.043325
3 0.488438 0.463470 0.020471 0.034660
4 0.578548 0.449711 0.020471 0.032927
3 0.505438 0.432381 0.012673 0.012131
3 0.522010 0.427182 0.010723 0.012131
3 0.537119 0.425449 0.009748 0.015597
3 0.549792 0.430648 0.013647 0.019063
3 0.564414 0.438447 0.005849 0.017330
3 0.529321 0.412452 0.009748 0.013864
10 0.360376 0.215464 0.075435 0.037550
3 0.478776 0.474327 0.016736 0.062210
