10 0.443399 0.390612 0.019630 0.029388
10 0.445982 0.414490 0.006199 0.014694
10 0.477494 0.419555 0.013431 0.021150
10 0.557564 0.413571 0.012398 0.016531
10 0.407066 0.447704 0.015497 0.012857
3 0.497468 0.440510 0.009298 0.016531
3 0.504184 0.442347 0.010332 0.020204
3 0.397768 0.459796 0.010332 0.014694
3 0.385370 0.455204 0.012398 0.023878
3 0.369356 0.453367 0.019630 0.031224
3 0.350759 0.449694 0.021696 0.031224
3 0.298584 0.449694 0.024796 0.038571
3 0.165306 0.452204 0.057857 0.073469
3 0.232978 0.453673 0.094018 0.106531
3 0.325446 0.454592 0.043393 0.053265
3 0.411199 0.461939 0.016531 0.031224
3 0.515032 0.445408 0.019630 0.027551
