3 0.069702 0.461324 0.105608 0.082252
3 0.217050 0.468477 0.080464 0.075099
3 0.153685 0.466400 0.056325 0.078099
3 0.317127 0.478311 0.029168 0.044702
3 0.370434 0.480993 0.039226 0.042914
3 0.346295 0.477417 0.023133 0.032185
3 0.397088 0.484570 0.020116 0.028609
3 0.276392 0.465795 0.044255 0.076887
3 0.518246 0.514073 0.049204 0.076887
3 0.866291 0.599901 0.153887 0.194901
4 0.494224 0.466128 0.061507 0.122712
10 0.455275 0.452291 0.016390 0.021644
3 0.442851 0.525695 0.079458 0.114437
3 0.593721 0.551622 0.115666 0.151987
3 0.943234 0.685728 0.110637 0.359404
3 0.517491 0.723523 0.015939 0.005530
