3 0.138861 0.735324 0.276137 0.322419
3 0.309383 0.690262 0.041508 0.049245
3 0.338915 0.681241 0.029252 0.043683
3 0.356772 0.683502 0.018721 0.037442
3 0.368779 0.679161 0.017551 0.035362
3 0.383990 0.675000 0.015211 0.022881
3 0.394521 0.676041 0.012871 0.020801
3 0.663144 0.695021 0.117599 0.130745
3 0.598426 0.690419 0.050938 0.091889
3 0.570800 0.685691 0.042572 0.078996
3 0.543551 0.680158 0.035409 0.057432
3 0.527324 0.672920 0.030422 0.056163
3 0.511528 0.676041 0.015211 0.045763
3 0.503922 0.670840 0.023401 0.043683
3 0.491052 0.673960 0.016381 0.033282
3 0.482276 0.672920 0.019891 0.035362
10 0.507810 0.585035 0.017551 0.008321
3 0.406014 0.656799 0.012871 0.018721
3 0.426491 0.658880 0.009361 0.018721
3 0.453402 0.649519 0.009361 0.016641
10 0.648804 0.523671 0.011701 0.022881
10 0.649389 0.552793 0.012871 0.022881
10 0.650559 0.580875 0.012871 0.029122
