3 0.154339 0.607031 0.308677 0.492187
4 0.151792 0.335156 0.303222 0.323437
3 0.228916 0.467578 0.196435 0.217969
3 0.327472 0.467701 0.058683 0.135975
3 0.361411 0.455859 0.042187 0.114844
3 0.373936 0.459375 0.017139 0.075000
3 0.403054 0.477594 0.043278 0.132311
3 0.448781 0.389570 0.058724 0.043736
3 0.468199 0.513273 0.150293 0.220297
3 0.529502 0.445312 0.030322 0.065625
3 0.547606 0.454000 0.024341 0.101750
3 0.588091 0.472950 0.082362 0.131239
3 0.650132 0.506950 0.155566 0.170151
10 0.794242 0.228515 0.036097 0.053906
9 0.440159 0.325781 0.011255 0.028125
10 0.565098 0.326953 0.019775 0.021094
9 0.203868 0.309375 0.011865 0.028125
9 0.213096 0.308203 0.009229 0.039844
10 0.556529 0.358594 0.018457 0.014062
9 0.565757 0.379687 0.015820 0.023437
9 0.389756 0.371484 0.006592 0.021094
