9 0.582732 0.115226 0.014721 0.063247
9 0.375407 0.219911 0.012268 0.050162
9 0.364979 0.218821 0.011041 0.043619
9 0.387674 0.225364 0.012268 0.039257
9 0.565557 0.113045 0.014721 0.063247
9 0.961806 0.223183 0.041710 0.065428
9 0.275424 0.387843 0.011041 0.023990
10 0.276038 0.310420 0.024536 0.017448
10 0.320202 0.400929 0.019628 0.037076
10 0.913962 0.179564 0.061339 0.113409
1 0.320202 0.459814 0.019628 0.076333
1 0.236167 0.465267 0.020855 0.074152
1 0.220219 0.468538 0.018402 0.089418
10 0.114103 0.402020 0.012268 0.034895
1 0.136798 0.487076 0.060112 0.226818
3 0.338603 0.420558 0.012268 0.023990
3 0.343510 0.431462 0.022082 0.023990
3 0.382767 0.438005 0.022082 0.045800
3 0.407303 0.432553 0.036803 0.069790
3 0.431225 0.450000 0.040484 0.069790
3 0.352711 0.457633 0.042937 0.063247
3 0.866731 0.422738 0.089555 0.089418
3 0.946472 0.561228 0.104276 0.388207
3 0.619535 0.561228 0.456361 0.440549
