3 0.451972 0.528789 0.015077 0.016552
3 0.465889 0.532990 0.012758 0.022680
3 0.475168 0.537113 0.008119 0.030928
3 0.481546 0.536083 0.013918 0.037113
3 0.499523 0.549366 0.024356 0.043535
3 0.402101 0.528866 0.015077 0.014433
3 0.363827 0.535052 0.017397 0.022680
3 0.347010 0.534021 0.023196 0.037113
3 0.519240 0.546392 0.019716 0.065979
3 0.564820 0.550103 0.090464 0.127835
3 0.687178 0.603437 0.184407 0.222680
3 0.980606 0.735395 0.035954 0.210309
3 0.082744 0.577732 0.163893 0.131959
3 0.182668 0.565361 0.077706 0.090722
3 0.228943 0.551959 0.055670 0.084536
3 0.327526 0.541650 0.034794 0.039175
3 0.382732 0.534021 0.023196 0.024742
3 0.430632 0.528866 0.017397 0.018557
3 0.298861 0.525812 0.037624 0.021699
3 0.263969 0.530928 0.041753 0.043299
