3 0.019009 0.503434 0.038018 0.233954
3 0.169129 0.489570 0.285619 0.279012
3 0.412831 0.555424 0.244677 0.334467
3 0.308527 0.442779 0.073111 0.084917
3 0.559540 0.451444 0.019496 0.043325
3 0.574649 0.458376 0.012673 0.050257
3 0.592196 0.460109 0.036068 0.060655
3 0.678466 0.512099 0.187163 0.230488
3 0.946538 0.572754 0.103330 0.188896
9 0.570750 0.248684 0.014622 0.050257
9 0.356780 0.271213 0.011698 0.039859
9 0.433302 0.350931 0.006824 0.025995
9 0.483017 0.369127 0.006824 0.017330
9 0.495690 0.402921 0.004874 0.019063
9 0.560027 0.247818 0.008773 0.051990
9 0.776434 0.350064 0.012673 0.027728
1 0.882689 0.481772 0.030219 0.183697
10 0.788132 0.245218 0.026320 0.019063
10 0.787157 0.270347 0.028269 0.020796
10 0.675542 0.336200 0.023395 0.013864
10 0.597557 0.253883 0.027295 0.046791
10 0.110641 0.191496 0.036068 0.015597
10 0.114053 0.249551 0.021446 0.020796
10 0.390898 0.361329 0.025345 0.012131
10 0.415268 0.354397 0.015597 0.015597
10 0.531758 0.374326 0.024370 0.017330
10 0.637524 0.373460 0.011698 0.029461
1 0.541993 0.434114 0.007798 0.025995
1 0.516892 0.431515 0.007798 0.036393
3 0.500808 0.418518 0.012673 0.031194
3 0.506656 0.411586 0.010723 0.024262
9 0.285253 0.383424 0.010479 0.016463
9 0.277089 0.383858 0.005849 0.017330
9 0.557346 0.411586 0.006824 0.017330
10 0.672946 0.363003 0.013729 0.032034
10 0.130658 0.101393 0.024025 0.036610
9 0.124222 0.324105 0.014587 0.030508
