3 0.517022 0.457518 0.012871 0.013729
3 0.529034 0.455230 0.011155 0.015254
3 0.544479 0.452942 0.014587 0.019831
3 0.562927 0.465908 0.034322 0.042712
3 0.605401 0.476586 0.047193 0.082373
3 0.655597 0.506550 0.125275 0.099588
3 0.477551 0.464056 0.007722 0.016780
3 0.470258 0.467106 0.008581 0.016780
3 0.466397 0.473971 0.012871 0.021356
3 0.456958 0.466344 0.014587 0.036610
3 0.441084 0.470920 0.029174 0.051864
3 0.408478 0.467869 0.053199 0.103729
3 0.366005 0.487700 0.100392 0.134237
3 0.300364 0.537276 0.147585 0.157119
3 0.115666 0.594247 0.230260 0.560891
3 0.883125 0.538910 0.231474 0.378305
9 0.487042 0.442027 0.007020 0.016641
9 0.504593 0.442027 0.007020 0.016641
