3 0.413660 0.386115 0.013673 0.016828
3 0.443635 0.389855 0.008414 0.016828
3 0.451523 0.391725 0.013673 0.016828
3 0.474662 0.395464 0.009466 0.020568
3 0.480973 0.392659 0.011569 0.026177
3 0.508845 0.399204 0.014725 0.028047
3 0.521992 0.398269 0.011569 0.029917
3 0.525147 0.402943 0.013673 0.031787
3 0.535139 0.402009 0.016828 0.037396
3 0.550915 0.402943 0.031553 0.043006
3 0.559329 0.407618 0.016828 0.041136
3 0.573002 0.406293 0.023139 0.049705
3 0.621910 0.419772 0.038915 0.054224
3 0.604555 0.403711 0.052588 0.066979
3 0.804583 0.462824 0.121413 0.111798
3 0.427845 0.391827 0.019746 0.027505
3 0.462146 0.392099 0.014725 0.020568
3 0.492122 0.396200 0.026294 0.036251
3 0.663244 0.423885 0.077831 0.087881
3 0.924398 0.470630 0.148299 0.218767
