10 0.772359 0.254639 0.030762 0.057812
9 0.418599 0.448389 0.007031 0.020312
9 0.558345 0.435107 0.005273 0.021875
9 0.620308 0.410107 0.007910 0.021875
10 0.425630 0.473389 0.017578 0.010937
3 0.453286 0.504897 0.036094 0.073955
3 0.565579 0.506939 0.025015 0.046962
3 0.582954 0.515576 0.031641 0.057812
3 0.627339 0.522607 0.021973 0.050000
3 0.651811 0.520518 0.034002 0.066678
3 0.674800 0.530420 0.057129 0.068750
3 0.592622 0.531982 0.040430 0.059375
3 0.419038 0.531201 0.050098 0.079687
3 0.488472 0.542139 0.072949 0.117187
10 0.823335 0.338232 0.016699 0.025000
10 0.834322 0.373389 0.015820 0.032812
10 0.813667 0.365576 0.018457 0.026562
1 0.786691 0.492002 0.015482 0.032539
1 0.764888 0.499951 0.010547 0.048437
1 0.749507 0.492139 0.011426 0.039062
3 0.170818 0.425625 0.341636 0.851249
10 0.826851 0.482764 0.009668 0.026562
10 0.831685 0.430420 0.012305 0.021875
10 0.833443 0.450732 0.015820 0.018750
