3 0.060742 0.438813 0.120486 0.241017
3 0.176459 0.431512 0.122299 0.126458
3 0.260384 0.405444 0.049294 0.047699
3 0.371763 0.423192 0.073629 0.096508
3 0.431976 0.420419 0.054286 0.073213
3 0.470039 0.418755 0.035566 0.061011
3 0.495310 0.418200 0.027455 0.042153
3 0.562387 0.407108 0.020591 0.035497
3 0.535868 0.451479 0.087356 0.117584
3 0.594521 0.399343 0.019967 0.031060
3 0.684342 0.397124 0.018095 0.027732
3 0.669055 0.391578 0.017471 0.025514
10 0.670147 0.321138 0.035566 0.089852
10 0.701033 0.291187 0.016223 0.049918
3 0.287590 0.437288 0.124417 0.106780
10 0.311143 0.286807 0.016051 0.043424
10 0.469913 0.320926 0.009770 0.034739
