10 0.274896 0.493036 0.023395 0.032927
10 0.242240 0.493903 0.020471 0.031194
10 0.273434 0.454044 0.034118 0.041592
10 0.272946 0.421983 0.027295 0.022529
10 0.241265 0.454910 0.032169 0.039859
10 0.241752 0.425449 0.027295 0.025995
4 0.130624 0.542426 0.011698 0.024262
10 0.105767 0.536361 0.008773 0.019063
3 0.217382 0.577086 0.025345 0.038126
3 0.253450 0.579686 0.074085 0.057189
3 0.346544 0.575353 0.075060 0.072786
3 0.374814 0.588351 0.051665 0.071053
3 0.417705 0.589217 0.065312 0.090116
3 0.641803 0.565918 0.026103 0.043516
3 0.768636 0.575353 0.041917 0.055456
3 0.799342 0.558023 0.050690 0.055456
3 0.162306 0.564955 0.055564 0.069320
3 0.181314 0.575353 0.058488 0.048524
3 0.078472 0.575353 0.057514 0.048524
3 0.462059 0.614346 0.077985 0.123042
3 0.599507 0.582285 0.079934 0.103980
3 0.836800 0.570306 0.063218 0.044665
3 0.661135 0.574648 0.023728 0.043424
