3 0.169611 0.428683 0.163584 0.142347
3 0.901435 0.587867 0.189413 0.319898
3 0.796996 0.515928 0.179605 0.185204
3 0.704466 0.467714 0.109818 0.134694
3 0.642245 0.463921 0.046952 0.071872
3 0.610718 0.453972 0.045351 0.051974
3 0.590856 0.443384 0.043510 0.060904
3 0.576111 0.438723 0.027307 0.067166
3 0.548149 0.435571 0.032712 0.042857
3 0.529869 0.435852 0.020012 0.037630
3 0.486793 0.434902 0.029963 0.028888
3 0.314361 0.416618 0.100087 0.078651
3 0.371382 0.420708 0.012662 0.025376
3 0.460144 0.424979 0.011678 0.018325
