10 0.546232 0.072241 0.116047 0.070382
10 0.441398 0.260151 0.032429 0.075544
10 0.339691 0.500177 0.012479 0.025514
10 0.597385 0.503282 0.007550 0.008477
10 0.742216 0.460633 0.009360 0.007206
10 0.922069 0.460353 0.008098 0.005546
9 0.439214 0.366619 0.026831 0.107601
9 0.618454 0.490013 0.004354 0.010195
9 0.458932 0.381594 0.013103 0.057683
3 0.295594 0.569840 0.020305 0.034388
3 0.369127 0.549872 0.033164 0.018858
3 0.639572 0.535452 0.004992 0.007765
3 0.632084 0.531569 0.008736 0.015530
3 0.646843 0.533305 0.007920 0.010596
3 0.968626 0.535745 0.062268 0.057604
4 0.174162 0.559524 0.112461 0.110339
4 0.422891 0.534860 0.031870 0.038825
3 0.611457 0.546988 0.041255 0.067666
3 0.665224 0.539778 0.033556 0.051027
3 0.784750 0.565550 0.157241 0.194125
3 0.701345 0.527238 0.011232 0.011177
