5 0.471451 0.544734 0.024564 0.019728
3 0.463731 0.550231 0.007720 0.011229
3 0.453912 0.550701 0.013349 0.020271
3 0.453455 0.557888 0.012433 0.018373
3 0.397430 0.574330 0.020137 0.028476
3 0.424973 0.559462 0.024880 0.042675
3 0.442676 0.553974 0.011931 0.016220
3 0.436928 0.586363 0.047875 0.054169
3 0.506368 0.552257 0.010058 0.015078
3 0.519610 0.552004 0.006489 0.012143
3 0.569074 0.551653 0.017991 0.028630
3 0.535490 0.549272 0.005464 0.015178
3 0.553355 0.581494 0.048026 0.061410
4 0.668208 0.544242 0.101765 0.162200
3 0.849571 0.704225 0.300858 0.587662
4 0.079663 0.556755 0.157922 0.280080
10 0.112065 0.486183 0.028073 0.057394
10 0.152771 0.480568 0.015440 0.028697
10 0.729310 0.440226 0.023181 0.051155
10 0.782962 0.386177 0.027977 0.019512
10 0.782949 0.414974 0.019125 0.033392
10 0.625100 0.448336 0.018247 0.014972
10 0.409787 0.500291 0.006407 0.012204
10 0.620187 0.482648 0.011229 0.023706
4 0.318526 0.568908 0.081090 0.112012
9 0.421473 0.468345 0.005981 0.021536
9 0.532587 0.461845 0.005123 0.021250
9 0.360589 0.533057 0.005034 0.009393
9 0.810748 0.458492 0.010108 0.023773
1 0.801766 0.570461 0.023564 0.110498
1 0.169103 0.612389 0.008630 0.072819
1 0.192160 0.600762 0.011229 0.046164
9 0.797433 0.457653 0.017219 0.033673
3 0.403837 0.562533 0.021968 0.039053
3 0.565714 0.543504 0.018783 0.014571
3 0.546077 0.549879 0.019125 0.012750
