9 0.797452 0.107912 0.044250 0.070454
3 0.082243 0.275131 0.012463 0.028047
3 0.072912 0.279052 0.014464 0.027551
3 0.055942 0.285760 0.012738 0.032503
3 0.046777 0.287292 0.020051 0.047807
3 0.034082 0.291883 0.024787 0.049645
3 0.017638 0.294027 0.034094 0.060052
3 0.130215 0.277854 0.011439 0.020808
3 0.137446 0.283812 0.009375 0.021706
3 0.152421 0.286262 0.028839 0.042520
3 0.260341 0.320621 0.085933 0.125382
3 0.175274 0.296827 0.039590 0.051409
3 0.104013 0.294073 0.041655 0.056917
3 0.308719 0.348738 0.137479 0.157217
