9 0.153154 0.107563 0.022753 0.084874
9 0.610921 0.340812 0.013035 0.021847
9 0.138674 0.376163 0.010961 0.024358
9 0.134246 0.111620 0.015901 0.073647
9 0.163119 0.249446 0.011717 0.036451
9 0.474914 0.179062 0.012048 0.050625
9 0.175977 0.108750 0.014454 0.075000
9 0.495879 0.180937 0.008789 0.043125
10 0.125340 0.235105 0.018649 0.036039
10 0.592123 0.309060 0.012135 0.014878
10 0.141820 0.318162 0.024186 0.016176
10 0.141736 0.277331 0.013473 0.013412
10 0.532765 0.365963 0.006885 0.018176
10 0.452662 0.419137 0.004590 0.008160
9 0.436716 0.414871 0.004590 0.007577
3 0.419765 0.449686 0.012656 0.021252
3 0.454115 0.444440 0.009347 0.017006
3 0.469383 0.453801 0.024918 0.035522
3 0.373912 0.455964 0.009543 0.022149
3 0.366614 0.453500 0.009713 0.032375
3 0.358647 0.452467 0.019091 0.036138
3 0.333808 0.444375 0.041133 0.069375
3 0.330040 0.459479 0.025158 0.046666
3 0.301274 0.458812 0.043211 0.054375
3 0.435732 0.450718 0.023606 0.034972
3 0.396236 0.449437 0.037026 0.061875
3 0.507977 0.444750 0.051680 0.075000
3 0.609843 0.444995 0.147152 0.093259
9 0.486883 0.177760 0.010043 0.049842
