10 0.285265 0.289953 0.031403 0.017482
10 0.922287 0.132814 0.066869 0.051447
10 0.874804 0.254939 0.033715 0.031967
10 0.972299 0.024983 0.055183 0.038343
9 0.262756 0.334407 0.013486 0.021478
9 0.895455 0.295897 0.017139 0.032966
9 0.751669 0.063515 0.023818 0.077214
9 0.769246 0.061153 0.019948 0.078950
9 0.738219 0.067390 0.015412 0.076439
9 0.984362 0.183013 0.030310 0.073924
3 0.481720 0.417772 0.013521 0.029969
3 0.468252 0.417273 0.024163 0.037961
3 0.464612 0.424824 0.024138 0.032086
3 0.443106 0.432799 0.036244 0.041043
3 0.554226 0.421269 0.044392 0.051947
3 0.607047 0.426263 0.064059 0.098899
3 0.376142 0.445037 0.065765 0.091292
1 0.494522 0.412278 0.003091 0.018981
1 0.501827 0.411029 0.003653 0.015484
1 0.748584 0.434005 0.031670 0.102395
1 0.809902 0.431574 0.014048 0.066100
1 0.820181 0.425720 0.039230 0.109000
1 0.842255 0.429346 0.014696 0.091534
1 0.853106 0.429659 0.021016 0.087177
1 0.489745 0.411778 0.003653 0.021977
