3 0.253524 0.475764 0.055009 0.074772
3 0.049031 0.425475 0.098061 0.029208
10 0.354574 0.331654 0.010763 0.055276
10 0.435295 0.360354 0.007175 0.044646
10 0.371914 0.369921 0.028701 0.055276
10 0.709902 0.370984 0.022411 0.014882
10 0.717240 0.419715 0.011238 0.019469
10 0.765952 0.323150 0.010763 0.055276
10 0.746221 0.188150 0.074144 0.121181
3 0.746774 0.467146 0.050076 0.039409
3 0.655297 0.465923 0.020493 0.013986
3 0.541847 0.461776 0.013632 0.017883
3 0.529051 0.464528 0.011959 0.019134
3 0.566251 0.466150 0.018879 0.018127
3 0.478921 0.467188 0.025159 0.026570
3 0.442347 0.467526 0.035630 0.042139
3 0.419642 0.467477 0.021739 0.025991
3 0.159993 0.625950 0.319986 0.402688
3 0.553018 0.464474 0.011519 0.014485
