3 0.353958 0.367617 0.034583 0.031296
3 0.397183 0.371590 0.043185 0.030698
3 0.510551 0.398587 0.049256 0.055989
3 0.039862 0.422016 0.079723 0.256071
3 0.745553 0.514023 0.257007 0.286006
9 0.501781 0.198026 0.014416 0.025629
9 0.627442 0.267651 0.016819 0.029900
9 0.326335 0.252871 0.012014 0.020503
10 0.550791 0.209765 0.042278 0.020062
10 0.265214 0.246464 0.028168 0.014523
9 0.629271 0.340651 0.005338 0.009990
9 0.980437 0.273770 0.034822 0.046452
4 0.217493 0.328476 0.030755 0.046986
9 0.090870 0.287470 0.005286 0.016232
9 0.109883 0.244280 0.008712 0.012058
10 0.579678 0.229628 0.009298 0.034184
9 0.269896 0.329956 0.006679 0.009184
10 0.526973 0.326612 0.006319 0.017971
9 0.635593 0.339402 0.005057 0.008491
