9 0.102898 0.352516 0.016461 0.056893
9 0.079586 0.410287 0.012950 0.043349
9 0.769499 0.262295 0.015734 0.053217
9 0.441785 0.394103 0.016296 0.050562
9 0.093922 0.445668 0.007117 0.017212
9 0.210732 0.450130 0.005503 0.010837
9 0.482244 0.447741 0.005619 0.030968
9 0.808132 0.339325 0.017701 0.085967
9 0.777897 0.448845 0.005849 0.024262
10 0.258976 0.453318 0.012344 0.012112
10 0.448528 0.440749 0.024725 0.037961
10 0.447248 0.476204 0.017170 0.026990
10 0.798855 0.309494 0.038018 0.081140
10 0.663942 0.439995 0.009945 0.013494
10 0.743232 0.500837 0.022538 0.035464
10 0.960299 0.232869 0.019270 0.054160
3 0.557963 0.533444 0.106485 0.177400
3 0.889601 0.626958 0.215254 0.440949
3 0.464496 0.530295 0.016572 0.013864
