3 0.538458 0.420552 0.011161 0.023946
3 0.503389 0.410372 0.013376 0.026517
3 0.484498 0.411999 0.012862 0.021894
3 0.469949 0.411546 0.013918 0.020619
3 0.437242 0.422946 0.025785 0.038314
3 0.424137 0.415670 0.010438 0.016495
3 0.524155 0.424233 0.025659 0.042256
3 0.455907 0.412342 0.010006 0.010263
3 0.580258 0.404833 0.008556 0.017139
9 0.727681 0.185452 0.018782 0.037564
9 0.538969 0.355897 0.006289 0.010947
9 0.483809 0.377449 0.003464 0.007526
9 0.458986 0.347003 0.005388 0.006842
3 0.098289 0.455728 0.062042 0.040685
3 0.141594 0.453246 0.029957 0.053508
3 0.171106 0.448452 0.033562 0.058973
3 0.217565 0.447909 0.031107 0.047687
3 0.255271 0.438763 0.045232 0.045361
3 0.294533 0.419898 0.014239 0.029482
3 0.317784 0.419175 0.021804 0.026804
3 0.366993 0.421942 0.009209 0.017148
3 0.336804 0.420206 0.016237 0.020619
9 0.173955 0.392096 0.004612 0.008583
9 0.247616 0.368305 0.003479 0.011631
10 0.114878 0.423413 0.008082 0.015736
10 0.570036 0.366041 0.008124 0.005237
10 0.599072 0.320732 0.006158 0.040226
10 0.558085 0.380185 0.005003 0.011631
4 0.549041 0.403447 0.013855 0.026683
4 0.532108 0.396263 0.016933 0.031472
3 0.379833 0.407217 0.017397 0.026804
10 0.422618 0.399342 0.005773 0.010263
10 0.399142 0.385659 0.005003 0.008894
3 0.365083 0.410289 0.008467 0.010263
