3 0.449175 0.548093 0.054423 0.085860
3 0.550428 0.546818 0.050840 0.064201
3 0.645251 0.552157 0.130610 0.160358
3 0.484234 0.538482 0.018907 0.025630
3 0.413314 0.542967 0.013696 0.028193
3 0.401600 0.542326 0.010452 0.017941
3 0.033206 0.527929 0.066411 0.048561
3 0.084166 0.533581 0.076484 0.035584
3 0.144868 0.531190 0.042490 0.031396
3 0.186192 0.528332 0.039646 0.029474
3 0.229622 0.536428 0.034145 0.012140
3 0.216323 0.523437 0.012254 0.011533
3 0.261527 0.535146 0.021986 0.014704
3 0.299772 0.530962 0.013282 0.013359
3 0.357060 0.538917 0.010438 0.011738
3 0.379579 0.540301 0.010092 0.012815
3 0.370388 0.540622 0.007569 0.012174
10 0.573406 0.492423 0.038820 0.035822
10 0.889979 0.444161 0.035510 0.060701
10 0.423405 0.509968 0.025950 0.019863
10 0.672337 0.434718 0.036986 0.076712
10 0.432416 0.495872 0.012254 0.008330
3 0.419441 0.547132 0.006488 0.024989
3 0.388949 0.538059 0.006488 0.009611
3 0.284414 0.531638 0.020183 0.019222
3 0.250022 0.529204 0.038565 0.008970
