5 0.186858 0.602598 0.220593 0.233222
1 0.043559 0.665457 0.015925 0.080594
5 0.340170 0.637122 0.038407 0.063281
3 0.323554 0.654817 0.034058 0.047093
3 0.348601 0.660158 0.014051 0.026090
3 0.451407 0.654810 0.010454 0.026896
3 0.493797 0.660372 0.021542 0.033535
3 0.464894 0.657607 0.017529 0.023521
3 0.517046 0.662870 0.033069 0.038531
3 0.260284 0.643724 0.100050 0.145525
3 0.403994 0.637600 0.083934 0.155529
5 0.862544 0.490797 0.274911 0.655732
9 0.663917 0.462955 0.005867 0.031863
9 0.655632 0.463565 0.005658 0.032364
9 0.087431 0.436171 0.008119 0.035880
9 0.073848 0.433192 0.015925 0.048850
9 0.674601 0.568448 0.012595 0.018946
10 0.659218 0.500083 0.022706 0.013455
10 0.660365 0.532279 0.014908 0.041336
