3 0.572905 0.442091 0.018920 0.024685
3 0.535562 0.438121 0.029907 0.041775
3 0.497776 0.446942 0.051007 0.073505
3 0.425285 0.467128 0.092381 0.139469
3 0.313919 0.515995 0.220734 0.214928
3 0.114972 0.608706 0.229944 0.486256
3 0.599377 0.442896 0.012081 0.027472
3 0.610369 0.444189 0.017070 0.033877
3 0.624579 0.444653 0.026297 0.041973
3 0.640942 0.454209 0.020633 0.052718
3 0.674922 0.452061 0.069758 0.103488
3 0.791977 0.462440 0.202740 0.228199
3 0.914609 0.596261 0.170782 0.360364
3 0.626139 0.450658 0.018121 0.039920
