3 0.461143 0.438201 0.004776 0.009490
3 0.467044 0.436952 0.008148 0.022976
3 0.471117 0.440699 0.008991 0.026473
3 0.477098 0.443196 0.014209 0.029470
3 0.485810 0.445444 0.014445 0.029969
3 0.507273 0.448804 0.037472 0.056215
3 0.447640 0.435454 0.004248 0.006993
3 0.518741 0.458329 0.043549 0.056739
3 0.416577 0.453262 0.044452 0.066874
3 0.339233 0.466793 0.108156 0.132991
3 0.243349 0.463958 0.079869 0.094289
3 0.636452 0.482206 0.144762 0.189688
10 0.157285 0.219326 0.020803 0.034872
10 0.157799 0.262260 0.018088 0.034217
3 0.727760 0.449075 0.026207 0.096508
1 0.710378 0.486251 0.022198 0.139033
