10 0.177415 0.049893 0.031194 0.020069
10 0.203204 0.099463 0.016485 0.029093
10 0.198151 0.148521 0.043421 0.025295
10 0.191573 0.198680 0.026273 0.028956
10 0.576998 0.260706 0.019320 0.039641
10 0.500076 0.305873 0.005849 0.015597
1 0.150845 0.356996 0.029745 0.138639
1 0.930941 0.349198 0.031194 0.168100
12 0.896336 0.376059 0.034118 0.072786
12 0.853821 0.357074 0.030972 0.078625
3 0.307857 0.361703 0.099718 0.136480
3 0.564128 0.357359 0.064253 0.082458
3 0.457709 0.341349 0.018308 0.028186
3 0.369348 0.359492 0.048399 0.070465
3 0.368827 0.343194 0.049441 0.065976
3 0.384786 0.336869 0.039220 0.074174
3 0.410378 0.345672 0.019745 0.047669
3 0.416287 0.341320 0.012100 0.038571
3 0.425674 0.339836 0.010848 0.028186
3 0.545571 0.345235 0.057181 0.078978
3 0.515916 0.346219 0.017062 0.063145
3 0.504364 0.342137 0.014820 0.060913
3 0.496220 0.342266 0.007712 0.043325
3 0.487891 0.339666 0.006824 0.031194
3 0.481469 0.337423 0.009919 0.021817
3 0.494033 0.337641 0.010014 0.035604
10 0.489235 0.319097 0.005424 0.011868
3 0.439860 0.346141 0.010014 0.012610
3 0.448297 0.345296 0.004590 0.011868
3 0.470618 0.338620 0.005841 0.008901
1 0.623533 0.337136 0.010431 0.075658
