9 0.622613 0.140315 0.015546 0.068032
9 0.605273 0.142441 0.011959 0.055276
9 0.639953 0.139252 0.011959 0.065906
10 0.712303 0.172205 0.072948 0.029764
10 0.799003 0.287008 0.033484 0.072283
9 0.773890 0.351850 0.016742 0.023386
10 0.806196 0.344177 0.014385 0.016542
10 0.605386 0.427489 0.003435 0.007772
3 0.240406 0.465977 0.047454 0.063115
3 0.330093 0.449973 0.021593 0.045300
3 0.460229 0.439020 0.025950 0.018319
3 0.485070 0.433192 0.008743 0.017764
3 0.566243 0.436890 0.005979 0.023386
3 0.571344 0.440628 0.007736 0.026610
3 0.576077 0.440569 0.007836 0.028784
3 0.590690 0.440610 0.026445 0.049961
3 0.434018 0.438068 0.029661 0.050200
3 0.371407 0.458410 0.068786 0.074930
3 0.292389 0.461339 0.068164 0.080787
3 0.113009 0.473775 0.226019 0.144162
3 0.914838 0.467717 0.165030 0.102047
1 0.612882 0.440079 0.005979 0.029764
3 0.556859 0.437557 0.014364 0.019429
3 0.480878 0.438076 0.013380 0.022428
3 0.520964 0.438440 0.007182 0.011102
3 0.540346 0.437175 0.014721 0.018564
3 0.342343 0.450233 0.013563 0.046503
10 0.618657 0.369479 0.003747 0.011657
10 0.621935 0.381970 0.005308 0.007772
