9 0.493033 0.318574 0.004495 0.006993
9 0.514105 0.288105 0.006743 0.014985
9 0.408041 0.302890 0.004214 0.007992
9 0.434311 0.285358 0.005057 0.010489
9 0.467184 0.291851 0.003933 0.008491
9 0.441757 0.318074 0.004776 0.005994
10 0.382466 0.290661 0.018172 0.019760
10 0.564943 0.221673 0.030375 0.027971
10 0.564630 0.254140 0.015076 0.027971
10 0.528715 0.284109 0.011800 0.019980
10 0.560318 0.310582 0.013215 0.015984
10 0.529417 0.316076 0.005900 0.011988
3 0.025271 0.332568 0.040760 0.027490
3 0.085536 0.328220 0.048054 0.027337
3 0.178618 0.326086 0.025087 0.016577
3 0.476315 0.330062 0.008148 0.011988
3 0.484610 0.329004 0.009003 0.013867
3 0.468676 0.338672 0.009229 0.028125
3 0.446593 0.337421 0.012523 0.016249
3 0.516633 0.333059 0.014610 0.015984
3 0.460862 0.342299 0.014891 0.019480
3 0.243154 0.319335 0.032677 0.022212
3 0.309928 0.317603 0.022064 0.017039
3 0.364010 0.332150 0.014897 0.013669
9 0.500197 0.323569 0.002529 0.004995
