9 0.106975 0.210883 0.012206 0.054373
9 0.424348 0.322420 0.007186 0.031733
9 0.089664 0.212979 0.014114 0.050182
9 0.413905 0.322051 0.007057 0.032471
9 0.125144 0.442739 0.014385 0.018981
3 0.197035 0.520238 0.068195 0.072552
3 0.322208 0.507783 0.065587 0.100481
3 0.248567 0.510898 0.041511 0.053872
3 0.275965 0.499459 0.026567 0.038375
3 0.434277 0.506034 0.030219 0.041592
3 0.416603 0.504654 0.018266 0.035366
3 0.389829 0.503592 0.011208 0.011808
5 0.723661 0.449008 0.552678 0.898016
3 0.377168 0.503223 0.010793 0.012546
3 0.227397 0.497614 0.012453 0.009594
