3 0.021830 0.415811 0.043660 0.142762
3 0.166909 0.396863 0.124484 0.103040
3 0.262418 0.382393 0.076929 0.087887
3 0.366749 0.371278 0.044105 0.056006
3 0.397807 0.361908 0.042087 0.064839
3 0.438436 0.359512 0.040702 0.046796
3 0.482795 0.354825 0.009356 0.031879
3 0.616164 0.328378 0.013936 0.012700
3 0.587170 0.329764 0.022026 0.015472
3 0.693690 0.335421 0.010135 0.034651
3 0.707504 0.337535 0.024994 0.052600
3 0.709525 0.340809 0.015888 0.046051
3 0.730997 0.349774 0.025960 0.069018
3 0.750992 0.353317 0.046781 0.082021
3 0.782185 0.357572 0.057521 0.101201
3 0.820025 0.366947 0.072441 0.126834
3 0.882194 0.388858 0.136778 0.182807
3 0.948675 0.420567 0.102650 0.280362
9 0.678901 0.248845 0.004628 0.019302
9 0.608708 0.274435 0.003898 0.015246
9 0.605848 0.290265 0.004416 0.010868
9 0.499558 0.255031 0.003898 0.018018
9 0.493711 0.252952 0.003119 0.019405
10 0.505158 0.305345 0.005743 0.019956
10 0.436783 0.129934 0.015509 0.036189
3 0.719576 0.343980 0.020686 0.063476
