9 0.477101 0.397231 0.005000 0.021654
9 0.420895 0.405254 0.003849 0.009729
9 0.384599 0.398488 0.006555 0.007799
9 0.642146 0.373116 0.014351 0.036606
10 0.618681 0.124816 0.046174 0.065448
10 0.612332 0.255690 0.048670 0.029951
10 0.519144 0.389743 0.010415 0.016299
10 0.538703 0.380485 0.012479 0.019967
10 0.387854 0.383042 0.012784 0.022247
10 0.479777 0.452424 0.008191 0.012162
3 0.447067 0.479809 0.015172 0.021977
3 0.414213 0.493226 0.031992 0.045816
3 0.374756 0.519852 0.065392 0.079088
3 0.167610 0.643848 0.327586 0.342769
10 0.439481 0.448341 0.005619 0.007992
