10 0.046794 0.421697 0.012207 0.056062
10 0.082697 0.454507 0.025742 0.047843
10 0.187019 0.435705 0.027710 0.014400
10 0.405176 0.474513 0.020242 0.009639
9 0.221466 0.437417 0.005619 0.023779
9 0.379512 0.467765 0.004338 0.016708
9 0.226790 0.440629 0.005422 0.016065
9 0.216470 0.438554 0.006250 0.015936
9 0.373972 0.468729 0.004826 0.014780
10 0.313092 0.492827 0.009579 0.008646
9 0.006866 0.359265 0.013733 0.039868
3 0.299627 0.515012 0.033255 0.022520
4 0.233443 0.502019 0.023788 0.036025
3 0.231416 0.535358 0.023642 0.034815
3 0.274755 0.555983 0.072877 0.102827
3 0.345963 0.576195 0.102966 0.170570
3 0.396139 0.553233 0.015182 0.043698
4 0.134180 0.472685 0.077225 0.072804
3 0.186813 0.494308 0.032721 0.043126
3 0.136709 0.730124 0.273419 0.440986
3 0.557500 0.632211 0.338830 0.549446
4 0.556576 0.430586 0.290177 0.295378
1 0.734621 0.600151 0.014431 0.076894
1 0.760605 0.600617 0.020186 0.082127
1 0.789908 0.604058 0.017359 0.076529
1 0.856062 0.616618 0.030364 0.111815
1 0.917873 0.619189 0.020965 0.106674
1 0.996490 0.645879 0.007020 0.068644
1 0.866989 0.600448 0.011011 0.073468
1 0.721414 0.597428 0.012651 0.074019
4 0.264383 0.514530 0.023496 0.041770
3 0.248659 0.511638 0.007952 0.041127
3 0.391982 0.523030 0.018435 0.015423
