10 0.386498 0.463507 0.017995 0.021327
10 0.595380 0.432312 0.019982 0.035716
10 0.622611 0.419217 0.010797 0.028129
3 0.648620 0.501895 0.040788 0.029858
3 0.734394 0.508293 0.037189 0.042654
3 0.773383 0.518957 0.045586 0.055450
3 0.817170 0.514692 0.056383 0.055450
3 0.861557 0.518957 0.061182 0.068246
4 0.942475 0.516824 0.115050 0.136493
3 0.522657 0.516824 0.023993 0.021327
3 0.565245 0.518957 0.025193 0.017062
4 0.681610 0.499763 0.020394 0.042654
3 0.308576 0.563765 0.183434 0.226024
3 0.112033 0.563258 0.018345 0.016090
