9 0.542145 0.254901 0.004175 0.016869
9 0.389430 0.236836 0.003416 0.014844
10 0.572163 0.267475 0.011007 0.019568
1 0.170742 0.329251 0.010330 0.051839
1 0.149104 0.320122 0.015002 0.054148
3 0.427853 0.323381 0.006827 0.012992
3 0.434113 0.328356 0.014802 0.018893
3 0.458097 0.331952 0.019211 0.016639
3 0.482037 0.333216 0.023432 0.019657
3 0.462630 0.346666 0.026568 0.035762
3 0.440211 0.336453 0.019304 0.028339
3 0.493373 0.356787 0.040232 0.050606
3 0.516905 0.342955 0.012905 0.021592
3 0.374628 0.328264 0.006452 0.019568
3 0.366055 0.329075 0.016006 0.027938
3 0.348629 0.328601 0.022014 0.039135
3 0.386204 0.331638 0.016700 0.023616
3 0.343185 0.334870 0.025795 0.039876
3 0.407785 0.348169 0.042614 0.064776
3 0.561156 0.363289 0.043648 0.051955
3 0.607651 0.369025 0.045545 0.048582
3 0.644121 0.377367 0.057691 0.059378
3 0.694601 0.375005 0.067559 0.082994
3 0.759167 0.384881 0.099768 0.100537
3 0.851372 0.414394 0.143843 0.110981
3 0.314586 0.348328 0.016823 0.050842
3 0.296362 0.346334 0.039814 0.062805
3 0.285707 0.354808 0.021870 0.059814
3 0.234817 0.345370 0.099118 0.128407
3 0.100282 0.384724 0.154370 0.160780
3 0.042344 0.405713 0.084689 0.199589
3 0.962596 0.420958 0.074809 0.155235
