3 0.605843 0.425449 0.078959 0.095315
3 0.397904 0.503940 0.307674 0.363208
3 0.662869 0.408120 0.027295 0.032927
3 0.783848 0.424677 0.159664 0.134986
3 0.923790 0.444942 0.151414 0.146446
9 0.212021 0.298075 0.024370 0.038126
9 0.389091 0.042906 0.021161 0.073624
9 0.419882 0.045058 0.017027 0.069320
9 0.740854 0.329268 0.025345 0.031194
10 0.188047 0.108047 0.051416 0.091406
10 0.167667 0.182831 0.038992 0.022529
10 0.295541 0.079358 0.033491 0.061669
10 0.186917 0.025128 0.050197 0.050257
9 0.721266 0.334441 0.013298 0.027680
