9 0.410037 0.372424 0.011984 0.028536
9 0.348883 0.480991 0.012895 0.028019
9 0.649290 0.417312 0.010029 0.033113
9 0.614345 0.507736 0.008914 0.020377
9 0.545413 0.529290 0.005731 0.017636
3 0.572756 0.552736 0.022925 0.040755
3 0.616455 0.552736 0.010029 0.020377
3 0.672334 0.565472 0.018626 0.030566
3 0.678065 0.570567 0.021492 0.035660
3 0.693109 0.568019 0.025790 0.045849
3 0.710303 0.571840 0.022925 0.053491
3 0.287990 0.597949 0.118921 0.170661
3 0.640741 0.574897 0.057311 0.073868
3 0.483052 0.574387 0.062634 0.089151
3 0.599978 0.556557 0.020059 0.033113
9 0.545751 0.503524 0.008517 0.018188
3 0.130076 0.623693 0.260153 0.590944
3 0.948022 0.602916 0.102206 0.185944
3 0.733865 0.572641 0.048319 0.062078
3 0.522011 0.561651 0.017193 0.028019
4 0.594397 0.542184 0.021293 0.045425
