3 0.506951 0.459038 0.016828 0.020568
3 0.485916 0.463712 0.025242 0.029917
3 0.460674 0.462777 0.035760 0.061704
3 0.413870 0.457168 0.070468 0.114058
3 0.395990 0.479605 0.068365 0.102839
3 0.325522 0.493629 0.112539 0.149585
3 0.537453 0.455298 0.016828 0.024307
3 0.554281 0.457168 0.014725 0.028047
3 0.577420 0.458103 0.031553 0.048615
3 0.598455 0.476801 0.050485 0.048615
3 0.655776 0.479605 0.085193 0.095360
3 0.739918 0.512327 0.089400 0.138366
3 0.844568 0.532895 0.195629 0.183241
3 0.148825 0.507653 0.297650 0.327216
3 0.522728 0.453428 0.010518 0.028047
3 0.962558 0.565388 0.071520 0.246815
3 0.021411 0.652959 0.042822 0.208163
