3 0.475927 0.481640 0.015820 0.028125
3 0.371118 0.475781 0.009229 0.021094
3 0.382324 0.475781 0.013184 0.030469
3 0.407373 0.489843 0.034277 0.067969
3 0.437695 0.523828 0.079102 0.112500
3 0.496362 0.494531 0.032959 0.049219
3 0.547119 0.516797 0.071191 0.093750
4 0.600512 0.494531 0.054053 0.096094
3 0.346069 0.474609 0.022412 0.028125
3 0.246533 0.485156 0.042187 0.044531
3 0.294653 0.479297 0.014502 0.023437
3 0.040869 0.495703 0.081738 0.084375
3 0.874072 0.571875 0.251806 0.236719
10 0.422893 0.060598 0.085693 0.067969
10 0.564617 0.067629 0.118652 0.105469
10 0.086053 0.405342 0.023730 0.044531
10 0.628557 0.439326 0.011865 0.023437
10 0.628557 0.456904 0.009229 0.025781
9 0.468676 0.438281 0.009229 0.018750
9 0.475268 0.454687 0.009229 0.018750
9 0.449560 0.450000 0.010547 0.018750
9 0.442309 0.438281 0.009229 0.018750
9 0.602490 0.027447 0.018457 0.040833
9 0.422534 0.438281 0.011865 0.018750
10 0.097078 0.264844 0.011870 0.056250
