10 0.987299 0.212757 0.021830 0.018018
3 0.565438 0.381160 0.007796 0.012474
3 0.577133 0.377002 0.009356 0.018018
3 0.612996 0.373537 0.009356 0.019405
3 0.620013 0.376309 0.009356 0.024949
3 0.627420 0.377695 0.014813 0.027721
3 0.665622 0.369379 0.014813 0.022177
3 0.541269 0.381160 0.009356 0.012474
3 0.533506 0.386704 0.009422 0.018018
3 0.508524 0.386704 0.014034 0.023563
3 0.646702 0.378487 0.029627 0.042967
3 0.594856 0.388882 0.039762 0.055441
3 0.553286 0.386110 0.020965 0.027721
3 0.521569 0.386110 0.019491 0.027721
3 0.425673 0.399971 0.022610 0.013860
3 0.370318 0.404129 0.038203 0.019405
3 0.337962 0.406901 0.049897 0.024949
4 0.820065 0.418352 0.323553 0.325719
