3 0.206633 0.278725 0.012054 0.016837
3 0.197593 0.288674 0.011193 0.024490
3 0.216103 0.280255 0.006888 0.010714
3 0.209216 0.289439 0.012054 0.019898
3 0.221700 0.284082 0.011193 0.012245
3 0.139908 0.300153 0.033578 0.041327
3 0.139908 0.303214 0.021524 0.035204
3 0.123549 0.303980 0.030134 0.039796
3 0.083514 0.308572 0.055102 0.058163
3 0.185109 0.287908 0.015497 0.032143
3 0.220839 0.293265 0.016358 0.018367
3 0.334917 0.301276 0.074043 0.142347
3 0.290147 0.278316 0.008610 0.038265
3 0.299617 0.280612 0.010332 0.048980
3 0.004305 0.331123 0.008610 0.061225
1 0.246668 0.298725 0.011193 0.047449
10 0.566088 0.070408 0.030134 0.036735
10 0.566088 0.122449 0.030134 0.067347
10 0.444691 0.184184 0.012915 0.039796
3 0.864334 0.443447 0.269930 0.300862
1 0.392315 0.319643 0.013776 0.087245
