10 0.239935 0.384327 0.027808 0.048847
9 0.071284 0.321562 0.012845 0.054375
9 0.081890 0.437770 0.008507 0.031790
9 0.464260 0.370312 0.007360 0.035625
9 0.537550 0.339375 0.008437 0.048750
9 0.548624 0.336562 0.007383 0.035625
9 0.295609 0.405000 0.007602 0.033750
9 0.272138 0.408750 0.007698 0.037500
10 0.197413 0.254062 0.133945 0.174375
10 0.021281 0.456562 0.013711 0.024375
10 0.298136 0.327608 0.023203 0.012283
10 0.381984 0.421875 0.011602 0.011250
10 0.590988 0.344062 0.018283 0.035625
10 0.802804 0.351562 0.032695 0.016875
10 0.643019 0.367500 0.016875 0.011250
10 0.642552 0.432400 0.007534 0.028551
10 0.800694 0.406875 0.013711 0.052500
3 0.301300 0.516560 0.016875 0.022130
3 0.364581 0.507187 0.016875 0.028125
3 0.347179 0.506250 0.015820 0.022500
4 0.518562 0.494154 0.023586 0.054191
3 0.474269 0.502500 0.012656 0.022500
3 0.445265 0.500625 0.005273 0.018750
3 0.432081 0.498750 0.008437 0.015000
3 0.413097 0.498750 0.012656 0.011250
3 0.454230 0.501562 0.021094 0.039375
3 0.492908 0.511028 0.026002 0.035524
3 0.920401 0.500909 0.101250 0.078182
3 0.959422 0.499226 0.080150 0.085298
2 0.850265 0.500625 0.028477 0.123750
8 0.846573 0.528750 0.071719 0.082500
3 0.151007 0.522187 0.068555 0.039375
3 0.047818 0.552187 0.095636 0.166875
1 0.616689 0.498281 0.008878 0.056250
1 0.627061 0.499453 0.009229 0.039844
