10 0.464930 0.449847 0.014231 0.031990
10 0.430279 0.454829 0.008190 0.025624
10 0.381633 0.450263 0.013758 0.037087
3 0.624753 0.517498 0.016271 0.010028
3 0.610019 0.513981 0.017995 0.017062
3 0.595023 0.512914 0.019194 0.019194
3 0.569231 0.518246 0.046786 0.051185
3 0.512848 0.507583 0.027592 0.021327
3 0.537440 0.510782 0.021594 0.023460
3 0.482257 0.506516 0.035989 0.027725
3 0.453973 0.512914 0.025008 0.044787
3 0.340194 0.507825 0.018017 0.024459
3 0.248326 0.474526 0.035989 0.031991
3 0.216536 0.473459 0.029991 0.029858
3 0.181146 0.473459 0.026392 0.025592
3 0.160152 0.474526 0.027592 0.023460
3 0.130761 0.469194 0.038389 0.038389
3 0.102570 0.463862 0.027592 0.031990
3 0.291513 0.505450 0.067180 0.068246
3 0.229732 0.524644 0.075578 0.068246
3 0.152355 0.523578 0.062381 0.070379
3 0.109767 0.523578 0.025193 0.027725
3 0.072578 0.525711 0.051585 0.061848
3 0.039588 0.541706 0.079176 0.093839
3 0.395311 0.545452 0.100401 0.160280
