10 0.584279 0.487003 0.017436 0.032228
10 0.573941 0.515978 0.007898 0.010483
3 0.538613 0.533554 0.008057 0.014324
3 0.529548 0.529974 0.008057 0.017905
3 0.529703 0.552484 0.014408 0.019435
3 0.518470 0.535345 0.008057 0.017905
4 0.500038 0.530869 0.026185 0.073409
3 0.483724 0.546088 0.007050 0.021485
3 0.478185 0.529974 0.012086 0.007162
3 0.467016 0.550241 0.010252 0.038244
3 0.401124 0.546283 0.016052 0.017514
3 0.380929 0.547782 0.023028 0.021678
3 0.367401 0.547878 0.010071 0.014324
3 0.339705 0.548773 0.021150 0.016114
3 0.298916 0.547491 0.024171 0.022260
3 0.272730 0.546983 0.024171 0.041180
4 0.219765 0.530869 0.083775 0.091313
3 0.199334 0.562202 0.088775 0.071618
3 0.115817 0.544687 0.058016 0.045772
3 0.442935 0.548773 0.036257 0.066247
3 0.699250 0.561306 0.023164 0.016114
3 0.609474 0.549669 0.010795 0.010743
10 0.384018 0.444032 0.071506 0.064456
10 0.296902 0.442241 0.064456 0.057294
