10 0.440279 0.451554 0.019450 0.012236
10 0.432781 0.477982 0.039001 0.044700
10 0.481979 0.466848 0.020334 0.014275
10 0.481389 0.488308 0.038605 0.032534
10 0.531454 0.444452 0.011425 0.022360
10 0.530284 0.471779 0.016059 0.033006
10 0.529137 0.504575 0.009177 0.032628
3 0.466621 0.558907 0.014912 0.018353
3 0.442540 0.560946 0.014928 0.022432
3 0.420737 0.554828 0.017206 0.022432
3 0.432208 0.553517 0.010324 0.020393
3 0.360771 0.556984 0.023455 0.026743
3 0.328396 0.554828 0.039001 0.059139
3 0.394116 0.557364 0.031447 0.045911
3 0.189024 0.584943 0.186976 0.243617
3 0.489811 0.567160 0.025389 0.031953
