9 0.166692 0.362195 0.013647 0.045058
9 0.389923 0.368261 0.011698 0.036393
9 0.374590 0.460362 0.009500 0.015724
9 0.296342 0.471374 0.007798 0.017330
9 0.176440 0.363928 0.009748 0.041592
9 0.158406 0.363928 0.008773 0.041592
9 0.380662 0.368261 0.008773 0.036393
9 0.400159 0.373460 0.006824 0.032927
9 0.108691 0.510366 0.012673 0.022529
9 0.481068 0.456643 0.012673 0.019063
10 0.414650 0.444330 0.009035 0.022164
10 0.586834 0.364795 0.035093 0.025995
3 0.652634 0.473973 0.030219 0.036393
3 0.665794 0.496502 0.019496 0.025995
3 0.625827 0.486971 0.058488 0.065854
3 0.550766 0.473521 0.060438 0.026900
3 0.478631 0.507767 0.033143 0.041592
3 0.368477 0.489570 0.017547 0.019063
3 0.338746 0.502568 0.022421 0.027728
3 0.319250 0.506034 0.014622 0.020796
3 0.359704 0.506034 0.029244 0.027728
3 0.381637 0.518165 0.010723 0.034660
3 0.406912 0.505167 0.044007 0.077985
3 0.266610 0.504301 0.022421 0.031194
3 0.262711 0.523364 0.030219 0.048524
3 0.238341 0.537227 0.026320 0.041592
3 0.215920 0.549358 0.039967 0.051990
3 0.167180 0.569721 0.063363 0.066720
3 0.292442 0.519031 0.042892 0.067587
3 0.433655 0.524776 0.049010 0.079077
3 0.555153 0.559756 0.114053 0.145571
3 0.844184 0.624744 0.309989 0.469641
3 0.029244 0.621278 0.058488 0.123042
10 0.598045 0.324069 0.028269 0.017330
1 0.503488 0.515565 0.010723 0.053723
1 0.478143 0.512099 0.008773 0.043325
10 0.279391 0.471233 0.022203 0.010679
3 0.225049 0.527625 0.050448 0.065225
