2 0.049026 0.636054 0.098052 0.144915
8 0.220324 0.404190 0.012871 0.044237
8 0.266659 0.385122 0.012871 0.045763
9 0.152967 0.482749 0.017161 0.009153
8 0.482029 0.413342 0.007722 0.038136
8 0.527935 0.409529 0.005148 0.036610
9 0.546812 0.424020 0.010297 0.019831
2 0.213031 0.577325 0.084089 0.125085
2 0.529222 0.568935 0.060922 0.178475
2 0.570409 0.579613 0.040328 0.126610
2 0.386357 0.694020 0.336356 0.517119
3 0.524074 0.484274 0.091811 0.103729
4 0.784757 0.498766 0.427839 0.996102
3 0.415960 0.404952 0.110689 0.094576
