9 0.601481 0.270285 0.012803 0.039831
9 0.571874 0.291623 0.020805 0.054057
9 0.589478 0.299447 0.016004 0.035564
9 0.511860 0.274552 0.014403 0.036986
9 0.525063 0.290912 0.013603 0.052634
9 0.477052 0.290200 0.032808 0.034141
9 0.388231 0.283088 0.018404 0.031296
9 0.179783 0.204847 0.027206 0.068282
9 0.384630 0.108114 0.016004 0.028451
8 0.145073 0.062592 0.018404 0.039831
8 0.608380 0.088909 0.020005 0.061170
8 0.050252 0.277397 0.016004 0.019916
8 0.128270 0.283088 0.013603 0.019916
2 0.098523 0.324951 0.016804 0.017071
2 0.114526 0.329219 0.020005 0.022761
2 0.078518 0.325662 0.013603 0.018493
2 0.052512 0.324951 0.032007 0.031296
2 0.016504 0.329930 0.032007 0.029874
