2 0.293980 0.582402 0.177265 0.217373
2 0.390803 0.577722 0.080735 0.135208
2 0.929407 0.613084 0.099456 0.193451
2 0.801870 0.646839 0.303048 0.336980
2 0.511400 0.556022 0.035687 0.050963
2 0.598863 0.547702 0.047973 0.032242
2 0.529536 0.556542 0.023986 0.047843
2 0.543869 0.553422 0.022231 0.041602
2 0.648298 0.548742 0.025156 0.032242
2 0.651516 0.557062 0.029252 0.038482
2 0.661461 0.561223 0.018721 0.032242
0 0.987326 0.583962 0.018721 0.097766
9 0.825271 0.389471 0.017551 0.024961
9 0.105599 0.487236 0.015796 0.022881
9 0.610191 0.502837 0.010531 0.010401
