3 0.152998 0.588814 0.305996 0.419224
2 0.320383 0.590118 0.032986 0.066128
2 0.341087 0.586375 0.025266 0.056146
2 0.355825 0.590118 0.015440 0.041174
2 0.373722 0.579513 0.031582 0.024954
2 0.391618 0.574522 0.014037 0.027449
2 0.403199 0.572026 0.013335 0.024954
0 0.376880 0.577641 0.008422 0.028697
4 0.483382 0.558029 0.019651 0.040550
2 0.497371 0.573841 0.017546 0.042421
2 0.512811 0.581327 0.034389 0.057394
2 0.545446 0.581327 0.063164 0.084843
2 0.570711 0.601290 0.068779 0.079852
2 0.670722 0.663051 0.103168 0.173429
2 0.844997 0.690500 0.307399 0.607625
9 0.994135 0.261295 0.010527 0.101063
2 0.459871 0.618230 0.083517 0.117283
