8 0.347133 0.329700 0.011701 0.022881
8 0.493977 0.365062 0.010531 0.018721
8 0.340698 0.403544 0.008190 0.016641
8 0.316711 0.418105 0.011701 0.016641
8 0.290970 0.407704 0.011701 0.020801
8 0.292140 0.388983 0.011701 0.016641
8 0.397446 0.409785 0.009361 0.016641
9 0.258793 0.347381 0.022231 0.020801
9 0.276344 0.253775 0.017551 0.016641
9 0.258793 0.375463 0.017551 0.027042
9 0.307351 0.448267 0.014041 0.010401
9 0.317881 0.432666 0.014041 0.016641
2 0.336602 0.486749 0.023401 0.062404
2 0.247092 0.472188 0.040952 0.037442
2 0.276929 0.472188 0.014041 0.024961
2 0.294480 0.471148 0.016381 0.022881
2 0.305010 0.472188 0.016381 0.020801
2 0.216085 0.470108 0.018721 0.024961
2 0.052860 0.454507 0.022231 0.052003
2 0.023212 0.469068 0.046425 0.110247
2 0.154656 0.473228 0.064354 0.072804
2 0.422017 0.541872 0.198912 0.251695
2 0.203214 0.471148 0.018721 0.027042
0 0.115459 0.464908 0.007020 0.043683
0 0.108439 0.459708 0.007020 0.037442
0 0.102588 0.463868 0.009361 0.041602
0 0.094983 0.457627 0.008190 0.041602
0 0.094983 0.457627 0.005850 0.049923
8 0.214330 0.392104 0.010531 0.027042
