9 0.723307 0.199294 0.042892 0.135173
9 0.552229 0.422850 0.014622 0.027728
9 0.389923 0.460109 0.009748 0.008665
8 0.477168 0.419384 0.008773 0.024262
8 0.438664 0.422850 0.005849 0.024262
8 0.383099 0.473107 0.007798 0.013864
8 0.483017 0.469641 0.004874 0.017330
8 0.460109 0.457510 0.007798 0.017330
0 0.576599 0.478306 0.010723 0.031194
2 0.466933 0.486971 0.013647 0.020796
2 0.443538 0.481772 0.017547 0.027728
2 0.430378 0.497369 0.024370 0.017330
2 0.323149 0.509500 0.020471 0.027728
2 0.254425 0.519031 0.037043 0.039859
2 0.228592 0.521631 0.020471 0.038126
3 0.512262 0.460976 0.047766 0.110911
