9 0.104866 0.084490 0.034094 0.077143
9 0.611839 0.354490 0.055791 0.025714
9 0.689740 0.406837 0.018597 0.009184
9 0.677342 0.419694 0.018597 0.012857
9 0.394410 0.463316 0.023763 0.018367
8 0.530529 0.337041 0.009298 0.049592
8 0.568240 0.349898 0.006199 0.031224
8 0.468539 0.397653 0.009298 0.020204
2 0.045014 0.554694 0.090027 0.191020
3 0.123534 0.492386 0.247068 0.231711
2 0.264632 0.547347 0.053724 0.062449
2 0.317323 0.542755 0.057857 0.053265
2 0.362266 0.531735 0.032028 0.053265
2 0.392744 0.528061 0.037194 0.053265
2 0.418573 0.521633 0.030995 0.051429
2 0.632954 0.517041 0.023763 0.038571
2 0.607642 0.503265 0.018597 0.029388
2 0.532738 0.502347 0.017564 0.027551
2 0.569415 0.538163 0.047526 0.073469
2 0.970140 0.537245 0.058890 0.075306
