2 0.140860 0.393389 0.137448 0.097048
2 0.322174 0.410719 0.096506 0.065854
2 0.439151 0.440180 0.024370 0.027728
2 0.467908 0.447112 0.019496 0.013864
2 0.494228 0.441913 0.021446 0.024262
2 0.519573 0.446245 0.019496 0.019063
2 0.944589 0.525096 0.046791 0.051990
2 0.638499 0.484371 0.033143 0.050257
2 0.617053 0.468774 0.021446 0.029461
2 0.591708 0.466175 0.007798 0.024262
2 0.550279 0.460976 0.008773 0.020796
2 0.556615 0.467908 0.007798 0.020796
9 0.323636 0.191496 0.066287 0.032927
9 0.327535 0.243485 0.089682 0.081451
9 0.588784 0.418518 0.031194 0.025995
2 0.874890 0.518165 0.030219 0.031194
2 0.831511 0.508633 0.033143 0.022529
2 0.573008 0.471562 0.035596 0.056250
2 0.694956 0.506718 0.102832 0.140625
