2 0.739445 0.532325 0.397277 0.453051
2 0.877591 0.669613 0.239396 0.352373
2 0.282104 0.495715 0.110689 0.123559
2 0.533942 0.508681 0.096102 0.183051
2 0.488894 0.478173 0.071218 0.140339
2 0.444275 0.449190 0.019735 0.024407
2 0.427114 0.445376 0.019735 0.022881
2 0.412527 0.446139 0.011155 0.021356
2 0.377498 0.457767 0.026297 0.041561
2 0.357485 0.450654 0.017161 0.030508
8 0.340324 0.381683 0.006864 0.019831
8 0.400817 0.383208 0.004290 0.016780
8 0.333889 0.381901 0.004290 0.016780
8 0.347189 0.381901 0.005148 0.019831
8 0.395240 0.380375 0.005148 0.016780
8 0.335176 0.418511 0.005148 0.013729
9 0.565689 0.306562 0.013729 0.038136
9 0.456717 0.248596 0.018877 0.010678
9 0.440843 0.285207 0.024883 0.019831
2 0.337019 0.451478 0.012871 0.019831
2 0.395366 0.453003 0.009439 0.025932
