9 0.322604 0.344982 0.025710 0.022854
8 0.545261 0.385123 0.007346 0.019589
2 0.333994 0.452993 0.014692 0.037545
2 0.353277 0.458706 0.027547 0.029383
2 0.221052 0.466868 0.049584 0.042443
2 0.154021 0.462787 0.049584 0.040810
8 0.549166 0.383965 0.008264 0.021221
0 0.884943 0.531184 0.035128 0.194694
0 0.848283 0.511845 0.036126 0.152344
8 0.431788 0.386501 0.007232 0.022041
9 0.431272 0.409461 0.010332 0.009184
2 0.491097 0.454592 0.020663 0.031224
2 0.555670 0.464694 0.017564 0.025714
2 0.427287 0.477945 0.061990 0.082653
2 0.518028 0.465612 0.039260 0.064286
2 0.575369 0.476633 0.042360 0.056939
9 0.590010 0.400408 0.009298 0.011020
