9 0.165263 0.282148 0.067678 0.034668
9 0.569531 0.290597 0.021795 0.055060
9 0.503655 0.452719 0.017206 0.020393
8 0.782972 0.352358 0.016059 0.050982
8 0.004343 0.321768 0.008685 0.042825
8 0.154366 0.368235 0.020648 0.065257
8 0.595996 0.389647 0.018353 0.055060
8 0.614923 0.429413 0.014912 0.032628
2 0.419262 0.510838 0.009177 0.022432
2 0.428439 0.512878 0.009177 0.018353
2 0.448513 0.515937 0.017206 0.028550
2 0.395173 0.502681 0.019501 0.026511
2 0.954381 0.543467 0.088326 0.091767
2 0.478337 0.527153 0.032119 0.034668
2 0.320612 0.532251 0.030971 0.032628
2 0.354451 0.524094 0.039001 0.040785
