9 0.376820 0.448131 0.051619 0.065257
9 0.533971 0.398168 0.044737 0.046903
9 0.583870 0.401227 0.045884 0.044864
9 0.583296 0.434875 0.047031 0.026511
9 0.533971 0.433856 0.049325 0.024471
9 0.419836 0.467504 0.011471 0.018353
9 0.402629 0.492995 0.009177 0.024471
0 0.111268 0.502171 0.011471 0.032628
0 0.392305 0.511348 0.006883 0.018353
8 0.500992 0.474641 0.006883 0.022432
8 0.578134 0.459347 0.004588 0.016314
9 0.348142 0.422640 0.008030 0.016314
9 0.291935 0.496054 0.014912 0.032628
2 0.564943 0.523584 0.019501 0.026511
2 0.547736 0.530721 0.026383 0.048943
2 0.595341 0.525623 0.027530 0.030589
2 0.631474 0.519505 0.042442 0.022432
2 0.668181 0.515427 0.030971 0.022432
2 0.659291 0.631665 0.195006 0.222281
2 0.512750 0.546016 0.061943 0.099924
4 0.771993 0.485857 0.199594 0.265106
3 0.642945 0.490955 0.063090 0.046903
2 0.894923 0.530891 0.205329 0.318127
0 0.413293 0.508716 0.011477 0.040806
