9 0.797207 0.471347 0.046831 0.030740
9 0.767308 0.422676 0.051874 0.020493
9 0.830349 0.548838 0.045390 0.057638
9 0.978045 0.649383 0.007925 0.025617
8 0.772351 0.584274 0.056197 0.065323
8 0.839151 0.752683 0.033142 0.076850
0 0.458399 0.778107 0.025937 0.190844
0 0.434623 0.772984 0.027378 0.190844
0 0.417692 0.777467 0.029539 0.184440
0 0.400401 0.781950 0.030980 0.183159
0 0.385631 0.785152 0.027378 0.184440
0 0.359695 0.788354 0.028819 0.178036
0 0.335919 0.779388 0.027378 0.195968
0 0.315386 0.783871 0.023776 0.181879
0 0.293411 0.783231 0.030260 0.180598
0 0.262791 0.763378 0.029539 0.181879
0 0.218843 0.762097 0.023776 0.181879
0 0.196868 0.770422 0.027378 0.170351
0 0.661211 0.735840 0.023776 0.129364
0 0.717408 0.716627 0.016571 0.090939
0 0.705160 0.720470 0.016571 0.096063
0 0.754152 0.735840 0.025216 0.139611
0 0.990106 0.697415 0.012248 0.049953
2 0.869103 0.688449 0.016571 0.026898
2 0.883512 0.690370 0.012248 0.028178
2 0.895040 0.697415 0.013689 0.034583
2 0.910530 0.700617 0.021614 0.040987
2 0.938628 0.682685 0.034583 0.012808
2 0.936467 0.705740 0.047551 0.048672
2 0.836681 0.722391 0.139051 0.076850
8 0.972288 0.148602 0.045390 0.156262
