9 0.651738 0.406612 0.020663 0.033061
9 0.653288 0.434163 0.023763 0.014694
2 0.897631 0.503208 0.200434 0.258980
2 0.741623 0.486677 0.126046 0.108367
2 0.571668 0.466473 0.042360 0.045918
2 0.429608 0.499534 0.095051 0.119388
2 0.329391 0.471983 0.037194 0.045918
2 0.130507 0.471983 0.042360 0.045918
2 0.181649 0.471983 0.041327 0.038571
2 0.378900 0.477000 0.022730 0.045918
9 0.600948 0.423407 0.010839 0.023804
2 0.533363 0.473848 0.017215 0.018136
2 0.510728 0.468747 0.015302 0.019270
2 0.486181 0.470447 0.022316 0.024937
