8 0.601376 0.205863 0.009278 0.053608
8 0.351441 0.054317 0.017397 0.080412
8 0.835655 0.241946 0.013918 0.059794
8 0.797961 0.216173 0.017397 0.119588
8 0.614134 0.205863 0.011598 0.045361
8 0.586299 0.209987 0.011598 0.049485
8 0.670964 0.373905 0.018557 0.030928
8 0.312008 0.344008 0.008119 0.028866
9 0.186750 0.050257 0.121778 0.038126
9 0.500474 0.357410 0.048711 0.051546
9 0.577600 0.357410 0.017397 0.035052
9 0.714456 0.365657 0.017397 0.068041
9 0.085848 0.304833 0.015077 0.032990
2 0.052794 0.406894 0.044072 0.039175
2 0.042356 0.428544 0.048711 0.078351
2 0.447704 0.446070 0.059149 0.105155
2 0.483657 0.423389 0.015077 0.035052
2 0.872188 0.460503 0.244717 0.138144
3 0.586299 0.309987 0.067268 0.055670
3 0.401892 0.448132 0.041753 0.080412
2 0.539464 0.481856 0.125258 0.191753
2 0.212402 0.500412 0.322423 0.323711
0 0.360276 0.444742 0.010438 0.035052
3 0.607793 0.440180 0.038018 0.093582
9 0.669206 0.357863 0.014622 0.015597
5 0.639474 0.323203 0.715509 0.032927
