8 0.289100 0.175500 0.014344 0.039000
8 0.397522 0.185250 0.011812 0.031500
8 0.425366 0.281250 0.010125 0.025500
8 0.397944 0.279750 0.010969 0.025500
8 0.373897 0.282000 0.013500 0.021000
8 0.197553 0.219750 0.008437 0.022500
8 0.617625 0.230750 0.016875 0.025500
9 0.557156 0.283250 0.015187 0.025500
9 0.481219 0.287000 0.008437 0.024000
2 0.434109 0.327107 0.005906 0.016500
2 0.439594 0.327429 0.008438 0.018000
2 0.416391 0.324750 0.009281 0.016500
2 0.405844 0.329250 0.010125 0.028500
2 0.386016 0.328500 0.027844 0.034500
2 0.325687 0.339000 0.064125 0.076500
3 0.459603 0.317143 0.032062 0.054000
2 0.194484 0.325500 0.027844 0.033000
2 0.261823 0.331132 0.022925 0.030566
2 0.229586 0.320944 0.035820 0.040755
