9 0.382150 0.312460 0.031845 0.106694
9 0.409708 0.431129 0.023271 0.026129
9 0.283554 0.451815 0.011023 0.023952
2 0.406033 0.457258 0.013473 0.017419
2 0.377251 0.470323 0.012248 0.017419
2 0.355204 0.469234 0.024496 0.028306
2 0.304988 0.467057 0.034294 0.023952
2 0.224151 0.461613 0.046542 0.034839
2 0.118911 0.463125 0.073673 0.079687
8 0.508408 0.396290 0.006592 0.017419
9 0.495444 0.394113 0.011023 0.021774
9 0.543823 0.394113 0.007349 0.021774
9 0.531575 0.409355 0.007349 0.017419
9 0.763104 0.103427 0.044010 0.071855
2 0.517490 0.423349 0.013473 0.027989
