2 0.601038 0.397304 0.009361 0.033282
2 0.609814 0.399384 0.008190 0.029122
2 0.616834 0.394184 0.005850 0.035362
2 0.843243 0.406664 0.241034 0.168490
2 0.385160 0.382743 0.066694 0.166410
2 0.328412 0.400424 0.030422 0.039522
2 0.297405 0.397304 0.029252 0.033282
2 0.230711 0.403544 0.050313 0.037442
2 0.180983 0.399384 0.044463 0.041602
2 0.122480 0.402504 0.060844 0.043683
2 0.066316 0.397304 0.039782 0.045763
2 0.665392 0.408745 0.102966 0.076965
2 0.499242 0.472188 0.236354 0.378583
2 0.969610 0.397304 0.058504 0.104006
2 0.903501 0.352581 0.069034 0.022881
2 0.021268 0.404584 0.040952 0.052003
9 0.610399 0.352581 0.014041 0.018721
2 0.270493 0.398344 0.019891 0.018721
