2 0.505732 0.487063 0.013155 0.019134
2 0.482891 0.489402 0.020091 0.037417
2 0.440557 0.486638 0.009567 0.023386
3 0.486239 0.465059 0.022961 0.035079
2 0.520800 0.488339 0.017938 0.023386
2 0.460409 0.496843 0.038268 0.048898
2 0.364141 0.481961 0.020330 0.027638
2 0.051821 0.484725 0.102047 0.119055
2 0.759136 0.517677 0.026309 0.040394
2 0.789989 0.520866 0.036354 0.034016
2 0.821799 0.521504 0.026787 0.036992
2 0.855284 0.535323 0.036354 0.034866
2 0.892595 0.532134 0.038268 0.032740
2 0.949398 0.530646 0.022721 0.025512
2 0.719672 0.509173 0.028701 0.036142
2 0.693961 0.507047 0.025113 0.036142
8 0.626514 0.473563 0.010763 0.013819
8 0.669087 0.482067 0.009567 0.009567
8 0.431024 0.457998 0.009567 0.021260
8 0.447767 0.450557 0.009567 0.019134
2 0.673153 0.505984 0.015546 0.021260
8 0.519604 0.448583 0.008371 0.017008
9 0.533356 0.467717 0.009567 0.008504
2 0.651569 0.502978 0.017880 0.031787
2 0.094659 0.473061 0.021035 0.044875
2 0.415658 0.481475 0.010518 0.013089
2 0.429541 0.482410 0.012621 0.022438
2 0.382738 0.481475 0.019984 0.016828
2 0.401670 0.482410 0.013673 0.022438
2 0.340667 0.476801 0.022087 0.033657
2 0.125055 0.472126 0.028398 0.031787
2 0.202412 0.473529 0.033551 0.032722
2 0.577735 0.495499 0.015776 0.018698
2 0.318685 0.480540 0.019984 0.028047
