9 0.725744 0.390790 0.014622 0.015597
9 0.729644 0.368261 0.026320 0.015597
9 0.312426 0.408120 0.026320 0.019063
9 0.300241 0.378659 0.017547 0.012131
9 0.296342 0.370860 0.025345 0.013864
9 0.107716 0.394256 0.008773 0.022529
9 0.383587 0.465308 0.008773 0.008665
8 0.367015 0.296342 0.012673 0.051990
8 0.690651 0.250417 0.012673 0.053723
8 0.289031 0.452311 0.008773 0.017330
8 0.707223 0.434981 0.010723 0.024262
8 0.672130 0.258216 0.014622 0.055456
8 0.305602 0.454044 0.006824 0.020796
2 0.408932 0.501701 0.022421 0.022529
4 0.436714 0.493036 0.027295 0.036393
2 0.456697 0.504301 0.018521 0.024262
0 0.433789 0.528562 0.021446 0.079718
0 0.474731 0.530295 0.021446 0.097048
0 0.222744 0.528562 0.022421 0.093582
0 0.193987 0.523364 0.021446 0.097048
0 0.247601 0.519898 0.029244 0.090116
0 0.277820 0.516432 0.017547 0.079718
2 0.348981 0.534628 0.144272 0.109178
2 0.634600 0.540693 0.286594 0.232221
2 0.084808 0.519031 0.169617 0.116110
0 0.106741 0.482638 0.014622 0.025995
0 0.056051 0.456643 0.010723 0.022529
0 0.701862 0.505167 0.019496 0.036393
8 0.166294 0.436172 0.007910 0.035156
