9 0.291468 0.180291 0.024564 0.051155
8 0.526930 0.209612 0.008422 0.032440
8 0.569742 0.215226 0.005615 0.023706
2 0.532459 0.314418 0.009826 0.014972
2 0.523335 0.318161 0.008422 0.017468
2 0.572463 0.308179 0.009826 0.017468
2 0.579832 0.310051 0.009124 0.026201
2 0.585797 0.311298 0.009826 0.028697
2 0.599132 0.313794 0.028073 0.038678
2 0.619602 0.318161 0.020353 0.067375
2 0.630480 0.326271 0.021055 0.076109
2 0.645569 0.326271 0.024564 0.076109
2 0.678555 0.330638 0.070884 0.097320
2 0.712594 0.356215 0.082815 0.138493
2 0.792134 0.373059 0.154402 0.212107
2 0.477131 0.321904 0.028775 0.059889
2 0.387298 0.346234 0.052637 0.086091
2 0.505101 0.321102 0.024564 0.031192
2 0.562300 0.314863 0.018247 0.031192
2 0.448253 0.325469 0.051233 0.069871
2 0.322627 0.361028 0.115801 0.116035
2 0.101852 0.430275 0.202827 0.254529
2 0.905596 0.420887 0.188089 0.479113
8 0.465193 0.256491 0.010527 0.032440
2 0.541809 0.317498 0.011229 0.017468
