9 0.350264 0.260158 0.014248 0.025330
9 0.350264 0.296042 0.021372 0.037995
9 0.369855 0.270712 0.022559 0.042216
9 0.424472 0.215831 0.048681 0.071768
9 0.474340 0.218997 0.048681 0.069657
9 0.515897 0.274934 0.027309 0.042216
9 0.495712 0.287599 0.008311 0.021108
9 0.591887 0.239050 0.067678 0.101319
9 0.555673 0.263325 0.011873 0.027441
9 0.559235 0.306596 0.023747 0.037995
2 0.206003 0.353034 0.017810 0.025330
2 0.186412 0.355145 0.021372 0.029551
2 0.174538 0.354090 0.014248 0.031662
2 0.161478 0.355145 0.026121 0.033773
2 0.433377 0.318206 0.009499 0.018997
2 0.468997 0.329815 0.040369 0.071768
9 0.281992 0.324011 0.015435 0.033773
2 0.417955 0.314646 0.025113 0.021260
