9 0.600646 0.386462 0.016398 0.035880
9 0.533160 0.413372 0.005046 0.017940
8 0.471981 0.380108 0.011353 0.024668
8 0.536944 0.374501 0.010091 0.026910
2 0.496579 0.423837 0.010091 0.017940
2 0.486487 0.424584 0.017660 0.031395
2 0.478288 0.438040 0.018921 0.031395
2 0.466305 0.442525 0.020183 0.026910
2 0.451798 0.450373 0.021444 0.042608
2 0.355300 0.470556 0.055502 0.087458
2 0.505829 0.424584 0.007569 0.017940
2 0.414376 0.470556 0.069378 0.105399
2 0.167138 0.501204 0.245977 0.233970
2 0.078839 0.555025 0.157677 0.298256
2 0.932609 0.404028 0.133710 0.663039
2 0.514449 0.424211 0.008830 0.024668
2 0.523279 0.430564 0.011353 0.022425
2 0.532109 0.435050 0.011353 0.026910
2 0.540308 0.437292 0.012614 0.040365
2 0.547876 0.444020 0.012614 0.040365
2 0.556706 0.447383 0.015137 0.042608
2 0.563644 0.448505 0.018921 0.049336
2 0.572474 0.450747 0.018921 0.049336
2 0.580673 0.456353 0.022706 0.060548
2 0.599595 0.460839 0.035320 0.082973
2 0.632392 0.472799 0.045411 0.105399
2 0.677172 0.484385 0.092084 0.142026
2 0.779978 0.498214 0.191736 0.235465
