0 0.722820 0.349198 0.026320 0.112644
0 0.794468 0.322336 0.037043 0.083184
0 0.473269 0.350064 0.018521 0.051990
9 0.145734 0.243485 0.028269 0.012131
9 0.299266 0.294609 0.017547 0.013864
2 0.100405 0.467908 0.200810 0.488704
2 0.213483 0.408986 0.134523 0.228755
2 0.273434 0.392523 0.055564 0.133440
2 0.304627 0.390790 0.051665 0.095315
2 0.347032 0.361329 0.042892 0.050257
2 0.367015 0.348331 0.030219 0.045058
2 0.384562 0.343999 0.012673 0.032927
2 0.394797 0.334467 0.009748 0.017330
2 0.429403 0.375193 0.080909 0.119576
2 0.846621 0.524230 0.303165 0.677600
2 0.605843 0.413319 0.137448 0.147304
2 0.544918 0.379525 0.087733 0.135173
2 0.483992 0.356130 0.028269 0.050257
