8 0.467076 0.311480 0.008610 0.022959
8 0.355581 0.301531 0.007749 0.024490
0 0.318415 0.398470 0.009471 0.039796
0 0.313680 0.401531 0.012054 0.045918
0 0.710144 0.460528 0.043048 0.203572
2 0.423167 0.384184 0.009471 0.016837
2 0.395616 0.394133 0.012915 0.018367
4 0.411113 0.384184 0.019802 0.038265
2 0.449713 0.393368 0.006888 0.018367
2 0.440673 0.392602 0.018080 0.032143
2 0.457462 0.392602 0.013776 0.019898
2 0.464780 0.395663 0.011193 0.022959
2 0.472098 0.397194 0.013776 0.022959
2 0.497497 0.400255 0.014636 0.022959
2 0.379114 0.398725 0.024107 0.022959
2 0.513999 0.408368 0.036161 0.067347
2 0.518304 0.419082 0.017219 0.052041
2 0.539828 0.412959 0.049936 0.079592
2 0.545424 0.425204 0.043909 0.076531
2 0.584598 0.419082 0.067156 0.116327
2 0.700686 0.394643 0.195440 0.286225
2 0.866415 0.516864 0.264589 0.309184
9 0.651802 0.197561 0.018080 0.099490
9 0.605740 0.243479 0.012054 0.096429
9 0.537723 0.320010 0.013776 0.041327
9 0.515338 0.333020 0.013776 0.012245
2 0.288281 0.410459 0.028412 0.056633
2 0.268049 0.411225 0.029273 0.070408
2 0.237915 0.415051 0.049936 0.078061
2 0.195727 0.426531 0.070600 0.079592
2 0.123406 0.433419 0.103316 0.108674
0 0.009758 0.379847 0.013776 0.026020
0 0.031282 0.376786 0.015497 0.032143
2 0.045775 0.456378 0.091550 0.136225
