8 0.468673 0.268009 0.007198 0.029858
8 0.349309 0.304976 0.005998 0.021327
9 0.517859 0.287915 0.014396 0.034123
9 0.620428 0.193009 0.034790 0.027725
2 0.403893 0.347630 0.016795 0.021327
2 0.421287 0.349763 0.013196 0.025592
2 0.417089 0.374289 0.014396 0.036256
2 0.402693 0.372156 0.009597 0.031991
2 0.391896 0.373223 0.011996 0.029858
2 0.378700 0.374289 0.023993 0.040521
2 0.354707 0.388151 0.038389 0.059716
2 0.324116 0.366824 0.032390 0.017062
3 0.279729 0.351896 0.044387 0.063981
2 0.316918 0.418009 0.077977 0.093839
2 0.444081 0.363625 0.041988 0.040521
2 0.455477 0.391350 0.050385 0.057583
2 0.110580 0.416943 0.104369 0.095972
0 0.120777 0.361493 0.014396 0.023460
0 0.104581 0.367891 0.008398 0.019194
0 0.215548 0.366824 0.009597 0.042654
0 0.226345 0.365758 0.011996 0.044787
0 0.507062 0.345497 0.007198 0.034123
0 0.499264 0.346564 0.005998 0.031991
0 0.490867 0.334834 0.008398 0.021327
0 0.564645 0.352962 0.011996 0.044787
0 0.675612 0.406279 0.022793 0.104502
0 0.715200 0.402014 0.025193 0.091706
0 0.749390 0.403080 0.026392 0.115166
0 0.767385 0.400948 0.019194 0.110900
8 0.642022 0.287915 0.020394 0.038389
8 0.374326 0.029461 0.023395 0.058922
8 0.352880 0.016463 0.015597 0.029461
