2 0.361295 0.641242 0.029803 0.042386
2 0.273079 0.625347 0.072719 0.078414
2 0.181286 0.658197 0.067950 0.110204
2 0.561569 0.637004 0.036955 0.042386
2 0.586008 0.643362 0.019074 0.046625
2 0.610446 0.638063 0.044108 0.074176
2 0.631308 0.645481 0.038148 0.080534
2 0.074848 0.675151 0.149695 0.262794
2 0.922609 0.730253 0.153782 0.267033
2 0.456664 0.656077 0.067950 0.101727
2 0.292152 0.674092 0.125172 0.137755
2 0.682569 0.652898 0.102522 0.116562
9 0.661026 0.516052 0.017882 0.025432
9 0.660430 0.538304 0.019074 0.010597
9 0.372535 0.557378 0.025034 0.006358
8 0.392205 0.560557 0.007153 0.021193
8 0.460751 0.563736 0.003576 0.019074
8 0.466711 0.562676 0.003576 0.016954
0 0.527509 0.638972 0.003576 0.021193
0 0.529893 0.632614 0.005961 0.033909
0 0.537046 0.633673 0.003576 0.031790
2 0.385065 0.634663 0.023608 0.018653
