9 0.410850 0.565312 0.014502 0.032812
9 0.387779 0.492656 0.021094 0.032812
9 0.385801 0.545390 0.038232 0.067969
2 0.463584 0.632109 0.014502 0.021094
2 0.564439 0.632109 0.015820 0.030469
2 0.583555 0.641484 0.027686 0.039844
2 0.353501 0.605156 0.023730 0.037500
2 0.366026 0.626250 0.014502 0.023437
2 0.338999 0.618046 0.026367 0.053906
2 0.267149 0.611015 0.019775 0.049219
2 0.245396 0.608671 0.031641 0.044531
2 0.215074 0.601640 0.026367 0.053906
2 0.042426 0.603309 0.034162 0.061932
2 0.480723 0.632109 0.022412 0.021094
2 0.537412 0.640312 0.046143 0.056250
2 0.324497 0.619218 0.021094 0.065625
2 0.294175 0.621562 0.060644 0.079687
2 0.129162 0.646406 0.205684 0.201027
