9 0.075548 0.408986 0.036068 0.020796
9 0.483992 0.392523 0.065312 0.053723
9 0.148171 0.469641 0.011698 0.013864
9 0.541993 0.425449 0.011698 0.039859
9 0.500564 0.467908 0.006824 0.013864
9 0.403083 0.472240 0.010723 0.008665
9 0.073111 0.512966 0.013647 0.013864
8 0.013647 0.500835 0.009748 0.010398
8 0.035580 0.496502 0.012673 0.008665
8 0.278308 0.467041 0.004874 0.019063
8 0.280257 0.464442 0.004874 0.020796
8 0.274408 0.468774 0.006824 0.022529
2 0.346057 0.534628 0.009748 0.022529
2 0.254912 0.517298 0.032169 0.015597
2 0.272946 0.534628 0.013647 0.036393
4 0.309989 0.519898 0.064337 0.110911
2 0.240290 0.567555 0.086758 0.102247
2 0.445975 0.645539 0.213483 0.341399
2 0.032656 0.669801 0.065312 0.192362
0 0.134523 0.523364 0.005849 0.013864
