9 0.713401 0.332701 0.016795 0.025592
2 0.402630 0.411459 0.009597 0.027725
2 0.388235 0.407193 0.011996 0.027725
2 0.367241 0.409326 0.025193 0.031991
2 0.338449 0.414060 0.032390 0.037192
2 0.294063 0.423189 0.027592 0.038389
2 0.271869 0.428520 0.026392 0.040521
2 0.239479 0.433852 0.055184 0.046919
2 0.450016 0.406127 0.020394 0.029858
3 0.423624 0.401862 0.029991 0.072512
2 0.506999 0.409326 0.016795 0.027725
2 0.568953 0.425321 0.024849 0.029858
2 0.472210 0.415724 0.031191 0.049052
2 0.534591 0.421056 0.043187 0.059716
2 0.608369 0.439184 0.077977 0.100237
