2 0.375867 0.496699 0.020059 0.030566
2 0.390911 0.500944 0.027223 0.045849
2 0.408105 0.499670 0.030088 0.058585
2 0.471147 0.534057 0.044416 0.086604
2 0.543503 0.560378 0.100295 0.132453
2 0.686065 0.611321 0.227813 0.249623
2 0.259095 0.497972 0.018626 0.033113
2 0.244767 0.500519 0.024357 0.043302
2 0.234021 0.503066 0.022925 0.048396
2 0.218261 0.499246 0.028656 0.050943
2 0.181725 0.504340 0.064475 0.061132
0 0.150920 0.503066 0.022925 0.094245
2 0.086445 0.512406 0.051580 0.104434
2 0.033432 0.523444 0.065908 0.109528
0 0.048476 0.519199 0.035820 0.129906
2 0.870178 0.733586 0.255036 0.397359
2 0.279871 0.497123 0.040118 0.053491
2 0.346495 0.497972 0.035820 0.053491
8 0.410254 0.458491 0.008597 0.020377
8 0.308526 0.452548 0.008597 0.025472
8 0.373718 0.453821 0.010029 0.022925
9 0.390911 0.457217 0.012895 0.017830
9 0.408105 0.468680 0.015761 0.020377
