2 0.120876 0.400321 0.239803 0.298075
3 0.958724 0.311939 0.080909 0.131707
2 0.408932 0.420250 0.305115 0.473107
2 0.246139 0.333601 0.092607 0.147304
2 0.196424 0.280745 0.024370 0.041592
3 0.257837 0.242619 0.041917 0.055456
2 0.286594 0.256483 0.023395 0.027728
2 0.763762 0.266881 0.061413 0.041592
2 0.541993 0.281611 0.037043 0.032927
2 0.587322 0.272080 0.061413 0.045058
8 0.184239 0.034660 0.013647 0.058922
8 0.521035 0.129108 0.006824 0.050257
8 0.528833 0.134307 0.006824 0.043325
8 0.415268 0.162901 0.007798 0.034660
8 0.335821 0.147304 0.006824 0.038126
9 0.348006 0.146438 0.013647 0.022529
9 0.154020 0.028594 0.023395 0.046791
8 0.538581 0.200161 0.008773 0.032927
8 0.554178 0.203627 0.010723 0.039859
8 0.178390 0.228755 0.007798 0.020796
8 0.003534 0.072662 0.005849 0.057189
8 0.028879 0.238410 0.007798 0.034660
9 0.779481 0.232097 0.015597 0.022529
