9 0.153590 0.317318 0.038982 0.025642
9 0.242080 0.369231 0.010135 0.018712
9 0.432509 0.388982 0.019881 0.011088
9 0.568628 0.196796 0.090049 0.036730
9 0.590458 0.284809 0.036254 0.025642
9 0.584610 0.311144 0.021440 0.021484
8 0.408885 0.374230 0.004288 0.018018
8 0.377894 0.379428 0.005458 0.014553
8 0.613347 0.349281 0.011695 0.029107
0 0.128711 0.487192 0.030796 0.121971
0 0.099474 0.474025 0.025338 0.130287
0 0.023848 0.506712 0.040931 0.215529
8 0.125436 0.348632 0.014034 0.027028
2 0.412610 0.452803 0.019491 0.022177
2 0.391754 0.455922 0.015983 0.024256
2 0.370314 0.455575 0.014423 0.023563
2 0.360374 0.463545 0.016373 0.032572
2 0.350043 0.470128 0.015203 0.044353
2 0.333476 0.472554 0.028067 0.056135
2 0.306968 0.473940 0.053016 0.067223
2 0.270130 0.492305 0.072897 0.092864
2 0.561647 0.510771 0.306401 0.181571
8 0.512136 0.063912 0.023967 0.089701
8 0.491323 0.068397 0.018921 0.089701
0 0.955525 0.534842 0.063071 0.278073
2 0.949849 0.505689 0.097129 0.098671
9 0.606743 0.250041 0.029013 0.026910
