9 0.625083 0.518437 0.015820 0.032812
2 0.502734 0.539453 0.021094 0.021094
2 0.557446 0.554687 0.011865 0.018750
2 0.589087 0.561718 0.030322 0.046875
2 0.618090 0.575781 0.040869 0.056250
2 0.651269 0.571875 0.063281 0.098437
2 0.715869 0.596484 0.108105 0.138281
2 0.309840 0.582055 0.054053 0.096094
2 0.245241 0.580883 0.096240 0.140625
2 0.483178 0.548437 0.019775 0.023437
2 0.463403 0.548437 0.025049 0.042187
2 0.533276 0.543750 0.019775 0.032812
2 0.417946 0.566821 0.077783 0.103125
2 0.871461 0.662915 0.257079 0.206250
2 0.101197 0.576196 0.202394 0.295312
