2 0.484910 0.480412 0.010438 0.012371
2 0.490129 0.490722 0.011598 0.020619
2 0.504626 0.500825 0.019716 0.030928
2 0.520284 0.508041 0.030155 0.041237
2 0.459474 0.505567 0.036113 0.061031
2 0.430979 0.484330 0.009278 0.018557
2 0.425180 0.491546 0.013918 0.024742
2 0.404872 0.503918 0.022011 0.028866
2 0.855381 0.620619 0.285794 0.247423
2 0.958265 0.730928 0.080026 0.212371
0 0.303286 0.513976 0.017397 0.058881
0 0.282990 0.517526 0.018557 0.053608
0 0.121198 0.570103 0.045232 0.195876
0 0.085825 0.577320 0.037113 0.218557
0 0.052771 0.586598 0.045232 0.220619
9 0.060389 0.465979 0.041593 0.061856
8 0.153093 0.361856 0.023196 0.043299
8 0.281250 0.455670 0.010438 0.024742
0 0.549394 0.510309 0.012758 0.043299
0 0.645657 0.536083 0.019716 0.078351
0 0.667114 0.540206 0.013918 0.070103
0 0.689150 0.534021 0.016237 0.078351
0 0.704807 0.544330 0.012758 0.070103
8 0.830528 0.380412 0.038273 0.051546
9 0.799214 0.309278 0.049871 0.032990
8 0.623811 0.454639 0.017776 0.030928
8 0.504294 0.345361 0.008381 0.043299
8 0.373106 0.329897 0.010438 0.041237
8 0.279596 0.396259 0.020583 0.081583
0 0.582082 0.504424 0.008773 0.043325
9 0.510434 0.462585 0.007798 0.012131
