8 0.502193 0.362086 0.015087 0.037550
8 0.559021 0.373709 0.010058 0.032185
8 0.634958 0.472053 0.011064 0.021457
8 0.527338 0.474735 0.007041 0.019669
8 0.539408 0.481887 0.007041 0.016093
2 0.501187 0.516755 0.011064 0.021457
2 0.491130 0.523013 0.017099 0.037550
2 0.473528 0.529272 0.036209 0.050066
2 0.429776 0.532848 0.053307 0.100132
2 0.411672 0.549834 0.051296 0.094768
2 0.365908 0.571291 0.088510 0.130530
2 0.248733 0.598113 0.220269 0.202053
2 0.618865 0.537318 0.037214 0.094768
2 0.650548 0.538212 0.060348 0.103709
2 0.681225 0.571291 0.101585 0.134106
2 0.799908 0.605265 0.208199 0.216358
2 0.912055 0.675000 0.172997 0.327219
9 0.679213 0.408576 0.021122 0.019669
8 0.681225 0.453278 0.013075 0.016093
8 0.367920 0.468477 0.010058 0.014305
