9 0.615869 0.352478 0.016850 0.011982
8 0.819193 0.295562 0.025837 0.045932
8 0.845591 0.296561 0.024713 0.043935
2 0.989993 0.437010 0.014427 0.083938
2 0.456636 0.415385 0.007863 0.015976
2 0.479665 0.411391 0.024713 0.031953
2 0.493145 0.407397 0.011233 0.015976
2 0.505501 0.410392 0.024713 0.029956
2 0.433046 0.415385 0.007863 0.015976
2 0.463938 0.416383 0.011233 0.013979
2 0.406648 0.416383 0.022467 0.021967
2 0.372386 0.416383 0.016850 0.025962
2 0.388674 0.421376 0.031453 0.027959
2 0.358906 0.419379 0.019097 0.031953
2 0.319589 0.441346 0.028083 0.071894
2 0.535270 0.415385 0.034823 0.051923
3 0.331946 0.406398 0.043810 0.089867
4 0.407209 0.408395 0.041563 0.021967
2 0.202762 0.441346 0.019097 0.039941
2 0.254436 0.485281 0.147157 0.179734
2 0.665577 0.451332 0.088744 0.099852
2 0.436978 0.580141 0.217927 0.317530
2 0.621205 0.436354 0.074140 0.097855
2 0.921138 0.381051 0.039346 0.032642
2 0.900154 0.379885 0.020984 0.020984
9 0.740147 0.288953 0.023608 0.020984
