3 0.365197 0.505368 0.054834 0.044531
3 0.399473 0.508808 0.017393 0.019953
3 0.572642 0.519012 0.034233 0.057591
3 0.517080 0.578316 0.125887 0.190984
3 0.638344 0.524918 0.101504 0.131835
3 0.275307 0.515339 0.050441 0.057774
3 0.040881 0.520195 0.081763 0.168189
4 0.861320 0.433858 0.274989 0.408139
10 0.230046 0.312203 0.058070 0.108759
10 0.353972 0.315567 0.083768 0.115486
10 0.548761 0.314850 0.164530 0.103465
10 0.488737 0.467009 0.008616 0.017187
10 0.531692 0.468407 0.009375 0.011246
10 0.230046 0.243265 0.058070 0.023824
10 0.342612 0.247235 0.058070 0.026471
3 0.586971 0.506151 0.011700 0.027734
