3 0.768443 0.452024 0.030005 0.058114
3 0.427902 0.478022 0.024663 0.027692
3 0.401291 0.486099 0.018173 0.020769
3 0.342878 0.484121 0.062308 0.076154
3 0.239681 0.511813 0.073990 0.066923
3 0.923489 0.583352 0.150577 0.403846
3 0.544080 0.492527 0.077885 0.120000
3 0.706710 0.475220 0.114231 0.145385
3 0.812503 0.449329 0.084375 0.085385
10 0.754368 0.257637 0.088269 0.062308
10 0.369488 0.287967 0.027260 0.048462
10 0.370786 0.324890 0.024663 0.020769
10 0.455161 0.386044 0.014279 0.009231
10 0.494753 0.432198 0.015577 0.009231
3 0.105882 0.646154 0.211765 0.507692
3 0.103378 0.492479 0.028378 0.024052
