9 0.416123 0.382500 0.011865 0.046875
9 0.699180 0.258520 0.020608 0.094502
9 0.949399 0.137578 0.036914 0.142969
9 0.371299 0.491484 0.011865 0.039844
9 0.387119 0.495000 0.011865 0.032812
9 0.526953 0.344447 0.011691 0.044592
9 0.672544 0.260625 0.021094 0.098437
9 0.743642 0.319749 0.015634 0.066687
9 0.629038 0.353203 0.015820 0.053906
9 0.911167 0.127031 0.029004 0.107812
9 0.928306 0.262969 0.021094 0.084375
9 0.878208 0.281719 0.023730 0.084375
10 0.411509 0.431718 0.034277 0.112500
10 0.390415 0.427031 0.013184 0.018750
10 0.393479 0.368816 0.032495 0.042944
10 0.546211 0.392809 0.053194 0.047971
10 0.464903 0.328594 0.019775 0.042187
10 0.555843 0.298613 0.029835 0.047078
10 0.774058 0.189140 0.036914 0.063281
3 0.504512 0.523467 0.009112 0.013377
3 0.512342 0.536847 0.013435 0.018345
3 0.556604 0.582954 0.042647 0.055356
3 0.251988 0.591093 0.224121 0.140625
3 0.055462 0.601640 0.110923 0.110156
6 0.820460 0.389956 0.358073 0.263349
