3 0.462202 0.488339 0.008371 0.019134
3 0.466388 0.490465 0.007175 0.019134
3 0.469378 0.493654 0.008371 0.025512
3 0.473563 0.494717 0.007175 0.027638
3 0.480738 0.500032 0.009567 0.034016
3 0.487914 0.500032 0.009567 0.042520
3 0.423337 0.485150 0.014350 0.017008
3 0.422141 0.498969 0.019134 0.031890
3 0.407193 0.501095 0.022721 0.044646
3 0.336038 0.503221 0.031093 0.044646
3 0.317503 0.503221 0.020330 0.057402
3 0.294781 0.504284 0.037072 0.068032
5 0.450244 0.479410 0.041855 0.023386
3 0.254122 0.513425 0.082515 0.082913
3 0.376698 0.504921 0.057402 0.074409
3 0.805536 0.686693 0.356847 0.456662
1 0.078927 0.502795 0.019134 0.104173
1 0.101051 0.500669 0.022721 0.108425
1 0.135731 0.500669 0.020330 0.095669
1 0.453831 0.493228 0.010763 0.038268
1 0.561459 0.493228 0.008371 0.046772
1 0.569830 0.499606 0.008371 0.034016
1 0.543521 0.500669 0.008371 0.036142
1 0.781499 0.444331 0.017938 0.029764
1 0.839498 0.441142 0.021526 0.036142
1 0.963749 0.460276 0.039464 0.082913
3 0.942223 0.515551 0.034680 0.036142
3 0.968532 0.533622 0.058597 0.106299
3 0.983481 0.548504 0.031093 0.114803
4 0.517212 0.477284 0.049031 0.112677
10 0.065773 0.358228 0.043051 0.023386
10 0.070556 0.379488 0.031093 0.019134
10 0.169215 0.379488 0.029897 0.053150
