9 0.465757 0.210688 0.015761 0.050943
9 0.478652 0.210688 0.010029 0.050943
9 0.452862 0.217055 0.012895 0.058585
9 0.204274 0.261631 0.014328 0.035660
3 0.462175 0.422103 0.042984 0.076415
3 0.412863 0.446556 0.070444 0.116588
3 0.293161 0.425129 0.012120 0.037096
3 0.273764 0.429744 0.035820 0.050943
10 0.174186 0.168659 0.022925 0.033113
10 0.172036 0.265634 0.027223 0.040755
3 0.087809 0.507433 0.175618 0.354057
10 0.664198 0.169205 0.028656 0.066226
10 0.599244 0.302349 0.021492 0.078962
9 0.342059 0.346925 0.011462 0.035660
3 0.300200 0.412898 0.012413 0.033682
