9 0.507895 0.452984 0.007050 0.014324
9 0.474660 0.454775 0.005036 0.014324
3 0.460560 0.495955 0.021150 0.014324
3 0.432100 0.500382 0.012572 0.019597
3 0.418240 0.499450 0.018128 0.023178
3 0.406679 0.501326 0.010071 0.021485
3 0.397614 0.504012 0.012086 0.026857
3 0.386536 0.504907 0.014100 0.032228
3 0.372762 0.507681 0.026920 0.032477
3 0.336943 0.511828 0.033837 0.055095
3 0.316037 0.518336 0.022157 0.048342
3 0.269709 0.514755 0.076542 0.084151
3 0.139789 0.540716 0.132941 0.125332
3 0.493113 0.490215 0.014787 0.022758
3 0.525391 0.515006 0.054929 0.088235
3 0.624690 0.517802 0.055327 0.072341
3 0.738326 0.541981 0.135239 0.149347
