3 0.289655 0.437974 0.037883 0.015306
3 0.326246 0.436443 0.023246 0.012245
3 0.347340 0.437209 0.024107 0.013776
3 0.372738 0.437974 0.024968 0.012245
3 0.395985 0.438739 0.018080 0.010714
3 0.413634 0.440270 0.020663 0.013776
3 0.436020 0.443331 0.015497 0.010714
3 0.467876 0.442566 0.008610 0.012245
3 0.482082 0.444862 0.011193 0.010714
3 0.549237 0.439505 0.007749 0.012245
3 0.562951 0.436990 0.006888 0.010714
3 0.540997 0.447704 0.009471 0.013776
3 0.529043 0.447704 0.011976 0.019899
3 0.207002 0.423980 0.096429 0.045918
3 0.111004 0.431868 0.102455 0.036264
3 0.027551 0.442112 0.055102 0.030612
10 0.614794 0.363227 0.034070 0.024725
10 0.707678 0.389449 0.039436 0.030209
10 0.897868 0.122121 0.077487 0.206633
10 0.502314 0.438302 0.012054 0.010714
10 0.487419 0.415326 0.023589 0.017308
