1 0.160507 0.556586 0.033932 0.114101
3 0.059590 0.602780 0.117595 0.173817
3 0.808726 0.743645 0.380273 0.476349
3 0.326657 0.678121 0.225824 0.299538
3 0.580562 0.616757 0.169660 0.176811
3 0.505678 0.591795 0.080735 0.122727
3 0.402711 0.559554 0.045633 0.062404
3 0.354738 0.516911 0.054993 0.014561
1 0.791760 0.482589 0.039782 0.033282
9 0.090888 0.464908 0.014041 0.018721
9 0.073337 0.461788 0.016381 0.024961
9 0.355323 0.376503 0.009361 0.037442
9 0.372875 0.374422 0.009361 0.041602
9 0.245922 0.369222 0.010531 0.039522
9 0.230126 0.364022 0.007020 0.049923
9 0.636725 0.466988 0.022231 0.031202
9 0.237731 0.362982 0.008190 0.043683
9 0.364099 0.379623 0.010531 0.047843
1 0.975461 0.499230 0.028082 0.058243
10 0.134765 0.375958 0.031592 0.028033
10 0.185663 0.358395 0.053823 0.017868
10 0.639651 0.413945 0.030422 0.020801
10 0.704589 0.314099 0.031592 0.029122
