10 0.049318 0.409264 0.023986 0.023921
10 0.569440 0.280297 0.017551 0.057203
10 0.650760 0.345820 0.025742 0.013521
9 0.520258 0.241890 0.015796 0.060324
9 0.504007 0.237102 0.018136 0.071764
9 0.123735 0.434713 0.019306 0.034322
9 0.487919 0.239702 0.012871 0.066564
9 0.497338 0.460227 0.006435 0.026002
9 0.658047 0.459187 0.021061 0.036402
9 0.354355 0.492469 0.002925 0.019761
3 0.487480 0.549153 0.050313 0.066564
3 0.526677 0.526271 0.032762 0.029122
3 0.572310 0.531992 0.072544 0.046803
3 0.539998 0.592335 0.184871 0.119607
3 0.808968 0.541372 0.300708 0.261055
2 0.905062 0.571034 0.187211 0.605316
7 0.891021 0.611597 0.216463 0.480508
1 0.350178 0.579404 0.028854 0.114249
3 0.339030 0.565415 0.030165 0.039637
3 0.364605 0.565415 0.020984 0.039637
3 0.302307 0.563083 0.043280 0.053627
