1 0.080752 0.665115 0.028681 0.118975
3 0.693477 0.597303 0.015024 0.029137
3 0.585580 0.598517 0.015024 0.021853
3 0.570556 0.599731 0.012292 0.019424
3 0.561678 0.599731 0.010926 0.019424
3 0.553484 0.602159 0.013658 0.019424
3 0.542557 0.599731 0.013658 0.014568
3 0.526851 0.602159 0.017755 0.019424
3 0.938635 0.582734 0.030047 0.038849
3 0.884686 0.603373 0.042339 0.046133
3 0.918831 0.592447 0.039608 0.072842
3 0.968682 0.587590 0.043705 0.067986
3 0.643625 0.634938 0.117457 0.157824
3 0.481433 0.621067 0.030408 0.053634
3 0.446453 0.625262 0.058783 0.061472
1 0.540509 0.605801 0.006829 0.021853
1 0.713280 0.591232 0.008195 0.021853
1 0.734450 0.590018 0.009560 0.024281
1 0.721475 0.597303 0.005463 0.029137
1 0.727621 0.594875 0.006829 0.029137
3 0.790447 0.593661 0.017755 0.026709
9 0.564410 0.536601 0.008195 0.036421
9 0.687331 0.534173 0.008195 0.021853
9 0.690062 0.530531 0.008195 0.024281
9 0.571239 0.541457 0.008195 0.031565
10 0.231159 0.492896 0.032779 0.084982
10 0.988486 0.481970 0.017755 0.024281
10 0.710549 0.536601 0.010926 0.016996
10 0.746059 0.554812 0.010926 0.019424
