3 0.230204 0.375236 0.013155 0.019134
3 0.243359 0.384803 0.015546 0.017008
3 0.229606 0.397559 0.019134 0.021260
3 0.211668 0.410315 0.014350 0.021260
3 0.201504 0.410315 0.017938 0.025512
3 0.171607 0.416693 0.027505 0.029764
3 0.142308 0.417756 0.023917 0.023386
3 0.118391 0.412441 0.021526 0.025512
3 0.096267 0.411378 0.022721 0.027638
3 0.044845 0.412441 0.039464 0.029764
3 0.009567 0.414567 0.019134 0.025512
10 0.680087 0.383740 0.017463 0.044646
10 0.655406 0.269619 0.067624 0.075773
10 0.571551 0.255151 0.071009 0.080853
10 0.567902 0.401957 0.010095 0.025803
3 0.504121 0.431625 0.034554 0.063879
3 0.551494 0.430265 0.037072 0.046718
3 0.630421 0.446457 0.068164 0.080787
3 0.454828 0.420945 0.011959 0.029764
3 0.384471 0.416693 0.022721 0.017008
3 0.295379 0.412441 0.031093 0.034016
3 0.334245 0.409252 0.029897 0.036142
3 0.363543 0.411378 0.021526 0.027638
3 0.423006 0.435732 0.052753 0.069580
