9 0.657880 0.320672 0.013673 0.018698
9 0.577946 0.326281 0.009466 0.018698
9 0.738340 0.282341 0.012621 0.024307
3 0.670501 0.374896 0.018932 0.026177
3 0.683648 0.379571 0.024191 0.028047
3 0.528600 0.366482 0.027170 0.031787
3 0.528772 0.397937 0.027866 0.036190
3 0.563221 0.390790 0.016828 0.039266
3 0.618965 0.357133 0.015776 0.020568
3 0.590567 0.389855 0.019984 0.037396
3 0.577420 0.385180 0.012621 0.024307
3 0.691462 0.382185 0.026120 0.031288
3 0.616909 0.400148 0.047426 0.069202
5 0.444371 0.398269 0.146196 0.166413
1 0.275563 0.432860 0.021035 0.056094
5 0.789351 0.363677 0.117798 0.209418
1 0.036821 0.484572 0.043038 0.112217
1 0.070773 0.477771 0.028692 0.100315
3 0.234120 0.445636 0.058043 0.046387
