9 0.390565 0.331233 0.010071 0.039390
9 0.306973 0.311539 0.008057 0.039390
9 0.335676 0.418070 0.007050 0.026857
9 0.314526 0.415385 0.007050 0.021485
9 0.384522 0.420756 0.006043 0.025066
9 0.403154 0.429708 0.009064 0.021485
9 0.390061 0.448508 0.005036 0.016114
9 0.378479 0.449403 0.006043 0.017905
9 0.340208 0.439556 0.006043 0.016114
3 0.383515 0.471784 0.012086 0.012533
3 0.358840 0.466413 0.013093 0.008952
3 0.327115 0.461936 0.010071 0.014324
3 0.307476 0.469993 0.021150 0.034019
3 0.287837 0.462832 0.014100 0.016114
3 0.265177 0.461936 0.021150 0.021485
3 0.233452 0.463727 0.020143 0.017905
3 0.204749 0.461936 0.027192 0.032228
3 0.342181 0.479142 0.030297 0.048735
3 0.400636 0.479841 0.016114 0.021485
3 0.413225 0.479841 0.011078 0.021485
3 0.423800 0.483422 0.008057 0.028647
3 0.432360 0.487898 0.017121 0.034019
3 0.443942 0.492374 0.024171 0.039390
3 0.461855 0.502437 0.028632 0.041611
3 0.626192 0.573870 0.102647 0.148669
3 0.775791 0.608753 0.244732 0.225597
3 0.935732 0.753912 0.127018 0.245234
9 0.586775 0.434449 0.013658 0.031565
10 0.504828 0.429593 0.019121 0.007284
9 0.515754 0.449018 0.010926 0.012140
9 0.506193 0.450232 0.008195 0.019424
