10 0.525192 0.410357 0.024107 0.047449
10 0.344818 0.405765 0.045631 0.047449
10 0.404225 0.363674 0.026690 0.018367
10 0.403795 0.404949 0.074043 0.062137
10 0.477408 0.409828 0.073182 0.085702
3 0.403795 0.514031 0.032717 0.035204
3 0.521317 0.533929 0.026690 0.029082
3 0.168320 0.543368 0.057685 0.039796
3 0.214812 0.543113 0.033578 0.032143
3 0.251834 0.546174 0.043909 0.035204
3 0.289716 0.543878 0.028412 0.024490
3 0.320998 0.544643 0.033578 0.022959
3 0.347258 0.545408 0.018941 0.015306
3 0.376961 0.542347 0.018080 0.021429
3 0.546572 0.563010 0.045631 0.053571
3 0.468368 0.577806 0.091263 0.137755
3 0.058833 0.764286 0.117666 0.303061
9 0.474825 0.495357 0.009471 0.012143
10 0.079611 0.057768 0.156008 0.095510
10 0.188661 0.470299 0.068087 0.045550
