3 0.197578 0.457768 0.066094 0.078393
3 0.542712 0.506071 0.112500 0.127500
3 0.499852 0.473125 0.076641 0.121250
3 0.458438 0.458750 0.049219 0.102500
3 0.436641 0.459375 0.022500 0.068750
3 0.425391 0.456250 0.009844 0.052500
3 0.416250 0.453393 0.011250 0.050000
3 0.406758 0.447768 0.009141 0.028750
3 0.398672 0.444643 0.011250 0.027500
3 0.235848 0.455268 0.025313 0.056250
3 0.248378 0.450511 0.021052 0.051086
3 0.260809 0.448393 0.007734 0.040000
5 0.325712 0.412250 0.130919 0.257000
3 0.922316 0.690750 0.151875 0.250000
10 0.598526 0.401375 0.013359 0.021250
