3 0.373977 0.400156 0.019313 0.031523
3 0.349815 0.399522 0.029013 0.032792
3 0.311341 0.401342 0.045411 0.042608
3 0.274129 0.404539 0.044150 0.063124
3 0.235025 0.412554 0.049195 0.074003
3 0.197183 0.413675 0.049195 0.103156
3 0.025630 0.394614 0.046673 0.051578
3 0.100988 0.456995 0.201975 0.186529
3 0.906731 0.594199 0.184167 0.455232
3 0.745172 0.437445 0.078615 0.113712
3 0.537864 0.407179 0.021249 0.035419
3 0.553747 0.417148 0.023043 0.043595
3 0.571840 0.422454 0.034967 0.055820
3 0.608529 0.429937 0.077193 0.104284
3 0.497996 0.439984 0.075614 0.101952
4 0.669603 0.403424 0.057802 0.091341
10 0.423755 0.313818 0.048527 0.062520
10 0.544547 0.300777 0.047215 0.041969
10 0.422961 0.362731 0.046939 0.030642
