3 0.419488 0.420853 0.014396 0.038389
3 0.400893 0.421919 0.020394 0.040521
3 0.380500 0.420853 0.027592 0.046919
3 0.361905 0.429384 0.028791 0.038389
3 0.343910 0.433649 0.031191 0.046919
3 0.316918 0.433649 0.025193 0.055450
3 0.275531 0.431516 0.071979 0.081043
3 0.204752 0.451777 0.095971 0.091706
3 0.092585 0.465639 0.130761 0.115166
3 0.017801 0.472038 0.035602 0.166351
4 0.601834 0.394194 0.071979 0.130095
3 0.752989 0.444312 0.047986 0.085308
3 0.791977 0.462440 0.089973 0.130095
3 0.979664 0.514692 0.040672 0.234597
3 0.904744 0.460308 0.188344 0.219668
3 0.676212 0.422985 0.115166 0.162085
3 0.492666 0.452843 0.146357 0.238862
4 0.559524 0.391947 0.031180 0.075099
