1 0.102091 0.522054 0.032119 0.124396
9 0.364202 0.455778 0.012618 0.057100
1 0.845866 0.419683 0.018353 0.077492
1 0.080296 0.485959 0.013765 0.071375
1 0.275302 0.467606 0.018353 0.087689
1 0.323480 0.463527 0.011471 0.042825
1 0.813174 0.413565 0.012618 0.061178
1 0.682979 0.418663 0.009177 0.038746
1 0.663478 0.420702 0.009177 0.034668
3 0.593047 0.436405 0.034413 0.048943
3 0.554619 0.424169 0.017206 0.020393
3 0.531104 0.424169 0.016059 0.024471
3 0.544295 0.422130 0.014912 0.020393
3 0.517339 0.428248 0.016059 0.024471
3 0.573546 0.422130 0.016059 0.028550
3 0.623445 0.417032 0.024089 0.034668
3 0.502885 0.434366 0.022942 0.028550
10 0.047031 0.358912 0.022942 0.016314
10 0.063664 0.386443 0.026383 0.014275
10 0.055634 0.400718 0.017206 0.018353
10 0.063664 0.367069 0.024089 0.016314
10 0.229992 0.345657 0.017206 0.014275
10 0.251213 0.327304 0.011471 0.018353
10 0.397467 0.327304 0.014912 0.026511
10 0.946236 0.262047 0.024089 0.030589
1 0.938780 0.382364 0.013765 0.050982
1 0.642830 0.414992 0.009177 0.038746
9 0.243757 0.383384 0.017206 0.032628
9 0.065384 0.435385 0.025236 0.042825
9 0.498985 0.340559 0.006883 0.024471
9 0.506441 0.343618 0.010324 0.026511
9 0.420409 0.367069 0.008030 0.024471
9 0.403776 0.195770 0.013765 0.053021
9 0.395747 0.402757 0.020648 0.018353
10 0.400909 0.371148 0.014912 0.016314
