3 0.340348 0.509062 0.011602 0.024375
3 0.371988 0.511875 0.009492 0.015000
3 0.379371 0.510000 0.013711 0.026250
3 0.351949 0.506250 0.020039 0.033750
3 0.387808 0.510000 0.015820 0.030000
3 0.402047 0.508125 0.018984 0.030000
3 0.409957 0.513750 0.015820 0.041250
3 0.414703 0.514687 0.016875 0.046875
3 0.437906 0.505312 0.040078 0.084375
3 0.452672 0.495000 0.027422 0.018750
3 0.462691 0.532500 0.083320 0.097500
3 0.310605 0.510937 0.009492 0.028125
3 0.293730 0.519375 0.015820 0.033750
3 0.259453 0.523125 0.021094 0.056250
3 0.275273 0.523125 0.025312 0.048750
3 0.230449 0.524062 0.026367 0.058125
3 0.218848 0.532500 0.036914 0.071250
3 0.183516 0.545995 0.067500 0.100509
3 0.073828 0.515625 0.031641 0.030000
3 0.147129 0.551250 0.047461 0.108750
3 0.044824 0.575625 0.089648 0.153750
5 0.022759 0.457500 0.045517 0.093750
3 0.548605 0.549922 0.120741 0.152655
10 0.726679 0.230156 0.040078 0.061875
10 0.730371 0.289219 0.039023 0.052500
10 0.545801 0.367969 0.022148 0.075000
1 0.445605 0.535781 0.029531 0.088125
3 0.359648 0.513281 0.022148 0.031875
1 0.913359 0.502969 0.048516 0.217500
