9 0.391385 0.202760 0.012673 0.038126
9 0.572700 0.240019 0.010723 0.025995
9 0.380662 0.202760 0.010723 0.031194
9 0.567826 0.237420 0.008773 0.031194
9 0.303653 0.284211 0.012673 0.020796
9 0.658839 0.290276 0.011435 0.015597
9 0.223718 0.294609 0.008773 0.017330
10 0.598045 0.233954 0.038018 0.017330
3 0.524934 0.341399 0.012673 0.017330
3 0.554178 0.343132 0.012673 0.013864
3 0.560027 0.353530 0.016572 0.020796
3 0.496177 0.329268 0.013647 0.013864
3 0.474244 0.343132 0.008773 0.013864
3 0.464009 0.337933 0.009748 0.020796
3 0.457672 0.343132 0.012673 0.027728
3 0.451336 0.346598 0.017547 0.024262
3 0.442075 0.349198 0.020471 0.029461
3 0.431840 0.355263 0.019496 0.031194
3 0.410137 0.364230 0.028730 0.031797
3 0.495690 0.345732 0.016572 0.036393
3 0.657020 0.359596 0.023395 0.022529
3 0.336796 0.383858 0.047766 0.074519
3 0.098996 0.408799 0.196042 0.301167
3 0.257837 0.350931 0.053614 0.043325
3 0.506900 0.351797 0.027295 0.045058
3 0.539556 0.348331 0.012673 0.017330
3 0.508362 0.322336 0.014622 0.013864
3 0.522497 0.325802 0.009748 0.010398
3 0.545405 0.329268 0.020471 0.013864
3 0.232979 0.381258 0.064337 0.062388
