10 0.032605 0.252424 0.048381 0.082272
10 0.159868 0.304779 0.021035 0.041136
10 0.208250 0.320672 0.014725 0.028047
10 0.234544 0.328151 0.014725 0.043006
10 0.294495 0.344044 0.010518 0.026177
10 0.219293 0.350589 0.005259 0.016828
3 0.023263 0.400331 0.026520 0.064516
8 0.243359 0.411378 0.022721 0.044646
3 0.301956 0.395433 0.020330 0.025512
3 0.321090 0.398622 0.017938 0.027638
3 0.368925 0.391181 0.049031 0.025512
3 0.404801 0.393307 0.022721 0.025512
3 0.439043 0.395988 0.016423 0.026055
3 0.458615 0.396496 0.017938 0.019134
3 0.542923 0.416693 0.014350 0.021260
5 0.503460 0.374173 0.069360 0.144567
10 0.623644 0.358228 0.010763 0.027638
10 0.752481 0.314723 0.019696 0.029777
10 0.885949 0.278171 0.023542 0.085705
3 0.806642 0.416751 0.018835 0.025396
3 0.765334 0.414270 0.031133 0.030359
3 0.848765 0.415339 0.022126 0.027056
3 0.934450 0.407126 0.028701 0.023386
10 0.670761 0.342284 0.008371 0.021260
10 0.718716 0.340158 0.009567 0.021260
3 0.601401 0.445394 0.101649 0.142441
