3 0.340136 0.449531 0.015820 0.042187
3 0.327612 0.464765 0.025049 0.049219
3 0.308496 0.470625 0.031641 0.046875
3 0.278833 0.469453 0.040869 0.058594
3 0.257739 0.477656 0.040869 0.056250
3 0.218188 0.484687 0.056689 0.070312
3 0.147656 0.483515 0.094922 0.100781
3 0.409350 0.470625 0.030322 0.051562
3 0.516137 0.447187 0.011865 0.009375
3 0.520752 0.460078 0.007910 0.021094
3 0.527343 0.460078 0.010547 0.025781
3 0.533276 0.463593 0.011865 0.018750
3 0.610927 0.464765 0.013184 0.025781
3 0.620815 0.476484 0.027686 0.044531
3 0.085160 0.491782 0.033069 0.128311
3 0.481309 0.451936 0.018604 0.035748
3 0.508408 0.459843 0.019775 0.028125
3 0.567735 0.478593 0.075146 0.117187
3 0.650791 0.486797 0.054053 0.063281
3 0.432603 0.452812 0.021094 0.037500
3 0.417442 0.448125 0.014502 0.032812
3 0.495225 0.452812 0.011865 0.023437
3 0.048301 0.552421 0.096240 0.489843
3 0.851841 0.570000 0.295312 0.581250
3 0.366685 0.470390 0.063281 0.091406
10 0.714732 0.366093 0.015820 0.028125
10 0.716709 0.388359 0.017139 0.021094
