3 0.330844 0.663045 0.013627 0.019821
3 0.350045 0.669967 0.017343 0.037439
3 0.313501 0.661158 0.016104 0.024225
3 0.179308 0.668394 0.009304 0.019821
3 0.309785 0.661944 0.013627 0.022023
3 0.161381 0.668394 0.022859 0.015416
3 0.136117 0.665090 0.011447 0.022023
3 0.114579 0.668394 0.019838 0.015416
3 0.100944 0.672798 0.019786 0.015416
3 0.013027 0.676102 0.026055 0.035237
3 0.065036 0.676102 0.054507 0.026427
5 0.258544 0.667490 0.037502 0.046328
3 0.294300 0.657540 0.009910 0.022023
3 0.290495 0.720147 0.061939 0.088091
1 0.530289 0.691990 0.013627 0.055057
3 0.711771 0.755856 0.066894 0.085889
3 0.574885 0.723923 0.075566 0.092496
3 0.642399 0.732732 0.111491 0.114519
3 0.870866 0.461379 0.253951 0.530751
3 0.800255 0.861094 0.395173 0.273083
13 0.425667 0.674162 0.147294 0.257732
3 0.208902 0.664441 0.019541 0.025129
1 0.561258 0.573066 0.016104 0.011011
