3 0.511765 0.623313 0.012433 0.020403
3 0.528247 0.624276 0.021041 0.035705
3 0.558023 0.641222 0.046162 0.080025
3 0.745125 0.618212 0.044950 0.061209
3 0.266068 0.652217 0.045907 0.051008
3 0.323930 0.657318 0.065991 0.074811
3 0.193266 0.694020 0.084312 0.107410
3 0.091540 0.716095 0.183080 0.269217
3 0.622401 0.670230 0.099681 0.160485
3 0.471820 0.658281 0.070773 0.090113
1 0.733362 0.618042 0.013389 0.059509
1 0.776590 0.619742 0.017215 0.076511
1 0.716338 0.618892 0.015302 0.064610
9 0.113332 0.470970 0.012433 0.047607
9 0.079859 0.536940 0.008608 0.027204
9 0.313027 0.432374 0.008608 0.042506
9 0.301550 0.434075 0.012433 0.045907
