3 0.159438 0.555387 0.318875 0.582962
3 0.693829 0.540944 0.343155 0.505298
3 0.885673 0.354142 0.227648 0.705472
3 0.235759 0.393789 0.194300 0.166015
1 0.284571 0.435908 0.023389 0.067916
1 0.249380 0.413358 0.026520 0.050868
9 0.220640 0.322253 0.032745 0.031879
9 0.667377 0.268891 0.007796 0.038809
9 0.419449 0.304235 0.007796 0.034651
9 0.674783 0.268891 0.005458 0.038809
9 0.425686 0.376309 0.014034 0.020791
10 0.714155 0.277207 0.048338 0.016632
10 0.405805 0.295226 0.013254 0.008316
10 0.412822 0.325719 0.019491 0.016632
10 0.406585 0.369379 0.011695 0.051283
1 0.376179 0.442839 0.027288 0.092864
1 0.475496 0.442514 0.012562 0.049628
3 0.529379 0.458778 0.023389 0.036037
10 0.243418 0.275625 0.022412 0.018750
10 0.244078 0.247500 0.036914 0.023437
