3 0.087320 0.513526 0.174641 0.273049
3 0.858780 0.585410 0.281452 0.602546
3 0.368382 0.460164 0.021050 0.027721
3 0.343824 0.460857 0.023389 0.040195
3 0.204267 0.490657 0.106032 0.135832
3 0.262351 0.478183 0.044440 0.088706
3 0.293537 0.460857 0.036643 0.073460
3 0.310299 0.462936 0.024949 0.055441
3 0.329790 0.461550 0.017152 0.038809
3 0.687647 0.521150 0.310299 0.382546
3 0.520024 0.516992 0.076405 0.152464
3 0.456482 0.474717 0.058473 0.095637
3 0.427636 0.473331 0.021050 0.067916
3 0.419839 0.471252 0.019491 0.055441
3 0.412043 0.460164 0.016373 0.055441
3 0.403077 0.460857 0.018711 0.051283
3 0.389823 0.462936 0.014034 0.033265
10 0.452974 0.372844 0.020271 0.024949
10 0.453754 0.395020 0.009356 0.019405
