3 0.244341 0.402576 0.012919 0.016588
3 0.227833 0.401938 0.017226 0.022968
3 0.215273 0.400024 0.013637 0.031900
3 0.193022 0.398748 0.033734 0.042108
3 0.143857 0.406859 0.034452 0.048488
3 0.045526 0.429827 0.058855 0.089320
3 0.111917 0.413239 0.055266 0.056144
3 0.323280 0.393066 0.015202 0.035098
3 0.336264 0.395941 0.016508 0.037004
3 0.344159 0.393389 0.013637 0.039556
3 0.374663 0.395303 0.053113 0.051040
3 0.392966 0.404235 0.069621 0.048488
3 0.469765 0.409977 0.066750 0.080388
3 0.540463 0.379991 0.094742 0.061248
3 0.623362 0.363403 0.022250 0.038280
3 0.603983 0.370421 0.023686 0.026796
3 0.681859 0.344263 0.117710 0.066352
3 0.570608 0.432944 0.097613 0.111011
1 0.580657 0.364296 0.015790 0.024244
1 0.688318 0.359830 0.017226 0.033176
3 0.675758 0.447873 0.193791 0.163327
3 0.732101 0.373228 0.052395 0.034452
3 0.012969 0.429499 0.025938 0.129130
