10 0.372753 0.437602 0.023422 0.034638
10 0.393060 0.457217 0.020059 0.022925
10 0.414552 0.420283 0.008597 0.020377
10 0.444678 0.402453 0.005805 0.020377
3 0.443887 0.474199 0.018553 0.029717
3 0.284885 0.466132 0.070206 0.147736
3 0.246916 0.525991 0.057311 0.099340
3 0.077281 0.424025 0.087100 0.099498
3 0.178859 0.426572 0.107459 0.104592
3 0.122264 0.583302 0.240708 0.290378
3 0.406823 0.444624 0.010331 0.018114
3 0.007973 0.569065 0.013832 0.104218
3 0.323356 0.497725 0.015354 0.048387
3 0.334173 0.500207 0.013260 0.033499
3 0.341501 0.492142 0.011166 0.019851
