9 0.161818 0.146438 0.023395 0.084917
9 0.311939 0.305007 0.013647 0.048524
9 0.402108 0.311072 0.010723 0.043325
9 0.726232 0.342266 0.029244 0.105712
9 0.722333 0.257349 0.015597 0.064121
9 0.790569 0.379525 0.017547 0.055456
9 0.581473 0.424583 0.010723 0.045058
9 0.662382 0.418518 0.010723 0.039859
9 0.657020 0.468774 0.009748 0.019063
9 0.577574 0.467908 0.004874 0.020796
9 0.569775 0.428049 0.004874 0.034660
10 0.536632 0.336200 0.047766 0.024262
10 0.784720 0.212291 0.025345 0.053723
1 0.510799 0.505470 0.011698 0.037442
3 0.101380 0.630809 0.200810 0.436714
3 0.435739 0.582285 0.118927 0.187163
3 0.307552 0.518165 0.078959 0.107445
3 0.245652 0.496502 0.042892 0.043325
3 0.190575 0.503434 0.043866 0.039859
3 0.215433 0.492170 0.021446 0.034660
3 0.270509 0.487837 0.016572 0.029461
3 0.353368 0.503434 0.043866 0.071053
3 0.387486 0.495636 0.018521 0.031194
3 0.721358 0.544159 0.120876 0.069320
10 0.889821 0.341282 0.065054 0.160371
10 0.965718 0.347450 0.062452 0.154203
