9 0.404117 0.280904 0.008316 0.022177
9 0.487539 0.299846 0.005717 0.017556
9 0.382286 0.341889 0.006237 0.014784
9 0.344863 0.364990 0.006237 0.011088
9 0.445958 0.357136 0.005717 0.010164
9 0.413212 0.372382 0.005717 0.009240
9 0.449076 0.371920 0.004678 0.006468
9 0.488838 0.358060 0.006237 0.012012
9 0.494036 0.394559 0.005198 0.007392
9 0.528080 0.293840 0.007796 0.020329
9 0.567063 0.316479 0.007796 0.017556
9 0.553809 0.284138 0.008316 0.032341
9 0.544193 0.297536 0.004678 0.014784
9 0.245588 0.324795 0.006237 0.015708
9 0.263260 0.343275 0.006237 0.013860
9 0.303542 0.355288 0.006757 0.008316
9 0.261701 0.394097 0.004158 0.008316
9 0.273656 0.391325 0.004158 0.006468
9 0.288729 0.395483 0.004158 0.005544
9 0.300424 0.379774 0.005717 0.007392
10 0.272876 0.268429 0.011955 0.013860
10 0.263001 0.300770 0.010915 0.015708
10 0.239351 0.311396 0.010395 0.011088
10 0.614101 0.350667 0.015593 0.012012
10 0.553549 0.361756 0.011955 0.008316
10 0.425687 0.303080 0.011955 0.011088
10 0.428805 0.349281 0.008836 0.005544
10 0.431664 0.375154 0.006237 0.009240
10 0.730268 0.296612 0.020271 0.009240
10 0.738845 0.341427 0.015593 0.017556
10 0.739104 0.326643 0.018192 0.010164
9 0.671535 0.423203 0.007796 0.016632
9 0.619819 0.386242 0.006237 0.012936
3 0.455209 0.410729 0.007277 0.017556
3 0.466124 0.416273 0.018712 0.024949
3 0.443775 0.414425 0.017672 0.026797
3 0.433379 0.410729 0.009356 0.017556
3 0.489254 0.417821 0.036903 0.055118
3 0.570797 0.441684 0.107503 0.147844
3 0.351880 0.404261 0.037943 0.036037
3 0.379947 0.397331 0.015073 0.018480
