10 0.765114 0.418262 0.029648 0.042506
10 0.788545 0.467570 0.063122 0.062909
10 0.533691 0.482579 0.016211 0.039692
10 0.467676 0.536770 0.007651 0.015302
10 0.440419 0.527418 0.012433 0.020403
10 0.394990 0.536770 0.013389 0.018703
10 0.372037 0.545271 0.007651 0.011902
9 0.265877 0.527418 0.005738 0.013602
9 0.273528 0.523678 0.005738 0.013602
3 0.180280 0.567034 0.012433 0.022103
3 0.193669 0.571285 0.012433 0.013602
3 0.204668 0.572985 0.009564 0.013602
3 0.215188 0.568735 0.007651 0.011902
3 0.314653 0.566184 0.026779 0.023804
3 0.336172 0.568735 0.021997 0.025504
3 0.377297 0.559383 0.014346 0.020403
3 0.379210 0.577236 0.008608 0.015302
3 0.401207 0.579786 0.035387 0.051008
3 0.614960 0.605290 0.133895 0.146222
3 0.775156 0.639295 0.260139 0.249937
3 0.455448 0.608150 0.077468 0.099696
3 0.361721 0.584037 0.039212 0.056108
1 0.987953 0.628243 0.021041 0.151322
5 0.288352 0.554282 0.048776 0.047607
5 0.252966 0.561423 0.023910 0.023804
