10 0.381536 0.407665 0.004693 0.019289
10 0.369911 0.428290 0.012089 0.017170
3 0.205676 0.436925 0.011602 0.015275
3 0.217319 0.434769 0.010441 0.016712
3 0.229922 0.434456 0.012656 0.012661
3 0.245742 0.434687 0.016875 0.005625
3 0.255762 0.461875 0.015820 0.041250
3 0.267363 0.442187 0.007383 0.016875
3 0.273296 0.444934 0.010283 0.022368
3 0.283520 0.448267 0.017256 0.025284
3 0.330129 0.443549 0.013711 0.014151
3 0.347613 0.449204 0.019852 0.023409
3 0.301438 0.457555 0.027759 0.038329
3 0.255762 0.471250 0.007383 0.048750
3 0.231098 0.471929 0.050397 0.064201
4 0.465117 0.426250 0.162422 0.213750
