9 0.211967 0.050885 0.025273 0.101770
9 0.063515 0.382667 0.011840 0.019908
9 0.035779 0.381083 0.009309 0.020568
9 0.421108 0.172579 0.014587 0.081355
9 0.824792 0.376926 0.015388 0.032927
9 0.787633 0.223880 0.012765 0.064168
10 0.556604 0.318829 0.046769 0.041508
10 0.049160 0.330135 0.024505 0.053723
10 0.052373 0.297113 0.019377 0.021516
10 0.426663 0.263241 0.042080 0.062736
10 0.423558 0.323441 0.032176 0.057664
10 0.425658 0.389730 0.035027 0.051603
10 0.718689 0.291851 0.053495 0.046475
10 0.804244 0.270347 0.031770 0.020796
10 0.801035 0.291332 0.014162 0.021175
9 0.585138 0.393300 0.004406 0.013686
9 0.580985 0.390492 0.005849 0.018467
3 0.498621 0.452406 0.011650 0.017140
9 0.811950 0.375969 0.012013 0.030508
10 0.818385 0.333257 0.023167 0.024407
9 0.649362 0.433173 0.007697 0.013729
9 0.607077 0.438752 0.004937 0.009634
10 0.643091 0.407105 0.007195 0.007312
10 0.638337 0.418023 0.009155 0.007417
