9 0.251436 0.404723 0.005458 0.013860
9 0.165285 0.397792 0.006237 0.016632
9 0.245978 0.406802 0.003898 0.015246
4 0.049118 0.443864 0.098235 0.306371
3 0.186335 0.563424 0.157488 0.206519
3 0.290808 0.543326 0.074846 0.119199
2 0.376569 0.591838 0.095117 0.401951
8 0.375791 0.698562 0.082639 0.268891
1 0.336807 0.487885 0.009356 0.019405
1 0.321214 0.489271 0.009356 0.027721
1 0.298214 0.484420 0.008576 0.009702
3 0.175420 0.453240 0.048338 0.013848
4 0.215572 0.441453 0.069388 0.076232
4 0.090611 0.522297 0.017649 0.057394
