9 0.336713 0.260189 0.011996 0.059716
9 0.482469 0.493720 0.008398 0.023460
9 0.499264 0.498068 0.008398 0.023624
10 0.348541 0.462425 0.016458 0.030643
10 0.316265 0.441927 0.007090 0.024184
3 0.484170 0.531857 0.019321 0.028824
3 0.458138 0.529476 0.014919 0.035256
3 0.440687 0.527452 0.027180 0.045568
3 0.427117 0.534952 0.030327 0.046207
3 0.392280 0.542937 0.051153 0.062178
3 0.563584 0.544826 0.030913 0.052319
3 0.596881 0.546579 0.057891 0.077992
3 0.842962 0.643720 0.261522 0.222766
3 0.083057 0.626614 0.166113 0.276450
3 0.966159 0.767587 0.067682 0.247022
9 0.349128 0.266913 0.013658 0.065558
3 0.528353 0.535925 0.037217 0.038786
