10 0.628835 0.298075 0.013815 0.020796
3 0.921681 0.687998 0.154994 0.329268
3 0.711610 0.485238 0.288543 0.339666
3 0.196424 0.493903 0.195936 0.204493
3 0.338258 0.458376 0.070186 0.102247
3 0.548817 0.471726 0.068237 0.094287
3 0.516855 0.464111 0.026324 0.066963
3 0.509926 0.459556 0.027166 0.062884
3 0.510067 0.450500 0.044427 0.071939
3 0.488702 0.450500 0.018677 0.054835
3 0.482901 0.448991 0.014432 0.041755
3 0.475445 0.442703 0.027817 0.046283
3 0.375301 0.459243 0.013647 0.051990
3 0.381637 0.450578 0.018521 0.058922
3 0.388948 0.446245 0.021446 0.071053
3 0.403570 0.448845 0.007798 0.034660
3 0.407957 0.443646 0.012673 0.038126
3 0.416927 0.445521 0.011117 0.024547
3 0.449487 0.437613 0.027495 0.018998
