3 0.082886 0.407588 0.165483 0.162677
3 0.126707 0.333750 0.075937 0.052500
3 0.220047 0.374062 0.104414 0.140625
3 0.281966 0.369757 0.053173 0.089235
3 0.370340 0.340312 0.037969 0.046875
3 0.439589 0.340312 0.098420 0.065625
3 0.512280 0.314912 0.013924 0.033765
3 0.530737 0.320092 0.020926 0.043934
3 0.556136 0.331160 0.039735 0.054820
3 0.623689 0.349710 0.086931 0.125580
3 0.791246 0.406626 0.218257 0.208224
3 0.907715 0.455605 0.184570 0.388125
10 0.659324 0.175312 0.023203 0.013125
10 0.308951 0.213180 0.017309 0.010090
10 0.320243 0.247500 0.015820 0.015000
3 0.676184 0.374062 0.106807 0.150435
