3 0.362520 0.547551 0.014502 0.030469
3 0.347387 0.545156 0.019775 0.042187
3 0.336181 0.553359 0.013184 0.039844
3 0.316369 0.552028 0.026292 0.041869
3 0.299114 0.555595 0.018150 0.039628
3 0.226340 0.551672 0.050933 0.064595
3 0.500976 0.557578 0.030586 0.048281
3 0.671044 0.581015 0.115488 0.143906
8 0.610796 0.588750 0.027686 0.079687
3 0.840849 0.533672 0.047461 0.049219
3 0.782182 0.525468 0.061963 0.018750
3 0.755815 0.616875 0.185889 0.187500
3 0.872621 0.550078 0.088330 0.086719
3 0.895825 0.696975 0.205664 0.342187
3 0.054712 0.579375 0.109424 0.121875
3 0.101514 0.547734 0.076465 0.114844
3 0.267086 0.553853 0.050562 0.061456
3 0.411723 0.555229 0.075675 0.118628
3 0.534278 0.562500 0.038865 0.056250
2 0.040210 0.551250 0.056689 0.234375
8 0.042991 0.622338 0.056401 0.170302
2 0.468281 0.545390 0.011074 0.063281
8 0.482387 0.562968 0.011865 0.051562
2 0.483047 0.550078 0.010547 0.058594
8 0.466567 0.561796 0.014502 0.039844
1 0.564917 0.551367 0.006592 0.037500
1 0.578759 0.545507 0.007910 0.035156
9 0.177187 0.307673 0.011601 0.046283
9 0.153884 0.308179 0.011274 0.046453
9 0.166113 0.303644 0.013184 0.050836
9 0.480410 0.353672 0.007910 0.044531
9 0.490166 0.356015 0.007910 0.044531
9 0.473878 0.357187 0.008845 0.037500
9 0.722065 0.436875 0.027686 0.037500
10 0.108342 0.350841 0.011019 0.036994
10 0.106800 0.317974 0.009287 0.014677
10 0.697016 0.375703 0.035596 0.021094
10 0.715473 0.347318 0.022412 0.016926
10 0.706245 0.320625 0.014502 0.028125
10 0.598139 0.420125 0.025049 0.011937
