9 0.545892 0.451791 0.007798 0.012131
3 0.515795 0.511604 0.038018 0.050257
3 0.493253 0.501976 0.007798 0.020796
3 0.440779 0.501836 0.019496 0.024360
3 0.405082 0.514196 0.016670 0.029495
3 0.118927 0.566168 0.068237 0.077985
3 0.585217 0.497801 0.029900 0.045037
3 0.466131 0.497369 0.020471 0.024262
3 0.645983 0.499968 0.048740 0.064121
3 0.568554 0.492330 0.010587 0.017650
3 0.720205 0.506765 0.083560 0.098009
3 0.796103 0.536361 0.115027 0.112644
3 0.919069 0.511177 0.158290 0.259837
9 0.494400 0.469641 0.010723 0.017330
3 0.361654 0.517876 0.058488 0.036393
3 0.285619 0.533473 0.052640 0.050257
3 0.223231 0.546470 0.037043 0.038126
3 0.181314 0.560334 0.050690 0.055456
3 0.610392 0.497080 0.022421 0.050257
