10 0.734518 0.578617 0.053614 0.088383
10 0.480705 0.659267 0.017297 0.066621
10 0.479500 0.608858 0.023185 0.037663
10 0.355317 0.689211 0.008773 0.015597
10 0.354343 0.662349 0.018521 0.027728
10 0.354434 0.621624 0.016389 0.025995
10 0.248089 0.703941 0.022421 0.013864
10 0.227415 0.679729 0.032574 0.027629
10 0.193012 0.696143 0.011698 0.015597
3 0.235138 0.735673 0.022740 0.039244
3 0.259429 0.739309 0.028269 0.065854
3 0.330460 0.729936 0.048740 0.051990
3 0.369167 0.739722 0.071566 0.092357
3 0.160353 0.747856 0.039972 0.036946
3 0.117336 0.742237 0.027218 0.025480
3 0.078983 0.761800 0.031241 0.027689
3 0.196424 0.758530 0.069211 0.102247
3 0.302678 0.802722 0.125750 0.190629
3 0.538940 0.804872 0.214525 0.279965
