3 0.374565 0.508955 0.066565 0.044412
3 0.297088 0.523225 0.032514 0.053520
3 0.235442 0.538757 0.080153 0.108066
3 0.145430 0.579151 0.103649 0.131375
3 0.435071 0.514831 0.012871 0.022881
3 0.451452 0.526272 0.026912 0.049923
3 0.463153 0.541872 0.026912 0.081125
3 0.519901 0.552273 0.117007 0.156009
3 0.578843 0.608655 0.148893 0.193014
3 0.050869 0.597299 0.101099 0.224046
10 0.746960 0.301030 0.086585 0.145609
9 0.373278 0.457627 0.010895 0.024961
9 0.281024 0.450347 0.005850 0.022881
3 0.792930 0.682281 0.409525 0.565794
3 0.282778 0.537387 0.024435 0.056662
