9 0.921036 0.192916 0.006637 0.024402
9 0.927171 0.191650 0.005568 0.022791
4 0.058581 0.301986 0.116695 0.193729
3 0.029056 0.376288 0.058111 0.148854
3 0.212467 0.310796 0.033196 0.032720
3 0.257236 0.308634 0.021451 0.019831
3 0.288110 0.323819 0.059205 0.046335
3 0.285293 0.364529 0.094790 0.068644
3 0.318401 0.349972 0.045477 0.060887
3 0.403362 0.321054 0.042591 0.048814
3 0.443417 0.328290 0.018019 0.026675
3 0.386071 0.345108 0.055487 0.075565
3 0.500907 0.321054 0.009439 0.015254
3 0.521841 0.341950 0.042727 0.071089
4 0.585576 0.299232 0.070058 0.136355
3 0.623943 0.285612 0.010109 0.019020
3 0.680745 0.294086 0.020441 0.028438
3 0.696129 0.284275 0.013729 0.016627
3 0.711653 0.282918 0.015635 0.021356
3 0.729656 0.286156 0.016873 0.020981
3 0.545521 0.408003 0.100383 0.149491
3 0.736224 0.358213 0.099933 0.117886
3 0.851955 0.316478 0.034322 0.051864
10 0.928765 0.302017 0.010537 0.019768
10 0.947951 0.301986 0.011155 0.025932
10 0.961571 0.308648 0.011372 0.027053
10 0.992141 0.303512 0.012013 0.019831
10 0.993967 0.224976 0.012067 0.044190
10 0.945590 0.247581 0.009127 0.021738
10 0.923125 0.259213 0.011155 0.013729
10 0.671716 0.229624 0.021451 0.033245
10 0.670987 0.263027 0.014328 0.021356
10 0.543654 0.268366 0.021876 0.028983
10 0.455654 0.173818 0.021268 0.056498
3 0.625994 0.284491 0.007722 0.013729
3 0.634283 0.284275 0.014587 0.018305
3 0.647874 0.285254 0.013729 0.021356
3 0.660961 0.296129 0.015631 0.040927
10 0.759972 0.222276 0.007722 0.024407
10 0.760897 0.242041 0.007855 0.015124
3 0.793007 0.285581 0.013729 0.016780
3 0.805923 0.290533 0.013818 0.020581
3 0.824778 0.291310 0.013985 0.022135
3 0.841357 0.295194 0.023945 0.027833
9 0.820894 0.184140 0.007722 0.024407
9 0.550348 0.281332 0.005546 0.016999
4 0.351050 0.284274 0.014587 0.028983
3 0.365208 0.292445 0.012013 0.018305
4 0.405536 0.283293 0.015445 0.024407
1 0.162279 0.309552 0.006006 0.025932
3 0.120234 0.319467 0.014587 0.048814
1 0.140399 0.311840 0.006864 0.021356
3 0.329170 0.290484 0.017161 0.021356
3 0.306736 0.292576 0.015196 0.014122
3 0.433415 0.284329 0.011170 0.015148
3 0.640463 0.324191 0.037397 0.057670
10 0.647420 0.239883 0.007750 0.009428
3 0.193666 0.312823 0.011945 0.017092
