10 0.183386 0.211592 0.007232 0.022041
10 0.183386 0.234551 0.029962 0.016531
9 0.201667 0.277359 0.008468 0.053966
9 0.614028 0.184534 0.013431 0.055102
9 0.632296 0.183673 0.017564 0.055102
9 0.730963 0.360000 0.014464 0.025714
9 0.711333 0.360918 0.008265 0.023878
9 0.480937 0.401982 0.007232 0.018367
9 0.429302 0.401982 0.004133 0.014694
1 0.019536 0.481167 0.039072 0.200204
1 0.172883 0.449388 0.016531 0.044082
1 0.133622 0.463163 0.033061 0.137755
1 0.246493 0.454462 0.011766 0.024136
1 0.696606 0.452618 0.024796 0.097073
1 0.774191 0.461640 0.030588 0.151852
1 0.742050 0.465850 0.027495 0.130883
7 0.121725 0.493106 0.045459 0.077143
7 0.081432 0.500453 0.037194 0.066122
3 0.450976 0.442959 0.013431 0.020204
3 0.462998 0.439218 0.006482 0.009320
3 0.476598 0.445224 0.015497 0.047755
4 0.509632 0.420008 0.060902 0.072473
4 0.388861 0.430312 0.065885 0.158032
3 0.564170 0.553775 0.222374 0.306735
3 0.921216 0.441475 0.157569 0.131523
