10 0.220765 0.447227 0.007020 0.024961
10 0.228956 0.448267 0.014041 0.022881
10 0.264833 0.456904 0.012491 0.022247
10 0.778631 0.132559 0.060382 0.131991
10 0.794687 0.233693 0.038013 0.048484
10 0.386915 0.440986 0.009361 0.033282
9 0.137105 0.421225 0.010531 0.022881
9 0.289263 0.444961 0.005947 0.014750
9 0.283271 0.446819 0.006037 0.024146
9 0.264585 0.422866 0.008307 0.027921
9 0.253097 0.475941 0.010222 0.019986
9 0.260548 0.477389 0.007020 0.018721
9 0.453024 0.453467 0.005850 0.029122
9 0.509773 0.464908 0.007020 0.027042
9 0.505678 0.504430 0.010531 0.014561
9 0.472916 0.480509 0.012871 0.012481
10 0.482861 0.482589 0.011701 0.016641
10 0.097908 0.426837 0.039782 0.013304
3 0.476426 0.522111 0.045633 0.066564
3 0.499827 0.563714 0.064354 0.079045
3 0.579977 0.510671 0.051483 0.022881
3 0.510358 0.591795 0.040952 0.064484
3 0.561256 0.599076 0.107646 0.166410
3 0.682943 0.643153 0.243375 0.286268
3 0.323732 0.531472 0.044463 0.076965
3 0.164602 0.529392 0.016381 0.035362
3 0.171622 0.534592 0.014041 0.037442
3 0.203214 0.533552 0.065524 0.093606
4 0.067675 0.492990 0.135350 0.128968
3 0.128915 0.538752 0.015211 0.041602
3 0.137105 0.529392 0.010531 0.031202
3 0.060070 0.602196 0.120139 0.309939
3 0.398031 0.580355 0.141578 0.237134
3 0.265732 0.558610 0.097258 0.114214
3 0.851433 0.738444 0.294858 0.520031
