9 0.489613 0.276950 0.018757 0.077650
9 0.393201 0.556484 0.004802 0.017937
10 0.144512 0.263962 0.056544 0.048558
10 0.333808 0.353750 0.020039 0.026250
10 0.338027 0.428750 0.022148 0.082500
1 0.685798 0.734375 0.030033 0.131250
1 0.381797 0.677812 0.059062 0.183750
1 0.230976 0.644062 0.075937 0.172500
1 0.199863 0.587812 0.024258 0.097500
5 0.570410 0.653176 0.178242 0.241148
3 0.459661 0.657584 0.029074 0.045137
3 0.428573 0.653993 0.030271 0.043264
3 0.477773 0.654587 0.014766 0.023325
3 0.407439 0.646197 0.013711 0.031875
3 0.375945 0.628406 0.018942 0.027026
3 0.357229 0.628702 0.018900 0.060095
3 0.337602 0.630099 0.030542 0.066905
3 0.331222 0.633163 0.015570 0.068826
3 0.310771 0.630097 0.029552 0.109166
3 0.258045 0.630600 0.104762 0.148406
3 0.807363 0.646250 0.045352 0.075000
4 0.855351 0.779375 0.280547 0.262500
