3 0.182569 0.562870 0.364099 0.372718
3 0.781724 0.638233 0.434285 0.407143
3 0.843889 0.428551 0.309779 0.092796
3 0.692113 0.451819 0.046259 0.061910
3 0.573478 0.529774 0.233894 0.288296
3 0.425340 0.452310 0.124743 0.109959
4 0.075366 0.379497 0.064451 0.089630
3 0.025468 0.395667 0.038463 0.059138
9 0.063359 0.137218 0.014034 0.063758
9 0.198382 0.260384 0.006941 0.037195
9 0.320915 0.277020 0.007094 0.032765
9 0.467008 0.105801 0.018192 0.095175
9 0.265599 0.358522 0.004158 0.011088
9 0.288965 0.361001 0.003166 0.012351
9 0.873212 0.311741 0.025638 0.047627
10 0.144588 0.341486 0.011247 0.022984
10 0.309000 0.324333 0.005717 0.022177
10 0.361496 0.337731 0.009876 0.008316
10 0.515658 0.370996 0.007796 0.021253
10 0.841701 0.303514 0.036757 0.039677
10 0.873030 0.210599 0.033265 0.026948
10 0.868560 0.171598 0.026831 0.033956
10 0.490051 0.281212 0.007796 0.077618
10 0.204614 0.333419 0.006237 0.012012
4 0.005458 0.378768 0.010915 0.085934
