3 0.519876 0.508041 0.029340 0.041237
3 0.460353 0.508866 0.034355 0.054433
3 0.405331 0.505240 0.018864 0.026221
3 0.855381 0.623875 0.285794 0.240910
3 0.958265 0.730928 0.080026 0.212371
1 0.303286 0.515030 0.017397 0.056774
1 0.283133 0.520933 0.018270 0.046794
1 0.121198 0.576323 0.045232 0.208316
1 0.087003 0.580254 0.039470 0.212687
1 0.052771 0.587392 0.045232 0.222207
10 0.060462 0.466705 0.035805 0.060050
9 0.151904 0.362074 0.018091 0.035274
9 0.281716 0.456794 0.009506 0.021787
1 0.551404 0.510309 0.008739 0.043299
1 0.644307 0.535083 0.017016 0.076351
1 0.667114 0.539206 0.013918 0.068103
1 0.688396 0.537145 0.017745 0.080251
1 0.704807 0.542271 0.012758 0.065986
9 0.831303 0.383316 0.033127 0.040116
10 0.799827 0.311886 0.046130 0.027775
9 0.624570 0.455866 0.013923 0.019631
9 0.504473 0.346530 0.008022 0.034141
9 0.373234 0.329184 0.006721 0.039812
9 0.278386 0.396102 0.018163 0.070547
1 0.582082 0.504424 0.008773 0.043325
10 0.509935 0.464725 0.006190 0.012261
10 0.815944 0.229822 0.029456 0.033594
10 0.789735 0.362606 0.020737 0.033916
3 0.755511 0.535808 0.042884 0.045475
10 0.552968 0.434177 0.007369 0.014672
10 0.557094 0.445966 0.005011 0.009956
3 0.432300 0.490034 0.028590 0.034583
3 0.413584 0.501299 0.019453 0.028819
3 0.496967 0.497108 0.037432 0.044539
