3 0.130807 0.610579 0.053643 0.049520
3 0.599978 0.588813 0.060035 0.065593
3 0.923048 0.648806 0.152733 0.262897
3 0.785200 0.614746 0.149897 0.169322
3 0.556379 0.584918 0.037191 0.052065
3 0.524353 0.587041 0.023645 0.035030
3 0.049084 0.613220 0.051561 0.053390
3 0.011759 0.622374 0.023090 0.047290
3 0.311687 0.593390 0.027458 0.022881
3 0.415940 0.589948 0.019735 0.020612
10 0.825090 0.322871 0.045624 0.023370
10 0.801419 0.263898 0.044619 0.027458
10 0.814871 0.381383 0.022864 0.064013
10 0.518979 0.559654 0.006449 0.012101
3 0.472097 0.585441 0.006684 0.010456
3 0.477901 0.584214 0.005769 0.009107
3 0.486801 0.586629 0.007218 0.005228
2 0.507751 0.583474 0.006006 0.012203
7 0.507751 0.591719 0.006006 0.010388
9 0.427451 0.553598 0.005079 0.007604
9 0.438412 0.562390 0.004010 0.005228
7 0.499812 0.584175 0.011823 0.012738
3 0.208767 0.593941 0.080465 0.040347
