9 0.431840 0.197994 0.007798 0.027728
9 0.489841 0.200594 0.006824 0.025995
9 0.631499 0.240124 0.007773 0.008129
9 0.294026 0.255386 0.004740 0.009125
9 0.633333 0.277279 0.008773 0.013864
9 0.192278 0.231584 0.003950 0.013201
10 0.173319 0.187416 0.020539 0.009129
10 0.540279 0.205739 0.014632 0.020322
10 0.635843 0.232402 0.014632 0.005690
9 0.394612 0.181822 0.006998 0.029399
9 0.398618 0.192752 0.007110 0.020364
3 0.467420 0.286810 0.012673 0.019063
3 0.481068 0.285944 0.016572 0.013864
3 0.480580 0.308473 0.025345 0.034660
3 0.443646 0.290708 0.010270 0.016853
3 0.429907 0.293517 0.015630 0.015448
3 0.406927 0.300539 0.008662 0.014044
3 0.384991 0.299486 0.015404 0.018959
3 0.350597 0.300576 0.034425 0.036588
3 0.189849 0.316743 0.026817 0.058342
3 0.139272 0.302013 0.077733 0.099569
3 0.052152 0.301541 0.104304 0.128241
3 0.527934 0.302065 0.010974 0.026012
3 0.551416 0.309628 0.017547 0.031194
3 0.598207 0.317392 0.021446 0.050189
3 0.705790 0.340514 0.081176 0.103364
3 0.768961 0.364795 0.067912 0.120732
3 0.945564 0.406387 0.105279 0.150770
9 0.399631 0.139327 0.008230 0.034141
9 0.486919 0.144616 0.006676 0.038195
9 0.525876 0.164903 0.012346 0.033712
