9 0.157725 0.152812 0.022412 0.107812
9 0.460948 0.329765 0.014502 0.067969
9 0.665715 0.518429 0.024005 0.025606
9 0.451900 0.557743 0.006395 0.016050
9 0.416353 0.552767 0.005135 0.014044
9 0.420552 0.551297 0.003846 0.012771
9 0.109224 0.568189 0.018724 0.026459
9 0.131930 0.163359 0.021268 0.100781
9 0.177500 0.172734 0.014502 0.091406
9 0.443690 0.333999 0.018091 0.062374
1 0.468583 0.650383 0.022085 0.087059
1 0.762852 0.623906 0.032959 0.131250
2 0.734850 0.624987 0.028806 0.133413
8 0.733189 0.645000 0.026367 0.098437
1 0.419419 0.618046 0.007910 0.030469
3 0.416123 0.623906 0.009229 0.018750
3 0.440526 0.620599 0.005925 0.009831
3 0.455456 0.621231 0.015404 0.024577
3 0.484253 0.619214 0.016288 0.028134
3 0.501999 0.617950 0.026886 0.037555
3 0.542027 0.624633 0.076465 0.078234
3 0.569053 0.642656 0.069873 0.075000
3 0.331510 0.632888 0.026464 0.027386
3 0.390415 0.625078 0.039551 0.035156
3 0.354726 0.629765 0.023918 0.025781
3 0.371299 0.661406 0.048779 0.079687
3 0.098645 0.652661 0.067728 0.050303
3 0.431598 0.623064 0.012557 0.021754
3 0.243418 0.680156 0.257080 0.173437
3 0.924351 0.739921 0.150293 0.391406
10 0.136234 0.549792 0.034800 0.016978
10 0.658224 0.485568 0.018822 0.016217
10 0.640749 0.452963 0.032647 0.027823
1 0.617918 0.607851 0.011478 0.037268
3 0.376341 0.617790 0.016589 0.007022
3 0.444989 0.617369 0.005530 0.011235
