10 0.357303 0.456373 0.022209 0.030193
10 0.296528 0.473004 0.017181 0.028819
10 0.163369 0.420001 0.057346 0.051899
10 0.110625 0.420684 0.046191 0.034063
10 0.509892 0.500578 0.015241 0.020128
10 0.307459 0.490877 0.015617 0.014262
3 0.268806 0.493964 0.014148 0.008908
3 0.243959 0.497370 0.015504 0.010480
3 0.221647 0.495378 0.031243 0.029552
3 0.184279 0.495323 0.024984 0.032807
3 0.150801 0.498412 0.051731 0.047777
3 0.306986 0.507314 0.010766 0.023032
3 0.314473 0.509311 0.008172 0.025979
3 0.328575 0.511258 0.026092 0.040382
3 0.498134 0.532319 0.037015 0.052644
3 0.901879 0.570150 0.056611 0.032707
3 0.849172 0.568181 0.062468 0.039704
3 0.810873 0.557428 0.026261 0.017637
3 0.670334 0.544140 0.031672 0.026012
3 0.439128 0.502910 0.038321 0.052663
4 0.377735 0.487596 0.048803 0.093702
3 0.406397 0.523168 0.035850 0.050321
3 0.451784 0.539653 0.058299 0.072879
3 0.347477 0.525664 0.044899 0.059212
3 0.753134 0.594998 0.141737 0.121827
3 0.577141 0.568740 0.164440 0.190020
