3 0.017950 0.332877 0.035900 0.079663
3 0.096149 0.348400 0.054667 0.077068
3 0.135466 0.341864 0.075687 0.081604
3 0.201039 0.339851 0.089749 0.064372
3 0.976910 0.629160 0.046180 0.295106
3 0.802493 0.431306 0.301054 0.338020
3 0.439400 0.368226 0.041470 0.063022
3 0.335631 0.354581 0.061708 0.090311
4 0.389574 0.336935 0.042708 0.081428
3 0.643602 0.393590 0.130724 0.188690
3 0.573027 0.392636 0.051402 0.091067
3 0.550462 0.385327 0.033478 0.077186
3 0.531275 0.376823 0.032103 0.065472
3 0.510395 0.364752 0.024139 0.035828
3 0.505444 0.361418 0.020426 0.036863
3 0.494178 0.359416 0.010274 0.033163
3 0.461334 0.357928 0.010458 0.023288
3 0.468167 0.353175 0.008555 0.012832
3 0.475920 0.351512 0.008555 0.018060
10 0.413696 0.017071 0.014403 0.028451
10 0.439851 0.171989 0.026705 0.024208
10 0.897769 0.145100 0.076895 0.165016
9 0.480866 0.242674 0.006149 0.024714
3 0.295678 0.335945 0.017331 0.038513
10 0.465627 0.270688 0.006460 0.008129
