9 0.451043 0.276549 0.010327 0.028418
9 0.560728 0.264533 0.011360 0.026857
9 0.355542 0.391459 0.010057 0.018820
9 0.496563 0.386718 0.005394 0.012819
9 0.525922 0.388945 0.003555 0.005196
1 0.472272 0.433649 0.009597 0.038389
3 0.488780 0.430612 0.016220 0.018310
4 0.529113 0.421738 0.018501 0.036514
3 0.547136 0.435080 0.036962 0.050558
3 0.582404 0.442804 0.029624 0.054771
3 0.593439 0.461101 0.035994 0.077323
3 0.644219 0.466706 0.106646 0.125829
3 0.217348 0.457109 0.070779 0.059716
1 0.750590 0.463507 0.033590 0.140758
8 0.874753 0.504028 0.085175 0.136493
10 0.880183 0.169820 0.033102 0.064853
9 0.702481 0.367179 0.014330 0.015923
9 0.652861 0.383420 0.003224 0.011464
