1 0.812821 0.659400 0.119347 0.395224
1 0.604200 0.523379 0.010057 0.063161
1 0.522300 0.512514 0.006334 0.039049
1 0.739692 0.549908 0.012871 0.051433
3 0.477223 0.511984 0.023827 0.032736
3 0.459213 0.515421 0.015887 0.028222
3 0.447249 0.512205 0.009954 0.014009
4 0.431489 0.494878 0.012442 0.013271
9 0.390369 0.382644 0.005099 0.007044
9 0.472423 0.377647 0.018663 0.013271
9 0.475948 0.292120 0.013271 0.023594
9 0.466008 0.334484 0.010756 0.019969
9 0.640821 0.409785 0.014041 0.029122
9 0.551064 0.452003 0.007698 0.015408
10 0.536043 0.364671 0.015345 0.036865
10 0.536458 0.391951 0.017834 0.014746
10 0.544752 0.411121 0.015345 0.008848
10 0.536665 0.437416 0.021566 0.011301
10 0.762205 0.388983 0.028688 0.020801
10 0.761678 0.367854 0.012382 0.020749
3 0.260271 0.524665 0.011147 0.017695
3 0.664222 0.504430 0.051483 0.043683
3 0.720298 0.502674 0.055989 0.031850
3 0.204039 0.528478 0.030671 0.026794
3 0.166308 0.543835 0.009954 0.026543
3 0.048755 0.539700 0.032119 0.034349
3 0.506846 0.499671 0.011198 0.021382
3 0.431489 0.512205 0.011613 0.018433
9 0.441691 0.453294 0.002488 0.008848
