3 0.032573 0.641798 0.065146 0.180812
3 0.072167 0.586595 0.084245 0.108166
3 0.119554 0.574114 0.029252 0.058243
3 0.778889 0.534311 0.042123 0.067126
3 0.890631 0.617744 0.216463 0.253881
3 0.655446 0.602196 0.260926 0.326580
3 0.296955 0.548808 0.037172 0.054773
4 0.206725 0.554353 0.067864 0.097766
3 0.414651 0.507568 0.029031 0.045728
4 0.386449 0.496576 0.020737 0.052935
3 0.536264 0.540327 0.043621 0.080057
3 0.271606 0.531535 0.026797 0.037922
3 0.308645 0.514417 0.014930 0.015483
3 0.359491 0.504242 0.010783 0.011060
1 0.148221 0.557178 0.011701 0.038033
1 0.326657 0.528352 0.012871 0.049923
1 0.441909 0.508371 0.011701 0.039962
1 0.157582 0.552978 0.009361 0.042273
1 0.164396 0.553313 0.007433 0.041602
1 0.809311 0.502277 0.023401 0.097912
8 0.456786 0.533492 0.031093 0.033328
9 0.195835 0.425310 0.006241 0.023045
9 0.408562 0.403230 0.003510 0.024334
9 0.472738 0.454474 0.003865 0.020645
9 0.414396 0.403232 0.005818 0.022856
9 0.478478 0.474381 0.005392 0.010322
9 0.507302 0.468114 0.009954 0.016958
1 0.487541 0.530014 0.009361 0.050759
1 0.475990 0.520983 0.011198 0.056339
3 0.342694 0.510031 0.007880 0.021602
9 0.068846 0.516394 0.009085 0.015448
1 0.491537 0.510731 0.005487 0.025199
2 0.455643 0.526176 0.012346 0.043083
1 0.472464 0.516776 0.005806 0.039077
3 0.370689 0.507191 0.012442 0.016958
3 0.359906 0.496869 0.008295 0.008110
3 0.329630 0.510509 0.029031 0.025068
3 0.282516 0.521790 0.008295 0.018433
9 0.202557 0.426590 0.007202 0.023899
1 0.171147 0.555014 0.006715 0.044940
1 0.152977 0.560281 0.007505 0.028790
1 0.140535 0.549397 0.008690 0.033705
