9 0.477731 0.376615 0.007880 0.019170
9 0.372721 0.363048 0.007880 0.016221
9 0.365528 0.355263 0.005937 0.021316
10 0.531232 0.417283 0.011198 0.017462
10 0.516369 0.426237 0.012003 0.021158
3 0.416019 0.478658 0.012027 0.014746
3 0.396734 0.470916 0.019907 0.022856
3 0.377989 0.479601 0.024979 0.028430
3 0.336523 0.477829 0.031974 0.049737
3 0.300553 0.487599 0.039967 0.072829
3 0.271500 0.496926 0.034125 0.075491
3 0.229927 0.491650 0.063026 0.109353
3 0.161796 0.500033 0.093665 0.126118
3 0.067844 0.515132 0.135688 0.170526
3 0.492227 0.476187 0.014324 0.035258
3 0.508408 0.480344 0.018674 0.049798
3 0.520013 0.489249 0.012707 0.054813
3 0.547277 0.498146 0.051813 0.086818
3 0.613795 0.505362 0.092924 0.129671
3 0.722206 0.529342 0.195839 0.206053
3 0.902352 0.595066 0.193251 0.323289
6 0.413806 0.411268 0.077010 0.016221
10 0.307552 0.385732 0.016572 0.011848
10 0.297841 0.397353 0.008848 0.007928
3 0.390098 0.475340 0.009954 0.022856
3 0.512493 0.486569 0.015173 0.045648
