3 0.036885 0.650744 0.073771 0.223152
3 0.207386 0.652823 0.112269 0.110883
3 0.557828 0.634805 0.055372 0.077618
3 0.278725 0.644793 0.037237 0.074274
3 0.330812 0.637465 0.029143 0.055666
3 0.346725 0.626685 0.033180 0.057820
3 0.372515 0.623961 0.015281 0.050386
3 0.385553 0.619954 0.024133 0.046334
3 0.401608 0.614014 0.020453 0.044353
3 0.419150 0.619748 0.014631 0.030113
3 0.524176 0.629816 0.014543 0.040470
3 0.511198 0.620806 0.026564 0.050321
3 0.493655 0.619669 0.011661 0.023274
9 0.457717 0.575130 0.006368 0.013161
10 0.651394 0.505418 0.013254 0.032295
3 0.307070 0.638779 0.030568 0.068176
1 0.455473 0.615590 0.005266 0.024744
