3 0.624852 0.313340 0.013647 0.023600
4 0.593335 0.303337 0.011052 0.041465
4 0.568800 0.307606 0.036068 0.071053
3 0.555798 0.333986 0.027610 0.039088
3 0.532037 0.346298 0.035144 0.084315
3 0.478665 0.340922 0.089751 0.125730
3 0.436690 0.375720 0.089731 0.132386
3 0.375301 0.396488 0.103330 0.194829
4 0.167595 0.325856 0.331291 0.648033
1 0.678954 0.382125 0.073111 0.237420
4 0.719252 0.248746 0.084146 0.150646
3 0.739958 0.347567 0.083675 0.134511
3 0.839022 0.410708 0.196491 0.239175
1 0.864646 0.278510 0.016889 0.025221
