10 0.574323 0.360294 0.013271 0.022025
3 0.483100 0.411521 0.010272 0.014784
3 0.476688 0.416139 0.007231 0.017560
3 0.469674 0.418044 0.010344 0.019295
3 0.458473 0.420068 0.014034 0.023563
3 0.443931 0.424834 0.022847 0.030322
3 0.421440 0.426986 0.027288 0.048487
3 0.394305 0.435062 0.040067 0.064638
3 0.344701 0.455362 0.060033 0.077519
3 0.269075 0.474123 0.105252 0.117813
3 0.540729 0.409646 0.007465 0.016221
3 0.548091 0.409629 0.013894 0.025035
3 0.691117 0.444324 0.088483 0.108111
3 0.491708 0.412774 0.005435 0.008976
3 0.822952 0.479576 0.199711 0.206704
3 0.515223 0.409646 0.014516 0.020645
3 0.599188 0.468084 0.133341 0.205133
3 0.929714 0.489568 0.138998 0.364528
3 0.124061 0.519368 0.208165 0.202361
3 0.535960 0.409646 0.007050 0.016221
3 0.495664 0.413961 0.004952 0.006602
3 0.501699 0.413961 0.004642 0.006602
