3 0.420390 0.598315 0.010059 0.010479
3 0.407370 0.596733 0.014152 0.018696
3 0.396156 0.599579 0.007316 0.013006
3 0.386325 0.599172 0.015089 0.018696
3 0.373522 0.604459 0.016004 0.019516
3 0.355004 0.604456 0.025606 0.024386
3 0.056190 0.646883 0.112379 0.120091
3 0.480348 0.615542 0.016151 0.033289
3 0.531285 0.605573 0.010562 0.026459
3 0.549529 0.605774 0.029767 0.045638
3 0.752745 0.614198 0.066692 0.076817
3 0.499975 0.627014 0.033813 0.051185
3 0.604859 0.669062 0.106820 0.156609
3 0.121465 0.617309 0.049991 0.019216
3 0.254939 0.611953 0.036345 0.032902
3 0.520003 0.602159 0.011042 0.016217
3 0.428849 0.597140 0.006859 0.008129
3 0.233871 0.603812 0.009651 0.012582
