3 0.591396 0.559959 0.089589 0.108111
3 0.242895 0.554415 0.088028 0.094250
3 0.354739 0.533624 0.049897 0.069302
3 0.546602 0.549815 0.033096 0.065030
3 0.530272 0.547105 0.016112 0.054966
3 0.523087 0.541686 0.013064 0.039483
3 0.523087 0.525429 0.036579 0.067353
3 0.296315 0.551611 0.027967 0.066592
3 0.323942 0.549698 0.019489 0.048242
3 0.389043 0.530159 0.020271 0.042967
3 0.497124 0.534567 0.018132 0.020290
3 0.888796 0.589904 0.221419 0.148014
9 0.352589 0.207904 0.021452 0.041579
9 0.560778 0.217599 0.019137 0.036055
9 0.675937 0.381820 0.009580 0.047998
9 0.692267 0.437560 0.017854 0.027870
9 0.113438 0.427775 0.011695 0.029473
10 0.695256 0.387722 0.026681 0.015246
10 0.566329 0.463263 0.016287 0.014864
9 0.430356 0.467176 0.006221 0.010924
9 0.479302 0.469724 0.005876 0.011374
9 0.459160 0.500810 0.003484 0.006968
9 0.486020 0.502389 0.004077 0.007029
1 0.659824 0.543062 0.017419 0.038280
1 0.680577 0.572094 0.015701 0.068623
3 0.411476 0.531777 0.026564 0.025548
3 0.431290 0.533712 0.011322 0.017032
3 0.450886 0.535648 0.025257 0.017806
3 0.474401 0.537196 0.010451 0.011613
9 0.674630 0.439883 0.013935 0.026322
