10 0.593658 0.285077 0.021446 0.012131
10 0.551254 0.306023 0.016572 0.010700
10 0.271484 0.274679 0.020471 0.012131
9 0.489354 0.257326 0.007798 0.029507
9 0.373130 0.234820 0.008241 0.032927
9 0.321687 0.333601 0.011698 0.019063
9 0.563599 0.326939 0.010059 0.014632
9 0.473169 0.332893 0.005392 0.011060
9 0.439794 0.325625 0.007487 0.014219
9 0.497152 0.255476 0.007798 0.025806
9 0.380662 0.234288 0.008773 0.031861
9 0.606351 0.314477 0.010517 0.015719
3 0.476902 0.378606 0.019492 0.027280
3 0.595740 0.367582 0.040677 0.027352
3 0.612000 0.413947 0.054949 0.090591
3 0.679217 0.424033 0.127173 0.143204
3 0.766199 0.476573 0.226155 0.204493
3 0.410479 0.377495 0.013817 0.025060
3 0.393963 0.374643 0.022685 0.044424
3 0.382725 0.381730 0.012898 0.037182
3 0.342645 0.381258 0.075060 0.051990
3 0.291955 0.404580 0.041917 0.085064
3 0.230542 0.415918 0.106254 0.131707
3 0.532732 0.411586 0.116002 0.140372
3 0.441233 0.373076 0.040233 0.036865
3 0.096407 0.454044 0.190865 0.221823
3 0.897311 0.569211 0.201785 0.334621
9 0.262504 0.311007 0.012346 0.021135
