3 0.151583 0.480039 0.242727 0.270347
3 0.300654 0.467041 0.048007 0.060655
3 0.423896 0.442717 0.014330 0.018470
3 0.333384 0.461842 0.031194 0.050257
3 0.353139 0.454818 0.021137 0.047768
3 0.376068 0.451633 0.030452 0.041399
3 0.400251 0.450041 0.010031 0.014012
9 0.556615 0.032060 0.015597 0.064121
9 0.572096 0.031194 0.013880 0.058922
9 0.535170 0.032927 0.017547 0.065854
9 0.716350 0.351414 0.010427 0.026482
9 0.700337 0.349428 0.006703 0.025158
3 0.472547 0.467520 0.027516 0.041291
9 0.449710 0.397032 0.004790 0.008436
9 0.389251 0.380880 0.007260 0.016124
9 0.409864 0.414877 0.004355 0.006968
9 0.009492 0.329062 0.018984 0.028125
3 0.393085 0.453544 0.008598 0.015923
3 0.441451 0.450997 0.007165 0.007006
3 0.454886 0.444627 0.018988 0.019744
3 0.459185 0.466601 0.006807 0.021655
3 0.455781 0.462461 0.005732 0.015923
3 0.452915 0.460232 0.005016 0.014012
3 0.449333 0.458958 0.007882 0.015286
