3 0.095277 0.723164 0.071987 0.074340
3 0.313769 0.703125 0.072773 0.080625
3 0.432949 0.718125 0.123398 0.118125
3 0.559979 0.716338 0.189725 0.132948
3 0.828803 0.728437 0.341026 0.217500
3 0.030965 0.731932 0.061930 0.229261
3 0.200391 0.741562 0.162422 0.172500
10 0.097931 0.627881 0.012965 0.012637
10 0.125655 0.637101 0.010842 0.006423
10 0.166350 0.633832 0.008709 0.005460
10 0.191489 0.555824 0.068681 0.033524
10 0.360703 0.595312 0.021094 0.052500
9 0.052039 0.623748 0.004790 0.008516
10 0.161559 0.650457 0.011322 0.004645
