3 0.061864 0.430648 0.065239 0.077985
3 0.411019 0.387157 0.012003 0.020485
3 0.227228 0.402574 0.042307 0.032234
5 0.266318 0.377928 0.056929 0.033003
3 0.510507 0.419557 0.077010 0.143838
3 0.546476 0.435730 0.096704 0.180813
5 0.207125 0.387787 0.045469 0.038705
3 0.283719 0.381702 0.026958 0.037603
3 0.645759 0.453957 0.179082 0.260123
3 0.170104 0.406733 0.053614 0.060655
3 0.270862 0.390919 0.035252 0.036865
3 0.302175 0.392393 0.022396 0.036865
3 0.360237 0.371380 0.015760 0.016958
4 0.393318 0.375638 0.025573 0.043523
4 0.467916 0.384025 0.068811 0.134564
3 0.821936 0.561489 0.349956 0.485238
3 0.022920 0.449298 0.045308 0.075346
9 0.228569 0.295057 0.010677 0.024058
9 0.372850 0.313754 0.006721 0.010242
10 0.194437 0.309914 0.018447 0.011096
10 0.066400 0.362904 0.011925 0.024899
10 0.143954 0.372543 0.008709 0.011683
10 0.142809 0.358903 0.008773 0.012131
10 0.141880 0.350257 0.009539 0.008627
10 0.533798 0.315896 0.010515 0.015997
10 0.437374 0.284184 0.012174 0.022584
10 0.398296 0.321863 0.022085 0.009389
10 0.420309 0.285137 0.009803 0.024489
10 0.421850 0.355901 0.010621 0.009594
3 0.398891 0.342439 0.017547 0.020796
3 0.013339 0.403226 0.026678 0.010869
