3 0.100486 0.349992 0.081368 0.069209
3 0.260263 0.341652 0.031093 0.038205
3 0.283443 0.332304 0.015825 0.019509
9 0.425602 0.302390 0.004572 0.006503
3 0.376901 0.354998 0.025193 0.042136
3 0.431089 0.348724 0.005487 0.024386
3 0.446714 0.349284 0.028060 0.053564
3 0.508317 0.357677 0.028903 0.044265
3 0.490867 0.339810 0.010797 0.021327
3 0.560446 0.367535 0.058783 0.068246
3 0.635424 0.380331 0.081576 0.098104
3 0.819569 0.432583 0.200341 0.155687
3 0.471073 0.365534 0.040788 0.059978
3 0.405132 0.366413 0.045507 0.070267
3 0.330679 0.344498 0.021948 0.024386
3 0.432040 0.321005 0.007388 0.014794
3 0.428346 0.327590 0.004572 0.008129
3 0.423773 0.332873 0.008230 0.010567
3 0.428574 0.343034 0.007773 0.019509
3 0.430358 0.321737 0.014632 0.014632
3 0.411611 0.326208 0.008230 0.008942
