3 0.317477 0.568257 0.123547 0.083699
3 0.444581 0.570232 0.131409 0.084187
3 0.505917 0.550883 0.059901 0.056328
3 0.535612 0.539293 0.023200 0.038076
3 0.571684 0.524635 0.016223 0.013199
3 0.560764 0.537448 0.036814 0.032169
3 0.545902 0.518378 0.009586 0.011778
3 0.538067 0.520784 0.015677 0.008516
3 0.598203 0.556306 0.046798 0.063229
3 0.775393 0.594152 0.158900 0.236017
10 0.119281 0.468118 0.024005 0.033279
10 0.384617 0.377711 0.014975 0.025514
10 0.383848 0.403877 0.014685 0.024600
9 0.379046 0.426520 0.007398 0.023295
9 0.600511 0.359963 0.012479 0.047699
9 0.583352 0.486421 0.004368 0.016639
9 0.458433 0.485312 0.004368 0.016639
10 0.836225 0.428699 0.023757 0.038747
10 0.895838 0.391578 0.015599 0.044371
10 0.726491 0.460908 0.016847 0.034388
10 0.390898 0.486104 0.007798 0.022529
3 0.689239 0.593326 0.023834 0.096659
2 0.028453 0.591968 0.038799 0.122624
8 0.030393 0.667842 0.060785 0.124157
