10 0.784511 0.318180 0.024819 0.050948
9 0.326582 0.441591 0.005696 0.021941
9 0.423353 0.438278 0.007467 0.020619
9 0.498166 0.436060 0.007353 0.016340
9 0.553007 0.422988 0.006740 0.016340
9 0.586326 0.417542 0.008729 0.020697
9 0.604172 0.455668 0.007353 0.011983
9 0.576292 0.449132 0.005515 0.009804
9 0.321350 0.442965 0.006666 0.020831
3 0.726740 0.482531 0.071203 0.055696
3 0.680705 0.469203 0.049386 0.045916
3 0.630238 0.491765 0.026299 0.040604
3 0.525159 0.509217 0.027024 0.053034
3 0.510727 0.498152 0.011642 0.020697
3 0.480534 0.515861 0.024234 0.052819
3 0.458605 0.523771 0.039752 0.069757
3 0.496622 0.504070 0.021471 0.039364
3 0.582361 0.487868 0.036037 0.023837
3 0.421572 0.512205 0.029412 0.045752
3 0.407278 0.519831 0.036076 0.037131
3 0.263874 0.666309 0.328580 0.366340
3 0.573841 0.560244 0.082721 0.123095
3 0.547918 0.496226 0.017395 0.028908
10 0.103892 0.416304 0.036218 0.063161
