3 0.435266 0.515430 0.009361 0.011598
3 0.426554 0.510026 0.008317 0.011651
3 0.418110 0.512267 0.006049 0.008962
3 0.409691 0.515403 0.009780 0.009858
3 0.387910 0.518002 0.010594 0.012547
3 0.377348 0.526272 0.010531 0.016641
3 0.368448 0.516793 0.004928 0.006004
3 0.364477 0.530432 0.017551 0.029122
3 0.349853 0.537533 0.020164 0.030843
3 0.325280 0.538474 0.030422 0.046320
3 0.300769 0.531707 0.016503 0.019192
3 0.289007 0.535632 0.021061 0.018721
3 0.265606 0.543953 0.032762 0.039522
3 0.236939 0.549339 0.036272 0.053711
3 0.443819 0.513611 0.009074 0.009858
3 0.453987 0.506196 0.009361 0.013933
3 0.463846 0.508996 0.010357 0.009590
3 0.494324 0.531535 0.008252 0.011651
3 0.503118 0.535191 0.011725 0.027924
3 0.512126 0.537719 0.013611 0.031188
3 0.528287 0.539792 0.029252 0.035362
3 0.565729 0.539792 0.047973 0.052003
3 0.608436 0.553313 0.058504 0.079045
3 0.641783 0.566834 0.066694 0.085285
3 0.707307 0.576403 0.108817 0.110247
3 0.824314 0.564962 0.176681 0.178891
3 0.893817 0.659608 0.209443 0.476349
3 0.127830 0.638598 0.252735 0.434746
3 0.463069 0.561634 0.070762 0.097766
10 0.527702 0.436306 0.035102 0.010401
10 0.606681 0.430893 0.019891 0.012907
10 0.612193 0.412340 0.012099 0.009858
9 0.353361 0.434746 0.007020 0.024961
10 0.732809 0.340329 0.028328 0.074094
9 0.476219 0.431626 0.007020 0.022881
9 0.570603 0.485381 0.008570 0.014339
9 0.616982 0.474178 0.015627 0.017028
9 0.307760 0.479018 0.013611 0.017028
9 0.321875 0.484395 0.010586 0.027782
9 0.350105 0.493805 0.005545 0.010754
9 0.358171 0.494253 0.004537 0.011651
3 0.395979 0.521587 0.006553 0.008962
3 0.402281 0.517554 0.007058 0.009858
