9 0.015625 0.169174 0.015319 0.070807
9 0.029412 0.167831 0.023285 0.077849
9 0.049939 0.159370 0.016544 0.057735
9 0.249769 0.246422 0.016673 0.025690
10 0.257272 0.358566 0.012783 0.016797
9 0.487744 0.207643 0.015361 0.063724
10 0.575735 0.214310 0.059469 0.026678
10 0.697390 0.287426 0.020687 0.012845
3 0.123401 0.482793 0.023730 0.019608
3 0.220406 0.475260 0.031250 0.019793
3 0.312632 0.466406 0.026367 0.032812
3 0.340812 0.469721 0.020834 0.026144
3 0.369917 0.466561 0.021446 0.023748
3 0.423552 0.461107 0.049743 0.026902
3 0.458621 0.452366 0.015123 0.018777
3 0.481920 0.461405 0.008295 0.013271
3 0.511366 0.460299 0.014101 0.021382
3 0.523601 0.460667 0.014516 0.028018
3 0.537909 0.462142 0.025713 0.029492
9 0.700508 0.346215 0.007781 0.017785
3 0.763058 0.471808 0.198163 0.150734
3 0.968406 0.637186 0.062182 0.323421
10 0.917234 0.049735 0.035326 0.069280
10 0.932794 0.140252 0.041121 0.056997
9 0.676715 0.344398 0.010294 0.028595
9 0.960061 0.189608 0.043110 0.065910
10 0.684391 0.251856 0.021120 0.030630
10 0.681334 0.307187 0.013895 0.014821
3 0.496229 0.462511 0.006221 0.009585
3 0.174940 0.479851 0.017770 0.018519
3 0.150430 0.479851 0.011642 0.016340
3 0.068934 0.486387 0.016544 0.022876
3 0.035846 0.488021 0.025123 0.034859
