3 0.421101 0.463804 0.017764 0.035848
3 0.437664 0.461695 0.032647 0.033238
3 0.390867 0.464665 0.040835 0.063897
3 0.320143 0.463648 0.052279 0.074088
10 0.277840 0.396085 0.020648 0.040634
10 0.351432 0.425548 0.008055 0.013595
10 0.383210 0.424886 0.008087 0.009553
9 0.532527 0.182609 0.011536 0.054715
9 0.085120 0.256051 0.013511 0.048040
9 0.099655 0.256072 0.011464 0.043195
9 0.075187 0.258166 0.009941 0.045063
9 0.520167 0.186620 0.011289 0.048400
9 0.542868 0.184787 0.006217 0.041823
3 0.792851 0.414257 0.044997 0.064236
10 0.739029 0.189679 0.022177 0.031269
9 0.729233 0.284052 0.018724 0.027313
9 0.746538 0.283557 0.007562 0.025094
10 0.615467 0.172616 0.016824 0.047583
9 0.602604 0.361378 0.014337 0.022819
1 0.881120 0.410130 0.037174 0.241052
3 0.086716 0.525403 0.169005 0.227193
10 0.259785 0.442039 0.006241 0.012803
10 0.293153 0.381866 0.008642 0.015363
