1 0.352984 0.758162 0.072507 0.383932
1 0.429000 0.769250 0.079524 0.456006
3 0.314002 0.603692 0.075626 0.060839
3 0.498243 0.774837 0.226019 0.339493
3 0.911600 0.745688 0.175420 0.228696
3 0.580251 0.627875 0.016373 0.026335
3 0.599376 0.643275 0.031233 0.050976
3 0.678486 0.700274 0.096676 0.122705
9 0.559164 0.492080 0.006311 0.026409
9 0.566218 0.493429 0.006237 0.031879
1 0.783467 0.685395 0.010373 0.049897
9 0.468187 0.550043 0.006646 0.026762
9 0.458935 0.572835 0.004115 0.010567
10 0.498043 0.579257 0.007106 0.019509
10 0.524047 0.597628 0.005030 0.006503
10 0.736087 0.623803 0.009169 0.023735
3 0.553996 0.614292 0.019204 0.015445
10 0.316731 0.461550 0.018711 0.029107
10 0.325195 0.419342 0.032970 0.062248
10 0.413017 0.485001 0.025728 0.020566
10 0.463764 0.527314 0.011834 0.008942
10 0.919007 0.620944 0.029627 0.018018
10 0.931501 0.595374 0.020311 0.011231
10 0.927171 0.582711 0.013209 0.013627
3 0.642345 0.651614 0.021526 0.036142
1 0.541462 0.776671 0.002587 0.007664
9 0.816165 0.640784 0.006249 0.009577
10 0.923565 0.606721 0.006807 0.014012
10 0.805338 0.606721 0.016122 0.012738
9 0.729745 0.528381 0.005374 0.020381
9 0.641791 0.585066 0.002866 0.011464
9 0.627998 0.584748 0.003224 0.009554
9 0.560788 0.576404 0.002508 0.008917
9 0.589270 0.586595 0.002866 0.005095
9 0.580672 0.584047 0.003583 0.010191
9 0.569386 0.579907 0.003224 0.008280
3 0.583000 0.611753 0.006807 0.009554
3 0.589449 0.612708 0.005374 0.007643
10 0.468924 0.572401 0.009074 0.013443
