3 0.449461 0.410736 0.029456 0.062248
3 0.255917 0.401408 0.018808 0.062505
3 0.221395 0.412866 0.064567 0.076535
3 0.152841 0.422922 0.087705 0.086187
3 0.057484 0.436751 0.114968 0.109553
3 0.545667 0.393445 0.014450 0.039522
3 0.510653 0.404807 0.046686 0.060272
5 0.348437 0.344835 0.176438 0.250866
10 0.741541 0.036354 0.052497 0.072709
9 0.555116 0.333667 0.006669 0.010869
9 0.493146 0.322798 0.008337 0.016797
3 0.743805 0.406640 0.142551 0.091706
3 0.540387 0.401843 0.013895 0.048415
3 0.475592 0.390442 0.018916 0.027623
