10 0.946665 0.321775 0.027548 0.095924
10 0.918756 0.320038 0.024370 0.071655
10 0.930293 0.243002 0.033339 0.059269
10 0.911445 0.195828 0.060438 0.093582
10 0.911445 0.087516 0.040942 0.126508
9 0.479197 0.392803 0.008931 0.020120
9 0.612603 0.406549 0.010368 0.020645
9 0.653039 0.494289 0.005806 0.010322
9 0.603764 0.477799 0.005133 0.009385
9 0.565389 0.496500 0.003899 0.005898
9 0.324580 0.499478 0.005787 0.011151
3 0.555826 0.540739 0.009954 0.007373
3 0.535175 0.533894 0.021739 0.021062
10 0.652136 0.460373 0.010930 0.005898
10 0.645522 0.472008 0.013998 0.012120
10 0.346759 0.449387 0.017004 0.012534
2 0.341210 0.547073 0.018867 0.070724
7 0.337492 0.574298 0.037037 0.054463
3 0.568268 0.535578 0.012442 0.014746
10 0.317935 0.475192 0.012442 0.011060
