3 0.291506 0.434148 0.012317 0.020437
3 0.239637 0.466311 0.112222 0.147055
3 0.164936 0.448389 0.048220 0.037242
3 0.068428 0.565842 0.136856 0.292508
5 0.034421 0.356701 0.058548 0.039175
4 0.423905 0.344330 0.077706 0.096907
4 0.483695 0.385683 0.035350 0.060026
4 0.617590 0.310309 0.252835 0.404124
3 0.876224 0.460305 0.243557 0.500009
3 0.389691 0.536083 0.241237 0.327835
10 0.139776 0.245163 0.161169 0.105551
10 0.395100 0.199737 0.123718 0.134547
10 0.531939 0.203199 0.057688 0.065502
5 0.186276 0.378652 0.053922 0.039216
