9 0.517672 0.382896 0.004235 0.008469
9 0.385169 0.406559 0.005675 0.010088
10 0.716685 0.076394 0.040917 0.067475
3 0.476385 0.423830 0.008469 0.015056
3 0.521219 0.422889 0.024665 0.024466
1 0.524707 0.421406 0.007910 0.028125
3 0.526405 0.464293 0.014292 0.058342
3 0.570863 0.444609 0.092620 0.133594
3 0.581577 0.472734 0.076465 0.166406
3 0.729400 0.494380 0.287069 0.371552
3 0.499146 0.428064 0.022231 0.031053
3 0.466857 0.428064 0.016938 0.023525
3 0.438274 0.432769 0.017997 0.019761
3 0.404321 0.437455 0.019861 0.026482
3 0.350766 0.462045 0.053200 0.055486
2 0.292857 0.472306 0.013184 0.040699
2 0.153111 0.488802 0.026367 0.068646
8 0.154429 0.521953 0.026367 0.067969
8 0.292955 0.490418 0.015605 0.016394
7 0.080601 0.693899 0.160840 0.338749
3 0.876746 0.664673 0.245502 0.479972
1 0.927453 0.384843 0.062349 0.239062
1 0.980381 0.341715 0.038232 0.203444
2 0.083634 0.566677 0.147436 0.427652
10 0.115622 0.364945 0.026955 0.017655
10 0.169531 0.402776 0.021280 0.017655
1 0.180171 0.486005 0.015605 0.058008
3 0.420636 0.436824 0.014187 0.017655
3 0.416308 0.425712 0.011116 0.007528
3 0.506291 0.413949 0.012174 0.010351
