9 0.401222 0.405856 0.006352 0.017879
9 0.322195 0.429476 0.005822 0.018820
9 0.151641 0.387680 0.012880 0.026422
9 0.284349 0.388636 0.007410 0.024466
9 0.498043 0.466888 0.012255 0.015251
9 0.025726 0.474105 0.014174 0.014869
10 0.033573 0.436557 0.008775 0.019051
10 0.466063 0.460435 0.012174 0.008469
1 0.674522 0.529637 0.019775 0.084742
1 0.920370 0.561587 0.039602 0.209012
3 0.247508 0.499581 0.013762 0.015997
3 0.261800 0.516048 0.016938 0.035758
3 0.306845 0.504850 0.014292 0.017879
3 0.280591 0.516519 0.032288 0.038581
3 0.311609 0.513790 0.019585 0.026348
3 0.468199 0.524623 0.036914 0.061003
3 0.498292 0.538217 0.053193 0.072940
3 0.423347 0.505415 0.013762 0.021643
3 0.411173 0.504004 0.008469 0.011292
3 0.381214 0.496758 0.010586 0.019761
3 0.343632 0.504756 0.011645 0.016938
3 0.397623 0.495440 0.011645 0.024278
3 0.429435 0.511532 0.015350 0.022584
3 0.570330 0.553593 0.122524 0.150000
3 0.169213 0.545390 0.179861 0.213281
3 0.355807 0.502729 0.007410 0.009120
3 0.367958 0.502729 0.006306 0.009120
9 0.472308 0.475058 0.007353 0.011983
3 0.361894 0.499581 0.005822 0.008469
3 0.301022 0.505791 0.010057 0.017879
