9 0.544678 0.434705 0.021795 0.018353
9 0.234662 0.392560 0.022942 0.034668
9 0.350519 0.437424 0.013765 0.018353
8 0.382828 0.431714 0.013765 0.022432
8 0.326047 0.395008 0.010324 0.018353
8 0.268501 0.411205 0.010324 0.022432
8 0.256457 0.427519 0.009177 0.018353
2 0.291060 0.450068 0.022942 0.022432
2 0.310561 0.459245 0.018353 0.020393
2 0.264677 0.458225 0.020648 0.018353
2 0.424123 0.479637 0.055060 0.069335
2 0.355871 0.464343 0.040148 0.026511
2 0.342106 0.493912 0.072267 0.065257
2 0.241162 0.458225 0.021795 0.022432
2 0.209043 0.456186 0.040148 0.038746
2 0.171763 0.463323 0.034413 0.044864
2 0.134482 0.458225 0.035560 0.038746
2 0.089172 0.463323 0.018353 0.024471
2 0.056480 0.456186 0.049325 0.042825
9 0.535483 0.396820 0.032119 0.025512
9 0.461496 0.432008 0.010324 0.016314
