2 0.482021 0.518577 0.024229 0.054408
2 0.226665 0.526511 0.038256 0.065743
2 0.058109 0.539206 0.116042 0.121285
2 0.301626 0.564483 0.183539 0.194962
2 0.452328 0.514528 0.035705 0.069144
2 0.529818 0.547157 0.074644 0.111731
9 0.299882 0.286020 0.019128 0.031738
9 0.656828 0.379534 0.031242 0.055542
9 0.613472 0.442065 0.014665 0.024937
9 0.850763 0.243703 0.021678 0.052141
9 0.597532 0.462657 0.009564 0.023804
9 0.300732 0.456423 0.026779 0.022670
9 0.612941 0.462091 0.012752 0.015869
8 0.298182 0.350252 0.019128 0.086146
9 0.237929 0.456234 0.012114 0.012469
9 0.419115 0.467682 0.010202 0.018136
1 0.559671 0.511776 0.009564 0.032872
9 0.387454 0.460166 0.018490 0.032872
2 0.462301 0.460687 0.007014 0.015869
2 0.375756 0.506675 0.040806 0.061209
2 0.406360 0.501574 0.028054 0.051008
9 0.851720 0.469478 0.022316 0.023804
0 0.604599 0.517160 0.010520 0.042506
0 0.594079 0.522261 0.008608 0.025504
