8 0.380492 0.579338 0.007041 0.021457
8 0.418712 0.597219 0.005029 0.017881
8 0.454921 0.588278 0.005029 0.017881
8 0.474534 0.591854 0.004023 0.017881
8 0.484089 0.592748 0.007041 0.016093
8 0.435811 0.607947 0.007041 0.014305
2 0.377475 0.632980 0.027156 0.028609
2 0.347804 0.631192 0.010058 0.017881
2 0.336740 0.631192 0.012070 0.021457
2 0.319139 0.635662 0.023133 0.030397
2 0.456430 0.617781 0.014081 0.016093
2 0.484592 0.633874 0.016093 0.026821
2 0.510743 0.624040 0.030174 0.032185
2 0.640993 0.634768 0.073423 0.089404
2 0.698826 0.646391 0.100579 0.091192
