9 0.227968 0.226936 0.064276 0.104474
9 0.228886 0.323248 0.042239 0.081620
9 0.227050 0.396707 0.038566 0.065296
9 0.275716 0.406501 0.034893 0.058767
9 0.428142 0.379566 0.018365 0.031016
9 0.429060 0.419560 0.016528 0.029383
9 0.582864 0.460370 0.013773 0.035913
8 0.522260 0.435068 0.010101 0.031016
8 0.505273 0.433436 0.012855 0.031016
8 0.461198 0.433436 0.011019 0.034281
8 0.397840 0.441598 0.011019 0.034281
2 0.151296 0.479143 0.050503 0.040810
3 0.117322 0.452208 0.072540 0.101209
9 0.440997 0.461187 0.014692 0.034281
8 0.938677 0.315903 0.025710 0.053869
8 0.975487 0.314576 0.024357 0.058585
