2 0.659092 0.384593 0.016398 0.029153
2 0.678644 0.409821 0.037843 0.053821
2 0.646477 0.380668 0.011353 0.017940
2 0.621249 0.372820 0.051718 0.024668
2 0.570792 0.381790 0.018921 0.020183
2 0.555655 0.393002 0.016398 0.020183
2 0.547456 0.400851 0.017660 0.031395
2 0.563224 0.415427 0.023967 0.047093
2 0.519074 0.421034 0.064332 0.089701
2 0.482178 0.414306 0.018921 0.026910
2 0.331753 0.452429 0.063071 0.071761
2 0.227055 0.475976 0.137495 0.123339
2 0.127133 0.606763 0.254266 0.385714
2 0.941695 0.597632 0.108392 0.509053
2 0.614311 0.470930 0.133710 0.181644
2 0.423837 0.456353 0.138756 0.170432
8 0.459423 0.311711 0.007093 0.026910
8 0.630258 0.307226 0.006957 0.022425
2 0.941318 0.042608 0.056764 0.085216
8 0.622099 0.306818 0.009361 0.022881
8 0.467650 0.310979 0.009361 0.027042
