2 0.056524 0.537782 0.108371 0.202361
2 0.882169 0.572433 0.233114 0.318788
2 0.537176 0.602233 0.265079 0.389476
2 0.262741 0.525308 0.124743 0.144148
2 0.396060 0.474717 0.024949 0.037423
2 0.138777 0.538475 0.076405 0.106725
2 0.131760 0.492043 0.063931 0.060986
2 0.205437 0.512140 0.066270 0.087320
2 0.176980 0.473331 0.042101 0.012474
2 0.138387 0.470559 0.017932 0.015246
2 0.314587 0.480262 0.014813 0.026335
2 0.329790 0.485113 0.021830 0.052669
2 0.410483 0.464322 0.008576 0.024949
2 0.417500 0.466401 0.007017 0.018018
2 0.436601 0.463629 0.010915 0.031879
9 0.324722 0.405416 0.013254 0.009702
9 0.253775 0.381853 0.016373 0.031879
9 0.513786 0.329877 0.051457 0.060986
8 0.315367 0.438681 0.010135 0.018018
8 0.351620 0.437988 0.007796 0.016632
8 0.358247 0.438681 0.003898 0.018018
8 0.410094 0.385318 0.004678 0.016632
8 0.414771 0.383239 0.006237 0.012474
9 0.358247 0.410960 0.011695 0.015246
2 0.530939 0.403337 0.120065 0.041581
9 0.425297 0.401951 0.024169 0.019405
3 0.241300 0.443532 0.094337 0.047125
