2 0.048962 0.695285 0.032187 0.031790
2 0.085321 0.689986 0.021458 0.021193
2 0.150291 0.690289 0.046492 0.042386
2 0.240892 0.675151 0.013113 0.016954
2 0.259369 0.673032 0.021458 0.016954
2 0.302285 0.678330 0.009537 0.010597
2 0.503156 0.651839 0.027419 0.038148
2 0.290960 0.677270 0.008345 0.021193
2 0.315995 0.675151 0.015497 0.016954
9 0.321955 0.402517 0.044108 0.027551
9 0.307650 0.458679 0.087024 0.089011
9 0.309438 0.523318 0.090600 0.027551
9 0.388713 0.555107 0.022650 0.057221
9 0.434014 0.616870 0.010729 0.023312
9 0.411363 0.645481 0.032187 0.042386
9 0.337453 0.651839 0.015497 0.012716
9 0.293344 0.664555 0.032187 0.021193
