0 0.543455 0.563222 0.022421 0.072786
0 0.562464 0.565822 0.019496 0.071053
2 0.076522 0.616945 0.153045 0.187163
2 0.255400 0.581419 0.093582 0.088383
2 0.323149 0.577086 0.038018 0.065854
2 0.351906 0.570154 0.021446 0.058922
2 0.369452 0.571887 0.013647 0.041592
2 0.383587 0.562356 0.022421 0.046791
2 0.401133 0.563222 0.016572 0.031194
2 0.416243 0.559756 0.013647 0.024262
2 0.430378 0.555424 0.014622 0.022529
2 0.442563 0.554557 0.007798 0.020796
2 0.788132 0.615212 0.244677 0.246085
2 0.637524 0.568421 0.101380 0.131707
2 0.582448 0.564089 0.032169 0.064121
2 0.524447 0.557157 0.011698 0.032927
2 0.516648 0.546759 0.007798 0.036393
2 0.448899 0.540693 0.010723 0.020796
2 0.458160 0.535494 0.007798 0.020796
2 0.465958 0.528562 0.007798 0.020796
2 0.512749 0.525096 0.013647 0.017330
2 0.493740 0.529429 0.012673 0.022529
