8 0.512551 0.231075 0.018080 0.075000
8 0.492331 0.376786 0.018080 0.041327
8 0.514286 0.380612 0.006888 0.030612
8 0.910992 0.414643 0.009471 0.013776
4 0.934583 0.477551 0.025829 0.047449
2 0.861257 0.483674 0.025829 0.039796
2 0.848342 0.491327 0.020663 0.036735
2 0.831553 0.492092 0.026690 0.044388
2 0.809599 0.495153 0.036161 0.050510
2 0.775160 0.495153 0.041327 0.056633
2 0.742873 0.499745 0.045631 0.062755
2 0.701116 0.508163 0.075765 0.070408
2 0.952663 0.488266 0.030995 0.050510
2 0.989972 0.483674 0.018080 0.045918
2 0.027551 0.570919 0.054241 0.217347
9 0.150526 0.423725 0.021524 0.038265
