2 0.432058 0.620582 0.105932 0.146924
2 0.708789 0.635854 0.240429 0.272962
2 0.037452 0.644314 0.074904 0.200510
2 0.092124 0.619824 0.139477 0.157653
2 0.171333 0.623650 0.032717 0.058163
2 0.231170 0.646610 0.124841 0.140816
3 0.292730 0.584620 0.056824 0.090306
2 0.331043 0.593803 0.028412 0.044388
2 0.353428 0.594569 0.026690 0.024490
2 0.380549 0.586916 0.020663 0.024490
2 0.469659 0.582324 0.035300 0.070408
2 0.532940 0.607579 0.053380 0.102551
2 0.568671 0.630538 0.093846 0.148469
2 0.858817 0.575436 0.114509 0.084184
2 0.910476 0.546354 0.043909 0.041327
2 0.945775 0.570079 0.100733 0.091837
9 0.925542 0.489722 0.018941 0.038265
9 0.915641 0.492018 0.016358 0.033673
8 0.380118 0.449926 0.011193 0.041327
8 0.442108 0.448395 0.011193 0.032143
8 0.476547 0.427732 0.011193 0.036735
8 0.472242 0.437681 0.011193 0.038265
9 0.220408 0.515742 0.017219 0.010714
9 0.229018 0.528752 0.020663 0.012245
