8 0.168692 0.426559 0.011188 0.044751
8 0.047024 0.471310 0.013985 0.024862
8 0.391050 0.489957 0.016782 0.062155
9 0.296653 0.499546 0.012586 0.032320
9 0.307141 0.531867 0.011188 0.017403
9 0.281969 0.530623 0.011188 0.029834
2 0.116249 0.569159 0.020977 0.032320
2 0.105061 0.557972 0.018180 0.014917
2 0.087580 0.576618 0.041954 0.042265
2 0.057512 0.571646 0.026571 0.037293
2 0.039332 0.575375 0.020977 0.024862
2 0.024648 0.548027 0.025173 0.029834
2 0.017219 0.569159 0.034438 0.027348
2 0.196661 0.551756 0.011188 0.022376
2 0.218338 0.557972 0.009789 0.024862
2 0.231623 0.560458 0.016782 0.024862
2 0.241413 0.567916 0.013985 0.024862
2 0.252601 0.569159 0.019579 0.032320
2 0.264488 0.576618 0.018180 0.027348
2 0.292457 0.592778 0.026571 0.059669
2 0.324622 0.597751 0.068526 0.089503
2 0.414824 0.589049 0.086706 0.062155
0 0.991770 0.584254 0.012586 0.164088
