2 0.499877 0.362388 0.010926 0.014568
2 0.506706 0.366030 0.010926 0.016996
2 0.464366 0.370772 0.010926 0.011911
2 0.450026 0.369672 0.012292 0.014568
2 0.433636 0.372100 0.012292 0.014568
2 0.412467 0.373314 0.019121 0.016996
2 0.392663 0.373314 0.020487 0.016996
2 0.354421 0.376956 0.017755 0.024281
2 0.334617 0.383026 0.027316 0.031565
2 0.301838 0.389097 0.024584 0.038849
2 0.241744 0.383026 0.021853 0.041277
2 0.210331 0.383026 0.051900 0.046133
2 0.269742 0.392739 0.047802 0.050989
2 0.197356 0.409735 0.058729 0.050989
2 0.374225 0.375742 0.027316 0.036421
2 0.480073 0.368344 0.012292 0.016768
2 0.519681 0.364816 0.017755 0.029137
9 0.573288 0.305935 0.012292 0.014568
2 0.795910 0.460117 0.299107 0.269515
9 0.725572 0.188175 0.021853 0.041277
9 0.724207 0.229452 0.021853 0.036421
