2 0.012718 0.563919 0.017639 0.030097
2 0.049215 0.554019 0.064711 0.077618
2 0.700052 0.575502 0.074846 0.059600
2 0.834318 0.568572 0.058473 0.054055
2 0.875639 0.568572 0.028847 0.034651
2 0.897859 0.571344 0.014034 0.029107
2 0.526358 0.568572 0.028847 0.029107
2 0.417987 0.565107 0.008576 0.027721
2 0.410581 0.562335 0.007796 0.033265
2 0.395768 0.554712 0.020271 0.023563
2 0.397327 0.569265 0.026508 0.038809
2 0.466715 0.621934 0.123184 0.185729
8 0.245296 0.174542 0.032745 0.065144
8 0.261279 0.264634 0.044440 0.103953
8 0.224246 0.279187 0.042101 0.094250
8 0.685016 0.411752 0.009356 0.037423
8 0.731015 0.350073 0.015593 0.055441
8 0.694372 0.494221 0.010915 0.041581
8 0.842894 0.454026 0.013254 0.033265
