9 0.178048 0.303041 0.050625 0.103500
9 0.707010 0.396300 0.010125 0.012000
9 0.698994 0.414300 0.037969 0.027000
9 0.733166 0.438300 0.006750 0.021000
9 0.629807 0.446550 0.009281 0.019500
9 0.642885 0.456300 0.016875 0.018000
2 0.683722 0.490050 0.016875 0.019500
2 0.668957 0.496050 0.017719 0.031500
2 0.425535 0.476550 0.038812 0.028500
2 0.322175 0.477300 0.044719 0.036000
2 0.250879 0.476550 0.062437 0.043500
3 0.664312 0.469141 0.020250 0.022500
2 0.647906 0.494641 0.035437 0.058500
2 0.555516 0.490141 0.093656 0.175500
2 0.480844 0.502891 0.055687 0.078000
