2 0.423849 0.368099 0.011959 0.017008
2 0.412232 0.366884 0.013667 0.023690
2 0.404203 0.367795 0.014350 0.029764
2 0.388315 0.370073 0.026992 0.034319
2 0.506376 0.392852 0.129129 0.197717
8 0.445973 0.145022 0.013155 0.057402
2 0.438200 0.368403 0.009567 0.021260
8 0.468096 0.143959 0.009567 0.046772
8 0.246861 0.092177 0.011959 0.065906
8 0.270778 0.092177 0.019134 0.065906
8 0.257624 0.095669 0.009567 0.063780
8 0.455540 0.140315 0.010763 0.051024
8 0.710259 0.237047 0.022721 0.036142
8 0.683352 0.243425 0.014350 0.027638
8 0.014265 0.235984 0.025113 0.038268
8 0.246861 0.297638 0.016742 0.029764
8 0.616469 0.280630 0.017938 0.031890
9 0.842089 0.247323 0.020330 0.042520
8 0.045044 0.237047 0.011959 0.048898
2 0.864213 0.328465 0.035876 0.053150
2 0.825945 0.342284 0.040659 0.029764
