2 0.390762 0.584598 0.022148 0.046875
2 0.366504 0.593973 0.045352 0.084375
2 0.290566 0.607098 0.146602 0.185625
2 0.131309 0.672723 0.262617 0.553125
2 0.448242 0.596786 0.063281 0.105000
2 0.639442 0.591161 0.092812 0.105000
2 0.524632 0.580312 0.021094 0.028125
9 0.296894 0.469553 0.026367 0.056250
8 0.433476 0.539866 0.006328 0.016875
8 0.498340 0.543616 0.009492 0.016875
8 0.630176 0.479866 0.011602 0.024375
8 0.423457 0.501428 0.011602 0.022500
8 0.480937 0.482678 0.010547 0.018750
8 0.509414 0.470893 0.008437 0.022500
9 0.571113 0.506250 0.014766 0.013125
9 0.558457 0.497812 0.008437 0.030000
2 0.509150 0.578351 0.013918 0.026804
8 0.419845 0.559794 0.009278 0.018557
8 0.413467 0.572165 0.008119 0.022680
9 0.604446 0.476632 0.012758 0.026804
