2 0.375043 0.394614 0.021444 0.042608
2 0.349815 0.394614 0.029013 0.042608
2 0.311341 0.401342 0.045411 0.042608
2 0.274129 0.405827 0.044150 0.060548
2 0.235025 0.412554 0.049195 0.074003
2 0.197183 0.413675 0.049195 0.103156
2 0.025630 0.394614 0.046673 0.051578
2 0.100988 0.456995 0.201975 0.186529
2 0.906731 0.594199 0.184167 0.455232
2 0.747642 0.436010 0.083555 0.116580
2 0.536505 0.403584 0.023967 0.042608
2 0.552903 0.412554 0.029013 0.047093
2 0.571194 0.417039 0.040365 0.069518
2 0.611559 0.430494 0.083254 0.105399
2 0.498662 0.441707 0.076947 0.105399
3 0.669483 0.403654 0.063071 0.112126
9 0.423755 0.313818 0.048527 0.062520
9 0.544547 0.300777 0.047215 0.041969
9 0.423755 0.362565 0.048527 0.030311
