3 0.228592 0.549358 0.256374 0.242619
2 0.371402 0.593550 0.056539 0.060655
3 0.384562 0.556290 0.045816 0.090116
2 0.409419 0.574487 0.019496 0.032927
2 0.424041 0.583152 0.009748 0.022529
9 0.733056 0.477439 0.027295 0.043325
4 0.778343 0.593762 0.166774 0.230913
2 0.628264 0.595283 0.045816 0.053723
3 0.604868 0.551958 0.061413 0.116110
3 0.564414 0.560623 0.021446 0.081451
3 0.551254 0.564955 0.010723 0.055456
2 0.511287 0.571887 0.016572 0.020796
2 0.440126 0.577953 0.014622 0.019063
2 0.451823 0.575353 0.010723 0.020796
2 0.491791 0.572754 0.012673 0.015597
2 0.529321 0.575353 0.011698 0.013864
