3 0.140219 0.442027 0.280439 0.484669
4 0.306150 0.478280 0.063245 0.066861
3 0.469405 0.446187 0.015211 0.027042
2 0.277514 0.497150 0.026912 0.066564
2 0.535453 0.466691 0.037442 0.056163
2 0.519072 0.461491 0.018721 0.054083
2 0.507957 0.460450 0.012871 0.031202
2 0.501521 0.457330 0.011701 0.020801
2 0.498011 0.457330 0.009361 0.024961
2 0.483970 0.456290 0.009361 0.022881
2 0.462324 0.461491 0.010531 0.020801
2 0.400310 0.471891 0.010531 0.020801
2 0.407916 0.466691 0.007020 0.027042
2 0.389195 0.477091 0.009361 0.014561
2 0.426637 0.458370 0.011701 0.010401
2 0.579916 0.472931 0.063184 0.093606
2 0.474610 0.475011 0.023401 0.027042
8 0.372375 0.411865 0.004680 0.018721
8 0.377055 0.416025 0.007020 0.022881
8 0.471831 0.401464 0.004680 0.018721
8 0.477096 0.402504 0.005850 0.020801
9 0.641345 0.272348 0.017551 0.018721
9 0.643100 0.291069 0.014041 0.014561
9 0.730270 0.234906 0.026912 0.018721
9 0.719739 0.212024 0.015211 0.027042
8 0.370534 0.416372 0.007020 0.027042
