2 0.526812 0.595534 0.008608 0.011902
2 0.509279 0.630632 0.007332 0.012469
2 0.540840 0.646501 0.011796 0.038539
2 0.547375 0.650751 0.014027 0.047040
2 0.547056 0.645934 0.013389 0.041940
2 0.571763 0.638283 0.039212 0.083312
2 0.572560 0.654719 0.035068 0.088980
2 0.577501 0.665487 0.034749 0.099181
2 0.625457 0.670385 0.104247 0.191562
2 0.672047 0.714997 0.148878 0.276250
2 0.514379 0.592443 0.016259 0.017003
2 0.481862 0.646757 0.025823 0.035705
2 0.520755 0.630888 0.014983 0.016436
2 0.432236 0.661209 0.062803 0.080479
2 0.341538 0.654975 0.077787 0.099748
2 0.190109 0.674056 0.147922 0.119018
9 0.737537 0.473237 0.059296 0.097481
9 0.684139 0.366971 0.069179 0.098048
9 0.685892 0.249087 0.068223 0.122985
