2 0.053750 0.579398 0.107171 0.206354
2 0.170178 0.574225 0.115204 0.174748
2 0.264957 0.571903 0.065590 0.097821
2 0.740257 0.601448 0.190417 0.216439
2 0.409151 0.532559 0.031093 0.053150
2 0.578496 0.548565 0.022983 0.069335
2 0.611209 0.556722 0.037854 0.097885
2 0.646769 0.578134 0.072267 0.148867
2 0.432717 0.522862 0.018432 0.034276
2 0.525627 0.510838 0.013517 0.034668
2 0.546972 0.512878 0.024089 0.038746
2 0.450873 0.515073 0.017880 0.033657
2 0.471908 0.512269 0.015776 0.028047
8 0.220897 0.448484 0.013765 0.023037
9 0.219177 0.376392 0.021795 0.012236
9 0.231221 0.397513 0.032119 0.018353
9 0.328724 0.324099 0.020648 0.030589
9 0.346422 0.460536 0.016059 0.010196
2 0.562457 0.528172 0.025236 0.048943
9 0.345848 0.330872 0.010324 0.022432
