2 0.933816 0.715543 0.131230 0.347102
2 0.106425 0.551950 0.212849 0.301581
2 0.269262 0.479400 0.066415 0.079663
2 0.345680 0.496470 0.068816 0.099579
2 0.406494 0.472998 0.036808 0.058325
2 0.461707 0.456639 0.022405 0.028451
2 0.646949 0.517808 0.160837 0.150790
2 0.568131 0.501449 0.075217 0.109536
2 0.384489 0.460195 0.015204 0.029874
2 0.424898 0.456639 0.014403 0.036986
2 0.446103 0.455216 0.008802 0.025606
9 0.178441 0.345680 0.020805 0.042677
8 0.166839 0.390490 0.008802 0.024183
8 0.045611 0.364884 0.012803 0.041254
8 0.227653 0.364884 0.007202 0.032719
8 0.268462 0.406138 0.008802 0.027028
8 0.325675 0.358483 0.006401 0.034141
8 0.305270 0.434589 0.007202 0.021338
8 0.426098 0.349236 0.007202 0.035564
8 0.499315 0.370574 0.006401 0.027028
8 0.392491 0.411828 0.005601 0.021338
8 0.428099 0.416096 0.006401 0.018493
9 0.500916 0.403293 0.012803 0.012803
9 0.504917 0.387645 0.012803 0.007113
9 0.458906 0.422498 0.007202 0.008535
9 0.464907 0.418941 0.009602 0.012803
9 0.774979 0.179953 0.029607 0.081085
8 0.159827 0.427592 0.010915 0.023563
8 0.371111 0.431750 0.006237 0.015246
