2 0.166267 0.460630 0.330350 0.675763
2 0.350523 0.427488 0.155757 0.226455
2 0.428401 0.417156 0.046335 0.137288
2 0.457146 0.405715 0.023167 0.111356
2 0.476881 0.399613 0.016303 0.038136
2 0.572983 0.415630 0.050625 0.079322
8 0.496187 0.266901 0.003432 0.016780
8 0.569980 0.295122 0.006864 0.015254
9 0.620176 0.378257 0.004290 0.016780
9 0.877591 0.331732 0.033464 0.067119
9 0.664365 0.330207 0.012013 0.015254
2 0.497316 0.387102 0.015024 0.019424
2 0.527363 0.390744 0.015024 0.026709
2 0.538289 0.395600 0.015024 0.046133
9 0.665990 0.286338 0.013658 0.036421
8 0.562191 0.297264 0.005463 0.024281
8 0.489121 0.266913 0.009560 0.021853
2 0.513705 0.389530 0.012292 0.024281
