8 0.474790 0.480468 0.036914 0.065625
8 0.446446 0.472265 0.022412 0.077344
8 0.252647 0.394922 0.014502 0.063281
8 0.267808 0.399609 0.013184 0.053906
8 0.238804 0.398437 0.013184 0.056250
0 0.868320 0.693750 0.056689 0.271875
2 0.863047 0.712500 0.064600 0.103125
2 0.733189 0.703125 0.118652 0.140625
0 0.656065 0.652734 0.040869 0.096094
0 0.573008 0.700781 0.035596 0.248437
0 0.485337 0.696093 0.015820 0.060937
0 0.467539 0.699609 0.019775 0.067969
0 0.465562 0.660937 0.013184 0.037500
2 0.238054 0.700781 0.476109 0.595312
0 0.520274 0.718828 0.014502 0.128906
