8 0.466221 0.305156 0.009229 0.028125
8 0.410850 0.300469 0.006592 0.028125
8 0.130699 0.311015 0.007910 0.030469
9 0.338999 0.341484 0.013184 0.021094
9 0.387779 0.312187 0.010547 0.018750
9 0.565098 0.326250 0.017139 0.023437
9 0.486656 0.311015 0.010547 0.025781
9 0.480723 0.383672 0.017139 0.025781
9 0.323179 0.354375 0.013184 0.023437
2 0.158384 0.418828 0.052734 0.021094
2 0.337022 0.415312 0.059326 0.079687
2 0.444468 0.381328 0.015820 0.021094
2 0.743076 0.434062 0.127881 0.131250
2 0.417442 0.395390 0.048779 0.072656
2 0.878867 0.450468 0.206982 0.178125
2 0.252647 0.458672 0.133154 0.166406
