2 0.044247 0.387461 0.026309 0.029764
2 0.016144 0.381083 0.032288 0.046772
0 0.095669 0.400217 0.019134 0.059528
9 0.894508 0.080256 0.045443 0.087165
9 0.494790 0.320492 0.013155 0.061654
8 0.475656 0.296043 0.010763 0.017008
2 0.141710 0.381083 0.020330 0.017008
2 0.169813 0.387461 0.023917 0.034016
2 0.182968 0.385335 0.021526 0.017008
2 0.212266 0.385335 0.034680 0.025512
2 0.242761 0.385335 0.021526 0.038268
2 0.270266 0.385335 0.035876 0.042520
2 0.311523 0.388524 0.065773 0.048898
2 0.406595 0.404469 0.088494 0.085039
2 0.706640 0.435312 0.312187 0.234375
