2 0.029627 0.331956 0.057694 0.081776
2 0.102134 0.326412 0.084202 0.065144
2 0.147353 0.324333 0.048338 0.063758
2 0.270927 0.331263 0.045999 0.044353
2 0.333298 0.345123 0.127082 0.074846
2 0.383196 0.346509 0.074066 0.077618
2 0.455157 0.340965 0.070168 0.080390
2 0.526884 0.351360 0.076405 0.056827
2 0.591985 0.352746 0.058473 0.045739
2 0.622781 0.351360 0.024949 0.037423
2 0.649679 0.349281 0.031965 0.036037
2 0.664492 0.350667 0.019491 0.030493
2 0.792744 0.369379 0.024949 0.054055
2 0.805218 0.375616 0.024949 0.060986
2 0.827828 0.382546 0.059253 0.083162
2 0.867200 0.388090 0.069388 0.091478
2 0.913199 0.401951 0.097456 0.121971
2 0.955689 0.423434 0.087320 0.176027
2 0.994282 0.480400 0.010135 0.113655
9 0.891369 0.253645 0.017932 0.024949
9 0.889809 0.286910 0.035084 0.044353
9 0.970113 0.270970 0.019491 0.029107
2 0.674783 0.353439 0.013254 0.027721
2 0.743955 0.355331 0.027223 0.028019
