2 0.099162 0.447423 0.110180 0.072165
2 0.342719 0.441237 0.022036 0.022680
2 0.478415 0.422680 0.019716 0.022680
2 0.462758 0.430928 0.011598 0.018557
2 0.442461 0.432990 0.026675 0.026804
2 0.423905 0.438144 0.015077 0.024742
2 0.410567 0.442268 0.018557 0.028866
2 0.524807 0.442268 0.019716 0.024742
2 0.544523 0.441237 0.017397 0.018557
2 0.541044 0.457732 0.022036 0.014433
2 0.570619 0.459794 0.041753 0.059794
2 0.633248 0.470103 0.044072 0.047423
2 0.491753 0.459794 0.048711 0.063918
9 0.531766 0.419588 0.010438 0.016495
9 0.555541 0.419588 0.018557 0.016495
9 0.306766 0.280412 0.012758 0.018557
9 0.890722 0.350516 0.119459 0.179381
2 0.795619 0.511340 0.131057 0.138144
9 0.584536 0.406186 0.018557 0.055670
9 0.650644 0.420619 0.037113 0.063918
