2 0.403608 0.507560 0.018557 0.018557
2 0.403608 0.533333 0.025515 0.037113
3 0.378093 0.503093 0.032474 0.032990
2 0.376353 0.545705 0.042912 0.049485
2 0.309665 0.556014 0.090464 0.119588
2 0.114820 0.587973 0.088144 0.138144
2 0.049871 0.626117 0.099742 0.177320
2 0.183247 0.602406 0.160052 0.195876
2 0.472036 0.518900 0.016237 0.028866
2 0.481315 0.521993 0.011598 0.030928
2 0.498132 0.523024 0.022036 0.041237
2 0.509150 0.529210 0.016237 0.037113
2 0.535825 0.527148 0.048711 0.070103
2 0.555541 0.546735 0.067268 0.072165
2 0.448260 0.531272 0.045232 0.061856
2 0.840851 0.514777 0.113660 0.094845
2 0.716753 0.541581 0.204124 0.263918
0 0.975387 0.572509 0.046392 0.441237
0 0.935374 0.617870 0.098582 0.556701
8 0.448840 0.033333 0.025515 0.063918
8 0.597874 0.352577 0.022036 0.045361
8 0.616431 0.439519 0.010438 0.026804
8 0.628608 0.437113 0.011598 0.032990
9 0.599614 0.274914 0.025515 0.065979
9 0.771843 0.407904 0.017397 0.043299
9 0.771263 0.368729 0.016237 0.039175
