8 0.431297 0.337698 0.006237 0.029107
8 0.619971 0.337005 0.009356 0.036037
8 0.165382 0.384130 0.019491 0.030493
8 0.612231 0.337698 0.007017 0.037423
8 0.846904 0.310670 0.013254 0.052669
8 0.290288 0.423203 0.010915 0.022177
8 0.717794 0.437757 0.010915 0.018018
8 0.510148 0.416966 0.007796 0.012474
8 0.448166 0.414887 0.007017 0.011088
9 0.169885 0.346232 0.019491 0.027721
9 0.188206 0.329599 0.032745 0.022177
9 0.302814 0.390585 0.020271 0.013860
9 0.715091 0.385041 0.015593 0.011088
9 0.707684 0.394743 0.019491 0.013860
9 0.704955 0.409297 0.007796 0.012474
9 0.847241 0.353162 0.017932 0.013860
0 0.846851 0.393357 0.012474 0.060986
0 0.307882 0.470975 0.010135 0.047125
0 0.763351 0.477212 0.011695 0.018018
0 0.772707 0.488301 0.007017 0.026335
0 0.789469 0.495924 0.006237 0.060986
0 0.785571 0.492459 0.007796 0.056827
0 0.780113 0.491766 0.007796 0.052669
0 0.899321 0.513942 0.008576 0.052669
0 0.882949 0.498003 0.007017 0.029107
0 0.877491 0.497310 0.005458 0.030493
0 0.872033 0.498003 0.007017 0.034651
0 0.250851 0.469866 0.014813 0.056827
0 0.232139 0.466401 0.011695 0.047125
0 0.292952 0.474024 0.017932 0.056827
0 0.278918 0.477490 0.013254 0.063758
0 0.324917 0.461550 0.010135 0.040195
0 0.338561 0.465708 0.010915 0.045739
0 0.345968 0.489271 0.011695 0.051283
0 0.933041 0.538475 0.023389 0.097023
2 0.500337 0.461550 0.010915 0.026335
2 0.635216 0.474024 0.053016 0.018018
2 0.566997 0.504517 0.047558 0.067916
2 0.526845 0.474024 0.037423 0.065144
2 0.047753 0.486499 0.095117 0.076232
2 0.023974 0.589758 0.047558 0.199589
3 0.386119 0.464322 0.062372 0.103953
2 0.473830 0.497587 0.064711 0.106725
2 0.621572 0.541247 0.106811 0.124743
