8 0.424693 0.342656 0.010547 0.056250
8 0.416123 0.483281 0.006592 0.018750
8 0.326475 0.479765 0.009229 0.021094
8 0.744395 0.439922 0.022412 0.044531
8 0.414146 0.341484 0.007910 0.044531
9 0.588169 0.452812 0.023730 0.037500
9 0.271763 0.480937 0.013184 0.014062
0 0.967856 0.602812 0.042187 0.140625
0 0.932920 0.602812 0.032959 0.178125
2 0.348706 0.537500 0.011865 0.009375
2 0.334863 0.544531 0.010547 0.018750
2 0.325635 0.545703 0.010547 0.021094
2 0.439673 0.550390 0.009229 0.025781
2 0.445605 0.550390 0.013184 0.035156
2 0.450879 0.550390 0.015820 0.035156
2 0.458130 0.553906 0.014502 0.042187
2 0.471313 0.557421 0.025049 0.044531
2 0.478564 0.564453 0.026367 0.044531
2 0.491089 0.573828 0.022412 0.058594
2 0.229394 0.559765 0.026367 0.039844
2 0.203686 0.559765 0.032959 0.049219
2 0.173364 0.569140 0.032959 0.049219
2 0.143701 0.576562 0.042187 0.060937
2 0.514160 0.580781 0.047461 0.065625
2 0.560962 0.606562 0.085693 0.117187
2 0.311314 0.544218 0.021094 0.028125
2 0.344932 0.550078 0.022412 0.016406
2 0.366026 0.547734 0.014502 0.021094
2 0.384483 0.551250 0.017139 0.032812
2 0.406236 0.551250 0.018457 0.032812
4 0.392393 0.539531 0.011865 0.018750
2 0.083238 0.581718 0.081738 0.089062
3 0.747691 0.641484 0.324316 0.339844
2 0.016570 0.619218 0.033140 0.103125
2 0.892710 0.820781 0.213574 0.356250
0 0.263853 0.551250 0.010547 0.042187
