9 0.490816 0.579686 0.010723 0.019063
8 0.211046 0.610880 0.006824 0.022529
8 0.323636 0.546759 0.005849 0.025995
8 0.414293 0.538960 0.005849 0.020796
0 0.310476 0.665469 0.010723 0.048524
2 0.116490 0.757317 0.232979 0.322336
2 0.209584 0.694930 0.056539 0.065854
2 0.249063 0.694063 0.041917 0.050257
2 0.261736 0.678466 0.039967 0.043325
2 0.288543 0.675000 0.027295 0.043325
2 0.345569 0.678466 0.038018 0.060655
2 0.424529 0.717459 0.141347 0.207959
3 0.783746 0.499102 0.430865 0.998203
2 0.551254 0.673267 0.067262 0.147304
2 0.514699 0.669801 0.035093 0.112644
2 0.488379 0.665469 0.025345 0.083184
2 0.335334 0.643806 0.019496 0.019063
2 0.292442 0.639474 0.027295 0.017330
