2 0.110799 0.701536 0.219891 0.366637
2 0.847639 0.700322 0.303204 0.325360
2 0.248060 0.625052 0.158431 0.213669
2 0.375078 0.595915 0.095605 0.116547
2 0.706281 0.640834 0.135213 0.196673
2 0.643455 0.625052 0.080581 0.155396
2 0.429710 0.595915 0.032779 0.097122
2 0.448831 0.593487 0.019121 0.067986
2 0.457025 0.595915 0.019121 0.043705
2 0.461806 0.591059 0.020487 0.053417
2 0.469317 0.592273 0.019121 0.060701
2 0.482975 0.589845 0.016389 0.036421
2 0.497999 0.595915 0.013658 0.029137
2 0.596335 0.597129 0.043705 0.094694
2 0.575166 0.601985 0.020487 0.065558
2 0.563556 0.598343 0.024584 0.053417
2 0.552630 0.592273 0.019121 0.031565
2 0.521522 0.591817 0.023395 0.019063
