9 0.130137 0.381258 0.014622 0.010398
9 0.495202 0.389923 0.037043 0.013864
9 0.383099 0.415918 0.023395 0.010398
8 0.104792 0.447978 0.012673 0.015597
8 0.116002 0.447978 0.007798 0.022529
8 0.146709 0.460976 0.010723 0.013864
9 0.255400 0.441913 0.007798 0.031194
8 0.260761 0.417651 0.006824 0.020796
8 0.455235 0.386457 0.005849 0.024262
8 0.405520 0.411586 0.005849 0.015597
8 0.448899 0.388190 0.004874 0.027728
8 0.410882 0.408986 0.004874 0.020796
9 0.059463 0.405520 0.009748 0.020796
9 0.054102 0.427182 0.008773 0.015597
2 0.147196 0.546759 0.124775 0.129974
2 0.227130 0.542426 0.060438 0.083184
2 0.262711 0.528562 0.045816 0.058922
2 0.876352 0.751252 0.243702 0.490437
2 0.654096 0.563222 0.167667 0.211425
2 0.565876 0.525963 0.057514 0.084917
2 0.536632 0.520764 0.041917 0.084917
2 0.513236 0.517298 0.022421 0.050257
2 0.076035 0.524230 0.093582 0.071053
2 0.027782 0.513832 0.020471 0.050257
2 0.226643 0.495636 0.039967 0.024262
2 0.289031 0.506034 0.041917 0.031194
2 0.447924 0.507767 0.041917 0.058922
2 0.385537 0.497369 0.018521 0.031194
2 0.483992 0.494769 0.016572 0.022529
2 0.398209 0.492170 0.006824 0.027728
2 0.714534 0.490437 0.064337 0.058922
2 0.406982 0.486104 0.008773 0.019063
2 0.417705 0.483505 0.004874 0.017330
2 0.471807 0.486104 0.011698 0.022529
