2 0.387692 0.429628 0.067728 0.078446
0 0.295335 0.424155 0.026681 0.107635
3 0.062072 0.388581 0.123782 0.237162
3 0.199253 0.401624 0.113379 0.080815
8 0.022884 0.282770 0.019497 0.069324
8 0.969537 0.200676 0.024628 0.087568
8 0.969024 0.290980 0.025655 0.038311
9 0.510320 0.401351 0.023602 0.043784
9 0.527766 0.417770 0.013340 0.029189
2 0.433870 0.428716 0.028733 0.062027
2 0.460551 0.432365 0.032838 0.047432
2 0.483640 0.433277 0.017445 0.041959
3 0.357419 0.414122 0.066702 0.105811
2 0.566247 0.431453 0.008209 0.016419
8 0.572918 0.374899 0.007183 0.023716
2 0.540080 0.429628 0.009236 0.020068
2 0.509294 0.434189 0.009236 0.014595
2 0.605308 0.432656 0.010547 0.018750
2 0.612559 0.436172 0.014502 0.021094
2 0.623106 0.433828 0.011865 0.025781
2 0.629038 0.435000 0.007910 0.028125
2 0.636289 0.435000 0.011865 0.032812
2 0.587510 0.430312 0.011865 0.018750
