0 0.029251 0.865672 0.030971 0.118278
8 0.821777 0.599547 0.018353 0.065257
8 0.594480 0.690804 0.019501 0.020393
8 0.604804 0.695903 0.017206 0.030589
8 0.586738 0.631156 0.013192 0.045884
8 0.544295 0.522054 0.012044 0.058119
8 0.144247 0.677549 0.013765 0.061178
9 0.180667 0.761159 0.012618 0.030589
9 0.159446 0.702020 0.004588 0.016314
9 0.180093 0.672451 0.027530 0.046903
8 0.564656 0.575585 0.019501 0.044864
8 0.554906 0.699981 0.018353 0.044864
8 0.512463 0.737708 0.004588 0.026511
8 0.533685 0.760140 0.010324 0.018353
2 0.936572 0.771662 0.124517 0.122356
9 0.449201 0.742296 0.011471 0.004079
2 0.439336 0.807553 0.006883 0.016314
2 0.450348 0.804494 0.013765 0.026511
3 0.480173 0.765748 0.057355 0.136631
2 0.485564 0.809592 0.026383 0.057100
2 0.512521 0.803270 0.052766 0.083610
2 0.391158 0.811427 0.018353 0.018353
2 0.372231 0.816526 0.010324 0.020393
2 0.289297 0.829781 0.022942 0.071375
2 0.332313 0.823663 0.074561 0.099924
8 0.926001 0.654327 0.016318 0.017241
2 0.251563 0.833100 0.084141 0.108449
