2 0.910617 0.355525 0.146241 0.121468
9 0.987064 0.314879 0.023974 0.122534
9 0.977475 0.049034 0.039557 0.093765
0 0.747934 0.366155 0.028769 0.103354
0 0.814761 0.393858 0.025772 0.150237
0 0.503453 0.378788 0.012586 0.052210
0 0.490567 0.386247 0.010788 0.035162
2 0.413491 0.379002 0.014984 0.028769
2 0.416787 0.394984 0.017980 0.050079
2 0.436566 0.395517 0.035961 0.059669
2 0.299075 0.413418 0.043153 0.055406
2 0.465514 0.411286 0.060534 0.076717
2 0.145748 0.487648 0.278697 0.321784
3 0.364704 0.395304 0.091700 0.137451
9 0.159726 0.265312 0.019779 0.039424
9 0.164521 0.314858 0.018580 0.023441
9 0.162124 0.265845 0.043752 0.074586
9 0.271505 0.325513 0.016782 0.029834
9 0.319153 0.314325 0.010189 0.018114
9 0.320352 0.329775 0.010189 0.009590
9 0.239440 0.306867 0.013785 0.025572
9 0.749133 0.112716 0.069524 0.043686
9 0.505198 0.106323 0.074319 0.030900
9 0.573224 0.239511 0.034163 0.022376
8 0.156430 0.198185 0.011987 0.047948
8 0.320752 0.350020 0.004195 0.015983
8 0.437824 0.064641 0.017381 0.070324
8 0.452808 0.067660 0.015583 0.073520
8 0.798632 0.180604 0.046150 0.073520
8 0.595060 0.287155 0.023375 0.035162
8 0.251427 0.325513 0.005394 0.018114
9 0.242137 0.327111 0.005993 0.023441
