9 0.165772 0.168490 0.018721 0.070724
9 0.743787 0.212173 0.028082 0.049923
9 0.665392 0.252735 0.016381 0.027042
2 0.594018 0.258976 0.014041 0.014561
2 0.602793 0.266256 0.015211 0.016641
2 0.605719 0.273536 0.014041 0.022881
2 0.610984 0.281857 0.017551 0.027042
2 0.630875 0.292258 0.029252 0.035362
2 0.650766 0.313059 0.024571 0.052003
2 0.679433 0.308899 0.053823 0.089445
2 0.703419 0.320339 0.052653 0.116487
2 0.560086 0.261056 0.014041 0.018721
2 0.554820 0.269376 0.015211 0.014561
2 0.552480 0.279777 0.010531 0.031202
2 0.540195 0.279777 0.023401 0.031202
2 0.537854 0.288097 0.023401 0.035362
2 0.520888 0.297458 0.017551 0.054083
2 0.503337 0.300578 0.024571 0.089445
2 0.484616 0.302658 0.038612 0.106086
2 0.367609 0.280817 0.045633 0.062404
2 0.428453 0.310979 0.104136 0.139368
2 0.798780 0.327620 0.175511 0.226734
2 0.188588 0.366102 0.363892 0.341140
2 0.990087 0.487789 0.017551 0.122727
