8 0.312252 0.285124 0.019121 0.029137
8 0.440636 0.285124 0.019121 0.029137
8 0.658478 0.421095 0.025950 0.063130
8 0.452245 0.521859 0.012292 0.016996
8 0.474780 0.523073 0.010926 0.019424
8 0.506193 0.543712 0.008195 0.021853
8 0.390785 0.530358 0.006829 0.019424
8 0.408540 0.526715 0.006829 0.021853
8 0.963048 0.480582 0.017755 0.031565
8 0.983535 0.144296 0.031413 0.067986
2 0.491170 0.549782 0.016389 0.014568
2 0.477512 0.553424 0.010926 0.016996
2 0.465903 0.549782 0.012292 0.019424
2 0.452928 0.549782 0.016389 0.019424
2 0.438587 0.554638 0.012292 0.014568
2 0.422881 0.559494 0.019121 0.019424
2 0.394199 0.552210 0.040974 0.043705
2 0.653698 0.567992 0.073752 0.041277
9 0.135383 0.469656 0.015024 0.029137
2 0.728816 0.547354 0.030047 0.029137
2 0.701501 0.548568 0.027316 0.026709
