9 0.270022 0.342266 0.029244 0.015597
9 0.580498 0.336200 0.022421 0.031194
8 0.386024 0.380392 0.011698 0.022529
8 0.486917 0.350064 0.008773 0.034660
8 0.528833 0.387324 0.004874 0.019063
8 0.530295 0.419384 0.011698 0.013864
4 0.622415 0.426316 0.055564 0.034660
2 0.469857 0.454044 0.031194 0.055456
2 0.499589 0.461842 0.043866 0.071053
2 0.428915 0.441913 0.058488 0.114377
2 0.943127 0.568421 0.112103 0.221823
2 0.738904 0.525096 0.313888 0.377792
2 0.166205 0.458376 0.053614 0.043325
2 0.318762 0.533761 0.311939 0.488704
8 0.493740 0.346598 0.006824 0.027728
