2 0.015968 0.377643 0.031553 0.043006
2 0.084333 0.388861 0.143040 0.125277
2 0.182673 0.341181 0.049433 0.033657
2 0.142180 0.345856 0.042071 0.050485
2 0.206337 0.366424 0.050485 0.046745
0 0.191613 0.337442 0.012621 0.033657
9 0.223166 0.297241 0.018932 0.020568
9 0.222640 0.265454 0.013673 0.028047
9 0.069082 0.258910 0.011569 0.018698
2 0.253667 0.353335 0.035760 0.043006
2 0.259978 0.329963 0.031553 0.029917
2 0.285746 0.338377 0.043122 0.050485
2 0.314669 0.340246 0.016828 0.028047
2 0.365680 0.329963 0.024191 0.029917
2 0.386715 0.326223 0.013673 0.014958
2 0.398811 0.329963 0.014725 0.014958
2 0.407751 0.325288 0.009466 0.013089
2 0.423001 0.329028 0.014725 0.024307
2 0.447718 0.330897 0.019984 0.043006
2 0.459813 0.326223 0.037864 0.026177
2 0.460865 0.358945 0.048381 0.057964
8 0.465072 0.297241 0.012621 0.020568
8 0.433519 0.267324 0.010518 0.013089
8 0.329920 0.260780 0.013673 0.018698
8 0.289953 0.304720 0.009466 0.016828
8 0.535540 0.252366 0.023139 0.031787
9 0.637562 0.074734 0.061002 0.039266
8 0.674899 0.159810 0.034708 0.052355
9 0.444563 0.103716 0.062054 0.026177
9 0.519238 0.130828 0.030501 0.016828
9 0.532385 0.187857 0.023139 0.014958
9 0.518712 0.210295 0.018932 0.029917
8 0.398285 0.077539 0.013673 0.048615
8 0.384086 0.074734 0.014725 0.057964
8 0.640191 0.168224 0.026294 0.050485
2 0.887356 0.383252 0.224026 0.158934
2 0.908850 0.316429 0.170252 0.070162
