9 0.445517 0.218766 0.043031 0.054000
9 0.356062 0.210214 0.043875 0.057000
9 0.366730 0.417964 0.041344 0.064500
9 0.605511 0.304714 0.012656 0.021000
9 0.725745 0.273214 0.027000 0.051000
9 0.268312 0.188571 0.023625 0.045000
9 0.167906 0.175821 0.025312 0.043500
9 0.026156 0.163071 0.028687 0.048000
9 0.684884 0.282964 0.018562 0.022500
9 0.703868 0.279214 0.014344 0.018000
9 0.760821 0.240214 0.038812 0.039000
9 0.553681 0.338464 0.017719 0.028500
9 0.508058 0.339214 0.006750 0.015000
2 0.009229 0.328929 0.018457 0.030000
2 0.153984 0.370393 0.147656 0.148500
2 0.440437 0.336214 0.030375 0.048000
9 0.403312 0.339214 0.006750 0.018000
9 0.367875 0.324214 0.003375 0.015000
8 0.139641 0.227464 0.005906 0.013500
8 0.212203 0.231964 0.009281 0.010500
8 0.064969 0.219214 0.005063 0.012000
