8 0.290970 0.366102 0.007020 0.020801
8 0.388670 0.360902 0.008190 0.018721
9 0.042915 0.369222 0.016381 0.039522
9 0.268738 0.406664 0.009361 0.014561
9 0.482861 0.374422 0.009361 0.037442
9 0.403881 0.365062 0.010531 0.018721
9 0.424358 0.378583 0.009361 0.008321
9 0.430208 0.397304 0.014041 0.008320
9 0.441909 0.388983 0.004680 0.020801
8 0.447174 0.395224 0.010531 0.012481
8 0.244167 0.413945 0.009361 0.020801
9 0.195609 0.386903 0.008190 0.020801
2 0.458875 0.435786 0.033932 0.052003
2 0.316126 0.423305 0.029252 0.060324
2 0.300915 0.443067 0.033932 0.049923
2 0.259378 0.466988 0.060844 0.089445
2 0.070996 0.483629 0.105306 0.147689
2 0.030233 0.513791 0.060466 0.145609
2 0.012682 0.636518 0.025364 0.257935
2 0.178643 0.492990 0.133388 0.162250
2 0.389841 0.516911 0.176681 0.264176
2 0.516793 0.437866 0.060844 0.089445
2 0.637895 0.446187 0.169660 0.193452
9 0.910522 0.346341 0.026912 0.018721
