9 0.248379 0.174062 0.009492 0.039375
9 0.542109 0.213437 0.010547 0.039375
9 0.153216 0.299622 0.015048 0.024745
9 0.554383 0.296625 0.009492 0.022500
9 0.259071 0.173812 0.009492 0.039375
9 0.650887 0.272250 0.008437 0.022500
9 0.062899 0.276937 0.011602 0.024375
9 0.301258 0.326625 0.009492 0.015000
10 0.668144 0.211875 0.012656 0.024375
10 0.674546 0.233199 0.010694 0.022023
10 0.663926 0.228750 0.008437 0.013125
3 0.414492 0.347812 0.037969 0.045000
3 0.382324 0.343125 0.017930 0.020625
3 0.453625 0.355155 0.068760 0.087887
3 0.326383 0.340642 0.013796 0.021840
9 0.563439 0.298941 0.007798 0.022529
