10 0.442563 0.364795 0.031194 0.050257
10 0.442563 0.411586 0.015597 0.022529
10 0.955698 0.394655 0.046018 0.075317
3 0.588297 0.488704 0.016572 0.013864
3 0.609255 0.487837 0.021446 0.019063
3 0.627289 0.485238 0.018521 0.020796
3 0.632163 0.494769 0.014622 0.025995
4 0.664332 0.465308 0.053614 0.091849
3 0.671058 0.500038 0.024565 0.039999
3 0.683066 0.504418 0.029287 0.044715
1 0.701374 0.501701 0.010723 0.057189
3 0.740854 0.495575 0.074085 0.097169
3 0.775014 0.520760 0.074170 0.074510
3 0.541993 0.486104 0.023395 0.019063
3 0.569892 0.489580 0.024137 0.036413
3 0.863024 0.544207 0.128036 0.110816
3 0.445000 0.490437 0.020471 0.024262
3 0.463034 0.489570 0.027295 0.039859
3 0.487404 0.489570 0.027295 0.029461
3 0.516161 0.493036 0.032169 0.029461
3 0.416730 0.482638 0.018521 0.012131
3 0.362629 0.491303 0.027295 0.022529
3 0.185213 0.495636 0.007798 0.013864
3 0.198373 0.499102 0.018521 0.020796
4 0.222532 0.486358 0.037595 0.042817
3 0.253450 0.497369 0.017547 0.017330
3 0.275383 0.496502 0.016572 0.015597
3 0.290005 0.499102 0.012673 0.020796
3 0.308816 0.497333 0.021050 0.020866
3 0.699605 0.508706 0.027908 0.041039
