9 0.551914 0.308203 0.011865 0.063281
9 0.031163 0.380859 0.017139 0.058594
9 0.667053 0.353906 0.010983 0.060937
9 0.946103 0.221484 0.017139 0.105469
9 0.957969 0.243750 0.009229 0.075000
9 0.929624 0.243750 0.013184 0.065625
10 0.589866 0.315468 0.013940 0.031859
10 0.038414 0.454687 0.015820 0.018750
10 0.978403 0.290625 0.042187 0.028125
10 0.970493 0.258984 0.015820 0.044531
3 0.538731 0.527343 0.011865 0.014062
3 0.522910 0.510937 0.017139 0.018750
3 0.499839 0.525000 0.013184 0.028125
3 0.487315 0.523828 0.006592 0.025781
10 0.478086 0.489843 0.006592 0.018750
10 0.370640 0.444204 0.015820 0.039717
10 0.371958 0.485467 0.015820 0.028747
3 0.358109 0.565509 0.048766 0.071643
3 0.302085 0.569250 0.068555 0.108373
3 0.227598 0.588635 0.098877 0.144605
3 0.057530 0.574218 0.072510 0.075000
3 0.012046 0.596484 0.023730 0.077344
3 0.520274 0.541406 0.032959 0.051562
3 0.555869 0.516797 0.009229 0.021094
3 0.561143 0.522656 0.011865 0.014062
3 0.620469 0.507422 0.011865 0.030469
3 0.635630 0.515625 0.021094 0.018750
3 0.666611 0.514834 0.032959 0.057832
4 0.749009 0.487500 0.134473 0.196875
3 0.823496 0.542578 0.046143 0.086719
3 0.861069 0.551953 0.092285 0.086719
9 0.032969 0.504430 0.015211 0.022881
