3 0.215598 0.438301 0.013389 0.025504
3 0.225162 0.442552 0.013389 0.030605
3 0.229944 0.440851 0.013389 0.027204
3 0.239508 0.438301 0.015302 0.035705
3 0.253854 0.440851 0.028692 0.037406
3 0.301195 0.434050 0.044950 0.057809
3 0.388705 0.411947 0.074599 0.085013
3 0.194557 0.453603 0.045907 0.059509
3 0.094136 0.470606 0.174063 0.110516
3 0.007378 0.500967 0.012843 0.046393
3 0.580279 0.456032 0.325173 0.533151
3 0.764385 0.353653 0.087032 0.061209
3 0.991528 0.309446 0.015302 0.027204
1 0.346824 0.427614 0.014346 0.062909
1 0.385079 0.387658 0.008608 0.030605
9 0.070426 0.274591 0.010520 0.045907
9 0.533798 0.059509 0.015302 0.074811
9 0.080947 0.274591 0.012433 0.042506
9 0.513714 0.065460 0.017215 0.079912
10 0.035518 0.297544 0.021041 0.027204
10 0.012086 0.379156 0.023910 0.051008
10 0.707384 0.022953 0.021997 0.042506
10 0.922440 0.014452 0.046863 0.022103
10 0.914789 0.030605 0.027735 0.037406
9 0.932004 0.145372 0.033474 0.056108
