10 0.035580 0.509500 0.022421 0.041592
10 0.019496 0.546759 0.027295 0.036393
3 0.339233 0.651605 0.011698 0.027728
3 0.328998 0.652471 0.014622 0.025995
3 0.312426 0.654204 0.026320 0.039859
3 0.304627 0.657670 0.024370 0.036393
3 0.291468 0.651605 0.025345 0.048524
3 0.262223 0.655937 0.056539 0.067587
3 0.361654 0.656804 0.040942 0.072786
3 0.140016 0.683135 0.141084 0.149915
3 0.012185 0.768997 0.024370 0.172397
3 0.978867 0.686265 0.041261 0.103980
10 0.647495 0.601406 0.013184 0.037500
10 0.648154 0.556875 0.017139 0.032812
