1 0.112361 0.524353 0.014982 0.084895
1 0.150283 0.521024 0.012172 0.088224
1 0.079121 0.519026 0.025281 0.089889
1 0.129215 0.519359 0.024345 0.103206
1 0.761903 0.511036 0.036517 0.163132
3 0.382590 0.494057 0.022472 0.019975
3 0.361522 0.496554 0.019663 0.028298
3 0.347009 0.498218 0.018727 0.031628
3 0.334837 0.501548 0.022472 0.044945
3 0.315642 0.504044 0.034645 0.053268
3 0.292701 0.512368 0.039326 0.063255
3 0.367141 0.494889 0.010300 0.018311
3 0.450569 0.494057 0.007491 0.019975
3 0.460400 0.496554 0.014045 0.044945
3 0.486150 0.490728 0.033708 0.053268
3 0.482405 0.516529 0.029963 0.068249
3 0.505719 0.529846 0.029027 0.084895
3 0.401504 0.488231 0.018727 0.024969
3 0.248496 0.523520 0.064815 0.074908
3 0.419389 0.492725 0.030899 0.039951
3 0.567252 0.525185 0.137110 0.178113
9 0.147006 0.029963 0.022472 0.058261
9 0.169478 0.027882 0.039326 0.055764
9 0.189142 0.034541 0.016854 0.069081
9 0.405905 0.158970 0.019663 0.076572
9 0.441954 0.158970 0.020600 0.083231
9 0.425568 0.154809 0.025281 0.084895
9 0.128747 0.419482 0.014045 0.031628
9 0.640459 0.388687 0.020600 0.039951
9 0.144197 0.417818 0.013109 0.031628
9 0.380156 0.430718 0.005618 0.018311
9 0.420419 0.429886 0.007491 0.013317
10 0.148879 0.378283 0.035581 0.026634
10 0.342234 0.439041 0.017791 0.011652
10 0.445934 0.444035 0.017791 0.011652
10 0.504924 0.439041 0.014045 0.034957
10 0.059360 0.032953 0.104040 0.065906
