10 0.053380 0.225142 0.034680 0.044646
3 0.208843 0.431575 0.094473 0.042520
3 0.115566 0.561260 0.230802 0.229606
3 0.263853 0.513425 0.094473 0.116929
3 0.309296 0.490040 0.041855 0.082913
3 0.333707 0.478846 0.030885 0.064778
3 0.351151 0.471969 0.032288 0.051024
3 0.364904 0.458150 0.026309 0.044646
3 0.384038 0.465591 0.019134 0.038268
3 0.446223 0.471969 0.016742 0.021260
3 0.476119 0.467717 0.047835 0.059528
3 0.510799 0.496417 0.040659 0.087165
3 0.563236 0.510332 0.097698 0.144759
3 0.677971 0.552462 0.218484 0.254530
3 0.945497 0.734528 0.106432 0.346536
