4 0.406595 0.487382 0.021526 0.044646
4 0.391646 0.495886 0.020330 0.038268
3 0.381481 0.506516 0.011959 0.029764
4 0.342018 0.489508 0.071752 0.114803
3 0.284616 0.519459 0.045443 0.068407
3 0.258307 0.535411 0.038268 0.053539
3 0.224225 0.540311 0.051422 0.067590
3 0.158452 0.547973 0.101649 0.108425
3 0.049628 0.576673 0.099257 0.144567
10 0.452038 0.445925 0.014350 0.010630
9 0.464594 0.445925 0.005979 0.019134
3 0.545913 0.490571 0.015546 0.036142
3 0.562057 0.492697 0.033484 0.044646
3 0.617067 0.505453 0.043051 0.065906
3 0.667293 0.506516 0.086102 0.110551
3 0.734860 0.522461 0.111216 0.121181
10 0.868199 0.320492 0.026309 0.036142
9 0.810200 0.387461 0.010763 0.021260
3 0.470293 0.499075 0.055048 0.095669
3 0.871787 0.524055 0.237977 0.229606
3 0.976681 0.609247 0.043051 0.204095
10 0.860590 0.077598 0.053814 0.095669
9 0.435658 0.448544 0.004913 0.012477
3 0.597477 0.497445 0.024915 0.071550
