3 0.042646 0.626722 0.085291 0.230662
3 0.922113 0.588278 0.152881 0.386225
7 0.831088 0.560563 0.200153 0.219934
3 0.129546 0.545364 0.257483 0.225298
3 0.267843 0.510497 0.109632 0.137682
3 0.327688 0.498874 0.062359 0.100132
3 0.352330 0.480099 0.069400 0.105497
3 0.387030 0.477417 0.028162 0.085828
3 0.404631 0.471159 0.035203 0.069735
3 0.425250 0.472947 0.018104 0.044702
3 0.435811 0.466689 0.015087 0.035762
3 0.444863 0.462219 0.009052 0.026821
3 0.451401 0.464007 0.012070 0.026821
3 0.458441 0.462219 0.008046 0.016093
3 0.692288 0.517649 0.151875 0.205629
3 0.615837 0.507815 0.056325 0.110861
3 0.591206 0.498874 0.050290 0.096556
3 0.566061 0.483675 0.022127 0.073311
3 0.556506 0.485464 0.027156 0.062583
3 0.544940 0.479205 0.024139 0.053642
3 0.536390 0.475629 0.023133 0.046490
3 0.521806 0.470265 0.020116 0.039338
3 0.514263 0.464901 0.019110 0.032185
3 0.505211 0.462219 0.019110 0.026821
3 0.489621 0.458642 0.014081 0.019669
10 0.076742 0.130530 0.057330 0.092980
10 0.060649 0.233344 0.041238 0.044702
10 0.685197 0.349019 0.014911 0.020769
