3 0.331922 0.499029 0.063363 0.079863
4 0.480580 0.432397 0.060438 0.078015
3 0.478143 0.540693 0.090657 0.138639
3 0.657508 0.531162 0.020471 0.057189
3 0.712585 0.518165 0.105279 0.138639
3 0.823225 0.537227 0.190088 0.166367
3 0.939227 0.579686 0.117952 0.213158
9 0.037530 0.454910 0.012673 0.012131
10 0.264660 0.378659 0.026320 0.015597
10 0.251500 0.317137 0.013647 0.031194
10 0.668718 0.389923 0.023395 0.013864
10 0.600482 0.421983 0.011698 0.008665
10 0.594633 0.438447 0.015597 0.010398
3 0.402108 0.515565 0.055564 0.050257
10 0.476681 0.799776 0.033143 0.005199
9 0.424041 0.361329 0.015597 0.022529
