9 0.652851 0.467812 0.008437 0.028125
9 0.490957 0.499687 0.005273 0.028125
9 0.735644 0.539062 0.011602 0.020625
9 0.045879 0.575625 0.017930 0.022500
9 0.216738 0.486562 0.011602 0.028125
9 0.660761 0.465000 0.005273 0.030000
10 0.061699 0.546562 0.009492 0.009375
10 0.060645 0.535312 0.015820 0.013125
10 0.492012 0.524062 0.011602 0.013125
10 0.727734 0.515625 0.012656 0.018750
10 0.726679 0.470625 0.016875 0.018750
1 0.145019 0.619687 0.011602 0.054375
1 0.081738 0.630937 0.017930 0.050625
1 0.923379 0.576562 0.022148 0.043125
3 0.270000 0.600625 0.048516 0.048750
3 0.285820 0.605312 0.059062 0.050625
3 0.519961 0.609062 0.018984 0.020625
3 0.540527 0.603437 0.013711 0.035625
3 0.559512 0.579062 0.026367 0.016875
3 0.602226 0.608125 0.033750 0.060000
3 0.753574 0.608125 0.047461 0.082500
3 0.784160 0.625937 0.083320 0.103125
3 0.844277 0.579062 0.034805 0.028125
3 0.873808 0.651250 0.176133 0.142500
3 0.569531 0.625312 0.059062 0.088125
3 0.659707 0.627486 0.083320 0.140028
3 0.035859 0.650625 0.069609 0.063750
3 0.964511 0.675000 0.068555 0.198750
