10 0.302494 0.251023 0.037837 0.175203
3 0.486378 0.434096 0.010559 0.029722
3 0.476699 0.438007 0.012319 0.028158
3 0.465260 0.444264 0.012319 0.037543
3 0.456021 0.445829 0.014959 0.050058
3 0.438862 0.457561 0.035197 0.076651
3 0.384747 0.475550 0.092392 0.150174
3 0.496058 0.441136 0.008799 0.031286
3 0.504417 0.445829 0.014959 0.037543
3 0.515416 0.450521 0.015839 0.034415
3 0.528615 0.458343 0.036957 0.059444
3 0.563812 0.473204 0.054555 0.082908
3 0.577891 0.486501 0.058075 0.100116
3 0.612648 0.491194 0.064235 0.112630
3 0.657084 0.517787 0.119670 0.172074
3 0.763995 0.564716 0.206782 0.265933
3 0.890264 0.665614 0.218221 0.520915
3 0.073298 0.435348 0.145188 0.261240
8 0.291079 0.488847 0.035197 0.120452
