3 0.188707 0.423515 0.034277 0.025781
3 0.274400 0.438750 0.026367 0.018750
3 0.318565 0.443437 0.019775 0.014062
3 0.356138 0.455156 0.042187 0.028125
3 0.422715 0.456328 0.014502 0.011719
3 0.437876 0.456328 0.015820 0.016406
3 0.604649 0.457500 0.017139 0.042187
3 0.694956 0.457500 0.031641 0.084375
4 0.713413 0.403593 0.044824 0.046875
10 0.265831 0.397734 0.019775 0.039844
3 0.562461 0.457500 0.030322 0.046875
3 0.661338 0.462187 0.017139 0.023437
3 0.626402 0.469218 0.050098 0.065625
3 0.750986 0.509062 0.138428 0.201562
3 0.485996 0.478593 0.077783 0.084375
3 0.253306 0.479765 0.102832 0.082031
3 0.091717 0.541875 0.183433 0.342187
10 0.442449 0.418583 0.044440 0.024949
10 0.548091 0.417890 0.020271 0.020791
