4 0.955378 0.576354 0.087298 0.076110
3 0.889007 0.597827 0.033484 0.029764
3 0.849544 0.601016 0.045443 0.031890
3 0.703050 0.592512 0.060989 0.044646
3 0.607979 0.590386 0.045443 0.048898
3 0.569113 0.592512 0.063381 0.040394
3 0.524268 0.591449 0.062185 0.051024
3 0.499155 0.588260 0.040659 0.044646
3 0.435176 0.593575 0.072948 0.046772
3 0.349073 0.582945 0.089690 0.059528
10 0.400496 0.506410 0.013155 0.017008
10 0.247425 0.504284 0.020330 0.012756
10 0.246320 0.524480 0.015729 0.027638
3 0.254002 0.587197 0.100453 0.063780
3 0.172085 0.587197 0.044247 0.038268
3 0.213343 0.575504 0.028701 0.023386
3 0.117195 0.584008 0.071752 0.053150
10 0.004186 0.493654 0.008371 0.038268
10 0.636201 0.431575 0.026309 0.046772
