3 0.216366 0.477773 0.122597 0.121931
3 0.544257 0.459459 0.024324 0.036036
3 0.491313 0.446681 0.022405 0.025606
3 0.411695 0.455928 0.024806 0.032719
3 0.298469 0.465174 0.064015 0.085353
3 0.340479 0.465174 0.034408 0.056902
3 0.358313 0.462553 0.025266 0.040660
3 0.542230 0.442342 0.032432 0.055856
3 0.519320 0.440279 0.016004 0.038409
3 0.436101 0.450949 0.022405 0.028451
3 0.453705 0.443836 0.012803 0.034141
9 0.063215 0.357060 0.017604 0.028451
9 0.439301 0.386223 0.006401 0.024183
9 0.500516 0.388356 0.007202 0.017071
9 0.624544 0.032719 0.023205 0.065437
9 0.596138 0.032719 0.020805 0.062592
9 0.076818 0.355638 0.014403 0.028451
9 0.768978 0.320074 0.022405 0.036986
10 0.703362 0.295179 0.036808 0.029874
10 0.643749 0.345680 0.028006 0.054057
10 0.648950 0.380532 0.025606 0.015648
10 0.084820 0.302292 0.035208 0.024183
