3 0.283580 0.364843 0.013773 0.021221
3 0.268429 0.368924 0.020201 0.019589
3 0.247769 0.364843 0.024792 0.017956
3 0.246391 0.368924 0.020201 0.022854
3 0.209662 0.356681 0.060603 0.044075
3 0.145439 0.378378 0.078041 0.104505
3 0.143919 0.381081 0.081081 0.095495
3 0.064004 0.384685 0.127397 0.135135
3 0.985259 0.519649 0.027547 0.169770
3 0.338214 0.376270 0.025710 0.040810
3 0.363006 0.380351 0.029383 0.052237
3 0.386421 0.377086 0.028465 0.058767
3 0.420396 0.376270 0.072540 0.066929
3 0.434169 0.397491 0.074377 0.086518
3 0.489200 0.412590 0.041195 0.129775
4 0.603129 0.395650 0.229851 0.206898
3 0.696935 0.424417 0.163445 0.192607
3 0.866035 0.449879 0.266578 0.264207
1 0.311498 0.443525 0.065194 0.230169
1 0.210952 0.431282 0.040402 0.215478
3 0.139358 0.406306 0.051689 0.099099
3 0.466723 0.404505 0.063851 0.113514
