10 0.364578 0.479172 0.021446 0.012131
10 0.634113 0.359596 0.008773 0.053723
10 0.541506 0.385591 0.006824 0.029461
9 0.154507 0.399455 0.006824 0.036393
9 0.238341 0.421117 0.004874 0.031194
9 0.145734 0.401188 0.008773 0.032927
9 0.162306 0.402921 0.008773 0.032927
1 0.885613 0.594416 0.028269 0.107445
1 0.481068 0.560623 0.012673 0.025995
1 0.239803 0.573620 0.027295 0.107445
1 0.297316 0.580552 0.025345 0.121309
1 0.052640 0.591817 0.027295 0.126508
1 0.009261 0.578819 0.018521 0.124775
1 0.031681 0.596149 0.028269 0.145571
1 0.093582 0.541560 0.017547 0.019063
1 0.112103 0.538094 0.009748 0.019063
1 0.122338 0.540693 0.008773 0.020796
1 0.167180 0.538960 0.010723 0.017330
1 0.199836 0.541560 0.017547 0.022529
9 0.440613 0.383858 0.011698 0.039859
9 0.456210 0.390790 0.011698 0.043325
9 0.008621 0.484371 0.017243 0.022529
3 0.671142 0.655460 0.494202 0.544937
3 0.136473 0.640123 0.196911 0.330566
3 0.386024 0.627343 0.185213 0.232221
4 0.544918 0.510366 0.083833 0.053723
4 0.263686 0.540693 0.061413 0.093582
4 0.098456 0.516432 0.048740 0.083184
4 0.127700 0.515565 0.009748 0.029461
4 0.183751 0.522497 0.032169 0.029461
5 0.215920 0.533761 0.024370 0.062388
