10 0.700300 0.135176 0.027530 0.026511
10 0.698614 0.186052 0.025931 0.081571
10 0.581671 0.272583 0.057928 0.081571
10 0.536935 0.326624 0.017780 0.030589
10 0.534067 0.344977 0.017780 0.018353
10 0.124022 0.330363 0.009750 0.020393
10 0.289928 0.333931 0.013192 0.024471
10 0.410659 0.345147 0.011471 0.018353
10 0.384276 0.344637 0.016059 0.025491
10 0.385805 0.334849 0.021412 0.033444
10 0.341547 0.337296 0.007456 0.020393
10 0.509596 0.345963 0.007456 0.017334
9 0.470021 0.305042 0.006309 0.021412
9 0.444498 0.304532 0.005735 0.016314
9 0.396197 0.306401 0.005162 0.019373
9 0.415411 0.306911 0.004588 0.018353
9 0.420573 0.306401 0.005735 0.017334
9 0.454937 0.328629 0.005735 0.015295
9 0.477879 0.326590 0.005735 0.013255
3 0.444976 0.368089 0.014339 0.014275
3 0.459602 0.362481 0.019501 0.017334
3 0.474323 0.371148 0.014912 0.018353
3 0.431307 0.356873 0.017206 0.012236
3 0.367091 0.366560 0.018927 0.015295
3 0.428849 0.375736 0.022942 0.035687
3 0.409635 0.370128 0.006309 0.012236
3 0.397304 0.384403 0.032119 0.046903
3 0.280360 0.358881 0.021795 0.013255
3 0.334273 0.358881 0.011471 0.009177
