3 0.414966 0.530433 0.026309 0.031890
3 0.358162 0.537874 0.034680 0.051024
3 0.325276 0.548504 0.055010 0.085039
3 0.252328 0.576142 0.105236 0.136063
3 0.101649 0.644882 0.203297 0.255118
3 0.447254 0.527244 0.023917 0.038268
3 0.479542 0.510236 0.038268 0.059528
3 0.481934 0.525118 0.026309 0.059528
3 0.503460 0.538937 0.045443 0.121181
3 0.559068 0.548504 0.096865 0.157323
3 0.609892 0.586772 0.143504 0.212598
3 0.808278 0.693694 0.382093 0.374775
7 0.392244 0.600236 0.038268 0.119055
2 0.391048 0.571536 0.045443 0.138189
10 0.534851 0.431043 0.022721 0.031890
10 0.536645 0.453366 0.021526 0.017008
9 0.479542 0.423071 0.009567 0.025512
