9 0.373335 0.339014 0.011426 0.023437
9 0.425630 0.342139 0.007031 0.017187
10 0.456392 0.335889 0.005273 0.020313
10 0.499019 0.280420 0.009668 0.015625
10 0.502974 0.307764 0.014062 0.010937
3 0.351802 0.385889 0.014062 0.029687
3 0.340816 0.381982 0.011426 0.028125
3 0.332027 0.377295 0.014941 0.037500
3 0.310933 0.375732 0.034277 0.043750
3 0.276216 0.385107 0.024609 0.040625
3 0.248091 0.393701 0.038672 0.051562
3 0.216011 0.399951 0.043066 0.067187
3 0.172505 0.401514 0.058008 0.092187
3 0.101944 0.417475 0.100693 0.142861
3 0.034048 0.439350 0.067734 0.155361
3 0.472154 0.373725 0.029004 0.032139
3 0.568892 0.390576 0.065039 0.079687
3 0.424312 0.382764 0.065918 0.085937
3 0.655236 0.400901 0.126689 0.153153
3 0.775845 0.432432 0.236149 0.212613
