9 0.457913 0.689085 0.014627 0.039005
9 0.514591 0.704253 0.010970 0.039005
9 0.704130 0.719422 0.009751 0.021669
10 0.426831 0.656219 0.040224 0.023836
9 0.445724 0.755898 0.012189 0.023836
3 0.468883 0.805738 0.026816 0.045506
3 0.442067 0.810072 0.031691 0.045506
3 0.407938 0.794903 0.046318 0.088844
3 0.355525 0.795987 0.070696 0.117014
3 0.274468 0.833908 0.110920 0.188523
3 0.130225 0.789486 0.260451 0.268700
3 0.500574 0.799237 0.017065 0.032504
3 0.515810 0.811155 0.023159 0.043339
3 0.560300 0.820906 0.078010 0.119181
3 0.599380 0.849138 0.120835 0.161183
10 0.821145 0.642134 0.029254 0.078010
3 0.824071 0.845043 0.349582 0.270266
