9 0.529855 0.363270 0.009597 0.034123
9 0.579640 0.436848 0.005998 0.027725
9 0.208665 0.269400 0.017424 0.063918
9 0.648770 0.423491 0.017094 0.026604
10 0.674268 0.217687 0.057834 0.042545
9 0.141794 0.400408 0.005983 0.040153
10 0.134778 0.340763 0.023205 0.048826
1 0.120177 0.532820 0.013196 0.083175
1 0.151967 0.509360 0.009597 0.036256
1 0.103382 0.540284 0.015595 0.089573
3 0.094984 0.540284 0.065980 0.063981
3 0.211594 0.550246 0.148774 0.165925
3 0.489198 0.499192 0.019544 0.024109
3 0.613076 0.546424 0.061490 0.137009
1 0.633025 0.497630 0.009597 0.029858
1 0.702004 0.508293 0.022793 0.119431
1 0.934001 0.509178 0.041057 0.168847
3 0.549649 0.604265 0.183545 0.251659
5 0.372702 0.456042 0.218335 0.304976
3 0.481620 0.502383 0.015555 0.041836
3 0.556007 0.472602 0.043077 0.014891
