1 0.127235 0.380067 0.019943 0.100689
1 0.075185 0.391057 0.028319 0.129762
1 0.048235 0.383858 0.012709 0.119576
2 0.315350 0.376926 0.012673 0.067587
8 0.315838 0.400321 0.011698 0.045058
3 0.011698 0.492566 0.023395 0.114377
3 0.953822 0.492346 0.092356 0.132060
3 0.851976 0.466622 0.152059 0.116948
3 0.753908 0.438326 0.096718 0.089873
3 0.565389 0.418518 0.050690 0.112644
3 0.676063 0.407721 0.040683 0.035454
3 0.435646 0.376686 0.017361 0.039379
3 0.401450 0.372267 0.020342 0.035454
3 0.421792 0.382516 0.032307 0.047573
3 0.361564 0.389994 0.050655 0.062399
3 0.267035 0.390348 0.056239 0.070199
3 0.490816 0.435602 0.114053 0.203251
10 0.201425 0.146414 0.031914 0.043276
10 0.200810 0.196695 0.023395 0.053723
10 0.200761 0.239882 0.027394 0.040134
10 0.319737 0.065854 0.035093 0.048524
10 0.418897 0.077758 0.036502 0.051536
10 0.456697 0.082317 0.032169 0.050257
10 0.623390 0.086650 0.038018 0.058922
10 0.724923 0.222651 0.021139 0.052472
10 0.554412 0.265905 0.027122 0.015600
9 0.402108 0.228755 0.010723 0.034660
9 0.508362 0.227888 0.010723 0.043325
9 0.307552 0.296342 0.008773 0.024262
9 0.602431 0.322336 0.007798 0.031194
10 0.690651 0.329268 0.018521 0.013864
10 0.384562 0.336200 0.006824 0.013864
10 0.379688 0.343999 0.008773 0.008665
1 0.336796 0.374326 0.016572 0.048524
