9 0.377051 0.378515 0.005273 0.023437
9 0.483838 0.444140 0.010547 0.018750
9 0.384301 0.375000 0.006592 0.025781
9 0.506909 0.375000 0.009229 0.025781
9 0.424511 0.346875 0.007910 0.030469
9 0.434399 0.344531 0.006592 0.039844
9 0.537890 0.441797 0.018457 0.023437
9 0.263672 0.358594 0.007910 0.025781
9 0.236645 0.418359 0.022412 0.023437
10 0.324316 0.406473 0.010547 0.014062
10 0.537890 0.373660 0.015820 0.014062
9 0.394189 0.429643 0.013184 0.018215
3 0.350670 0.487277 0.026341 0.030579
3 0.439013 0.486807 0.044824 0.036206
3 0.376752 0.490966 0.041590 0.056014
3 0.582055 0.487332 0.032959 0.044531
3 0.311010 0.512032 0.041943 0.093931
3 0.285822 0.518480 0.044300 0.097452
3 0.653906 0.565848 0.213574 0.248437
3 0.485021 0.523839 0.067921 0.099867
3 0.408990 0.514691 0.055607 0.072196
3 0.237325 0.536800 0.102510 0.144539
5 0.174764 0.451877 0.039247 0.104248
3 0.067345 0.623906 0.134689 0.487500
3 0.831403 0.684297 0.336188 0.380780
