3 0.016816 0.554638 0.033632 0.063130
4 0.023389 0.536428 0.045071 0.084982
4 0.116262 0.543712 0.031413 0.050989
3 0.078020 0.553424 0.028681 0.041277
3 0.095093 0.536428 0.016389 0.026709
4 0.072557 0.515789 0.028681 0.029137
3 0.928903 0.634764 0.140676 0.437051
10 0.039608 0.391393 0.079215 0.038849
10 0.158602 0.416239 0.025950 0.014568
10 0.159284 0.395600 0.013658 0.021853
10 0.121043 0.468442 0.032779 0.016996
10 0.284254 0.160078 0.086044 0.075270
10 0.349128 0.071454 0.111994 0.087410
9 0.215964 0.509719 0.017755 0.016996
9 0.255572 0.288766 0.031413 0.080126
9 0.322496 0.285124 0.039608 0.077698
9 0.087581 0.456302 0.006829 0.026709
9 0.094410 0.457516 0.006829 0.029137
1 0.183186 0.589845 0.047802 0.206385
1 0.379176 0.588631 0.065558 0.296223
1 0.236451 0.565564 0.025950 0.114119
1 0.689891 0.644476 0.088776 0.407914
1 0.519168 0.606841 0.050534 0.288939
1 0.453611 0.594701 0.055997 0.342356
1 0.810763 0.628694 0.087410 0.492896
1 0.486390 0.592273 0.045071 0.288939
1 0.436539 0.608055 0.021853 0.281655
1 0.316350 0.555852 0.038242 0.245234
1 0.399662 0.592273 0.030047 0.216097
1 0.211867 0.564292 0.017755 0.072959
1 0.256255 0.535214 0.016389 0.043705
1 0.266498 0.571635 0.015024 0.135971
10 0.251475 0.072668 0.028681 0.050989
10 0.267149 0.086016 0.017139 0.077344
