10 0.363501 0.361480 0.037969 0.097697
10 0.721001 0.352702 0.046554 0.090798
10 0.657259 0.442303 0.013988 0.024868
10 0.501887 0.444556 0.014988 0.029374
10 0.373992 0.437862 0.010991 0.030197
10 0.218120 0.470724 0.014988 0.017763
10 0.321535 0.458289 0.009992 0.014211
10 0.343018 0.317961 0.026978 0.024868
10 0.340520 0.369474 0.079934 0.092368
10 0.244099 0.319737 0.028976 0.021316
10 0.249595 0.373914 0.065946 0.083487
3 0.259476 0.509864 0.013769 0.032096
3 0.274074 0.509803 0.010991 0.028421
3 0.306349 0.515512 0.009595 0.029182
3 0.341667 0.517607 0.025682 0.033372
3 0.288063 0.522237 0.032973 0.049737
3 0.218202 0.532548 0.075102 0.081016
3 0.365533 0.507996 0.023913 0.024930
3 0.399609 0.514100 0.022258 0.029910
3 0.476408 0.526678 0.027977 0.047961
3 0.436940 0.547105 0.068943 0.092368
3 0.522704 0.537960 0.053036 0.070191
3 0.699259 0.642116 0.253861 0.278837
3 0.006824 0.580552 0.013647 0.155969
10 0.461572 0.377792 0.106254 0.065854
