9 0.467676 0.404147 0.009192 0.049052
9 0.521458 0.396682 0.009597 0.051185
9 0.154367 0.197275 0.026392 0.104502
9 0.877752 0.247393 0.019194 0.068246
9 0.928737 0.089573 0.032390 0.153554
10 0.923938 0.237796 0.020394 0.031991
9 0.937734 0.209005 0.026392 0.085308
9 0.909542 0.231398 0.020394 0.078910
9 0.284528 0.195142 0.017995 0.134360
9 0.299524 0.218602 0.009597 0.095971
10 0.077589 0.220734 0.074378 0.031990
10 0.217348 0.195939 0.061182 0.043259
10 0.173561 0.398815 0.014396 0.021327
10 0.205352 0.421208 0.013196 0.040521
9 0.141171 0.395616 0.014396 0.044787
9 0.160365 0.390284 0.011996 0.063981
9 0.191556 0.392417 0.014396 0.051185
3 0.408091 0.551303 0.029991 0.053317
3 0.043104 0.613375 0.086207 0.087889
3 0.625072 0.588055 0.139626 0.231472
3 0.801517 0.563033 0.396967 0.452132
10 0.983990 0.175855 0.031974 0.049737
