9 0.649938 0.234543 0.026001 0.088369
9 0.647644 0.326990 0.022942 0.088369
9 0.848484 0.040132 0.018353 0.080265
10 0.915970 0.014328 0.063088 0.028550
3 0.085609 0.512564 0.171218 0.247432
3 0.372331 0.442118 0.052582 0.068526
3 0.547345 0.418595 0.016824 0.033988
3 0.535874 0.420634 0.019883 0.040785
3 0.520579 0.424713 0.024471 0.054381
3 0.492666 0.426072 0.035942 0.081571
3 0.315632 0.456118 0.096356 0.099245
3 0.447471 0.434366 0.079532 0.112840
3 0.679625 0.408729 0.015295 0.017674
3 0.693390 0.410088 0.009177 0.014955
3 0.566937 0.397173 0.008630 0.013595
3 0.810612 0.412613 0.021412 0.020393
