9 0.523814 0.101926 0.011701 0.054083
9 0.335432 0.059284 0.016381 0.052003
9 0.121309 0.136248 0.023401 0.081125
9 0.204969 0.221533 0.017551 0.060324
9 0.486956 0.266256 0.008190 0.020801
10 0.409525 0.308899 0.009361 0.014561
10 0.583280 0.267296 0.010531 0.027042
10 0.707892 0.159130 0.030422 0.022881
10 0.527897 0.264176 0.008190 0.016641
3 0.478559 0.326233 0.011701 0.018721
3 0.489674 0.325193 0.015211 0.020801
3 0.509566 0.327273 0.019891 0.033282
3 0.528287 0.325193 0.022231 0.045763
3 0.539402 0.329353 0.021061 0.049923
3 0.565729 0.328313 0.045633 0.068644
3 0.422980 0.332473 0.008190 0.022881
3 0.412450 0.340794 0.019891 0.027042
3 0.396069 0.339754 0.015211 0.020801
3 0.368572 0.343914 0.025742 0.037442
3 0.346926 0.350237 0.031592 0.041768
3 0.311064 0.354315 0.051135 0.079045
3 0.448137 0.355355 0.060844 0.097766
3 0.688781 0.337674 0.229334 0.299538
3 0.987139 0.322073 0.025722 0.072804
1 0.052799 0.398195 0.017551 0.070724
1 0.042854 0.399235 0.011701 0.081125
1 0.014772 0.417956 0.021061 0.093606
1 0.974230 0.283788 0.021061 0.104006
1 0.282133 0.357633 0.010531 0.056163
1 0.180337 0.378434 0.017551 0.064484
9 0.304364 0.309790 0.008190 0.022881
