9 0.229938 0.282227 0.007185 0.042654
9 0.275531 0.372867 0.007198 0.023460
9 0.360106 0.381398 0.010797 0.019194
9 0.461475 0.294558 0.009597 0.035054
9 0.687008 0.369668 0.011996 0.021327
9 0.112979 0.356872 0.013196 0.021327
10 0.029004 0.256635 0.025193 0.017062
10 0.184594 0.283879 0.045114 0.016964
10 0.504063 0.307820 0.032390 0.021327
10 0.456077 0.388862 0.010797 0.025592
10 0.376301 0.381398 0.014396 0.006398
10 0.254537 0.376066 0.015595 0.012796
3 0.250938 0.428317 0.013196 0.019194
3 0.235343 0.417654 0.008398 0.019194
3 0.230544 0.418720 0.010797 0.025592
3 0.218548 0.419786 0.020394 0.036256
3 0.204152 0.416587 0.037189 0.046919
3 0.154966 0.466174 0.106768 0.161016
1 0.061394 0.429384 0.015595 0.055450
3 0.021400 0.462440 0.042800 0.130095
3 0.274931 0.424052 0.025193 0.040521
3 0.296153 0.437149 0.027686 0.045389
3 0.324116 0.413388 0.025193 0.040521
3 0.355307 0.426185 0.049185 0.070379
3 0.390696 0.415521 0.019194 0.036256
3 0.419488 0.430450 0.057583 0.066114
3 0.470473 0.432583 0.039588 0.049052
3 0.565413 0.443102 0.116703 0.173037
10 0.547250 0.352606 0.017995 0.012796
3 0.738462 0.472305 0.147656 0.115701
3 0.897034 0.503148 0.203764 0.126203
3 0.936477 0.635189 0.127047 0.198341
9 0.052916 0.212578 0.015820 0.049219
