4 0.111543 0.472053 0.223085 0.346887
4 0.381718 0.469605 0.117238 0.212313
3 0.290976 0.524801 0.065377 0.066159
3 0.526332 0.520331 0.053307 0.071523
3 0.557009 0.523907 0.020116 0.050066
3 0.579137 0.528377 0.022127 0.044702
3 0.497667 0.539106 0.010058 0.019669
3 0.440337 0.532848 0.010058 0.028609
3 0.805900 0.526008 0.091441 0.062480
3 0.766214 0.522119 0.036209 0.046490
3 0.876349 0.531060 0.119690 0.067947
3 0.693797 0.516755 0.026151 0.028609
3 0.651554 0.524801 0.036209 0.023245
3 0.931668 0.523013 0.035203 0.037550
3 0.593218 0.538212 0.014081 0.014305
3 0.624900 0.537318 0.009052 0.012517
10 0.550974 0.480099 0.038220 0.033974
10 0.076102 0.240219 0.080189 0.054875
10 0.512251 0.274470 0.059342 0.030397
10 0.609111 0.245881 0.030574 0.073271
10 0.624397 0.326324 0.024139 0.023245
9 0.459447 0.286987 0.014081 0.055430
9 0.473025 0.284305 0.013075 0.046490
9 0.451401 0.286987 0.008046 0.044702
9 0.634958 0.387119 0.019110 0.023245
9 0.618865 0.384437 0.009052 0.039338
9 0.642502 0.423775 0.012070 0.035762
9 0.658091 0.464007 0.013075 0.016093
