3 0.448242 0.517500 0.007910 0.018750
3 0.452856 0.536250 0.006592 0.018750
3 0.444946 0.535078 0.009229 0.021094
3 0.423852 0.562031 0.014502 0.028125
3 0.441650 0.553828 0.013184 0.016406
3 0.443628 0.570234 0.014502 0.030469
3 0.453515 0.545625 0.010547 0.023437
3 0.464062 0.538593 0.010547 0.014062
3 0.647578 0.495234 0.015293 0.016406
3 0.632021 0.499922 0.018457 0.011719
3 0.604731 0.524531 0.025049 0.032812
3 0.581264 0.503437 0.011865 0.018750
3 0.587197 0.515156 0.013184 0.032812
3 0.633339 0.521015 0.021094 0.025781
3 0.700971 0.576093 0.112060 0.065625
3 0.844013 0.558515 0.121289 0.053906
3 0.929311 0.480000 0.017139 0.014062
3 0.898329 0.498750 0.034277 0.028125
3 0.981386 0.553828 0.034277 0.058594
3 0.146997 0.607031 0.046143 0.058594
3 0.241451 0.572596 0.058390 0.089964
3 0.198808 0.596250 0.060117 0.059062
3 0.433740 0.531562 0.007910 0.023437
4 0.489742 0.546827 0.030380 0.068031
4 0.410141 0.577734 0.025049 0.035156
3 0.461425 0.584765 0.039551 0.053906
3 0.524707 0.578071 0.036914 0.045205
3 0.385224 0.575390 0.020566 0.030469
5 0.395376 0.548007 0.027686 0.026174
10 0.666430 0.334735 0.059326 0.047596
10 0.552392 0.499609 0.031641 0.053906
10 0.666430 0.388281 0.022412 0.037500
10 0.667749 0.512500 0.022412 0.046875
10 0.845068 0.459765 0.007910 0.021094
10 0.152930 0.469140 0.010547 0.035156
10 0.286084 0.566406 0.013184 0.023437
9 0.355298 0.337890 0.014502 0.058594
9 0.054053 0.379218 0.010547 0.051562
9 0.155566 0.424922 0.021094 0.053906
9 0.704443 0.463047 0.017578 0.057344
9 0.669726 0.430781 0.018457 0.032812
3 0.314165 0.560859 0.019775 0.016406
3 0.335918 0.560859 0.013184 0.016406
3 0.365713 0.547812 0.017402 0.005000
3 0.364922 0.555000 0.013184 0.014062
3 0.868666 0.482343 0.014502 0.014062
3 0.757001 0.489375 0.023730 0.018750
1 0.578232 0.564375 0.007910 0.051562
3 0.423061 0.529453 0.011865 0.021094
9 0.478028 0.091016 0.031834 0.119531
10 0.476587 0.013672 0.025049 0.025781
10 0.051416 0.343750 0.013184 0.018750
10 0.353320 0.302734 0.013184 0.016406
1 0.595898 0.564453 0.015820 0.063281
