9 0.441101 0.124775 0.012673 0.062388
9 0.123801 0.143838 0.017547 0.058922
9 0.278308 0.313672 0.006824 0.024262
9 0.332897 0.337933 0.006824 0.017330
9 0.363116 0.315404 0.004874 0.017330
9 0.275383 0.350931 0.006824 0.019063
9 0.230055 0.343132 0.011698 0.020796
7 0.541506 0.447112 0.026320 0.062388
2 0.537607 0.408986 0.022421 0.076252
3 0.381150 0.387324 0.027295 0.046791
3 0.359704 0.388190 0.017547 0.034660
3 0.283182 0.396855 0.034118 0.041592
3 0.239803 0.389057 0.015597 0.032927
3 0.251500 0.384724 0.015597 0.027728
3 0.105767 0.423151 0.051665 0.088383
3 0.183264 0.397722 0.113078 0.199294
3 0.330460 0.408986 0.060438 0.117843
3 0.404058 0.386457 0.014622 0.024262
3 0.415268 0.391656 0.015597 0.031194
3 0.431352 0.396855 0.024370 0.051990
3 0.455235 0.395989 0.025345 0.046791
3 0.487891 0.419384 0.067262 0.083184
1 0.579036 0.388190 0.013647 0.038126
3 0.889151 0.530063 0.220559 0.294143
1 0.047766 0.381258 0.011698 0.048524
1 0.026807 0.385591 0.012673 0.067587
1 0.060438 0.374326 0.007798 0.041592
1 0.084321 0.372593 0.012673 0.031194
9 0.423554 0.124775 0.018521 0.076252
9 0.581473 0.312805 0.010723 0.025995
9 0.592683 0.315404 0.011698 0.027728
