9 0.578941 0.546562 0.013184 0.042187
9 0.439854 0.517265 0.011865 0.044531
9 0.365367 0.635625 0.010547 0.023437
9 0.704844 0.613359 0.009229 0.030469
9 0.857114 0.596953 0.023730 0.030469
9 0.286924 0.627421 0.019775 0.035156
10 0.303005 0.652446 0.012248 0.030293
10 0.295363 0.587869 0.010809 0.029887
10 0.369593 0.518965 0.061187 0.024613
10 0.400962 0.647343 0.010547 0.018750
10 0.400962 0.621562 0.015820 0.023437
10 0.440280 0.596614 0.016287 0.017084
10 0.655227 0.545139 0.042544 0.025279
10 0.557876 0.597179 0.034219 0.021546
3 0.219688 0.709453 0.064600 0.063281
3 0.481382 0.683671 0.060644 0.035156
3 0.514341 0.670781 0.018457 0.023437
3 0.729893 0.727031 0.151611 0.168750
3 0.608604 0.664921 0.043506 0.025781
3 0.615195 0.766874 0.133154 0.173437
3 0.562461 0.668437 0.022412 0.032812
3 0.531480 0.673125 0.018457 0.032812
3 0.022934 0.734318 0.028322 0.051050
3 0.131358 0.838359 0.251806 0.246094
3 0.446446 0.847734 0.296631 0.302344
3 0.965220 0.666093 0.068555 0.084375
4 0.441831 0.664687 0.029004 0.051562
