10 0.526935 0.357133 0.008414 0.026177
10 0.642103 0.344044 0.019984 0.033657
10 0.778833 0.375831 0.013673 0.014958
10 0.832999 0.388920 0.018932 0.037396
10 0.778833 0.402943 0.007362 0.016828
10 0.993288 0.385554 0.012621 0.022438
3 0.071520 0.374195 0.075727 0.037864
3 0.316056 0.398269 0.015776 0.026177
3 0.332884 0.403878 0.022087 0.037396
3 0.346485 0.415622 0.030357 0.042185
3 0.544815 0.427251 0.029449 0.031787
3 0.513788 0.428186 0.028398 0.029917
3 0.486968 0.417902 0.023139 0.039266
3 0.602241 0.450109 0.097604 0.058058
3 0.780279 0.470023 0.095448 0.056562
3 0.863237 0.474464 0.041019 0.054224
3 0.902679 0.485682 0.071520 0.072922
3 0.383895 0.412479 0.029449 0.027673
3 0.453837 0.420146 0.064158 0.061704
