3 0.261534 0.663505 0.031314 0.037113
3 0.293428 0.655258 0.025515 0.032990
3 0.313724 0.660412 0.015077 0.030928
3 0.175129 0.705773 0.095103 0.138144
10 0.066108 0.611340 0.025515 0.035052
10 0.257474 0.627835 0.020876 0.026804
10 0.450580 0.575258 0.049871 0.090722
1 0.382152 0.665567 0.012758 0.057732
1 0.534665 0.675876 0.020876 0.119588
10 0.541044 0.579382 0.026675 0.045361
10 0.574098 0.457732 0.030155 0.053608
10 0.626289 0.450516 0.037113 0.055670
10 0.662242 0.537113 0.023196 0.084536
9 0.810464 0.341856 0.032474 0.037113
9 0.884111 0.371753 0.033634 0.047423
9 0.940941 0.509897 0.024356 0.039175
9 0.307925 0.589278 0.010438 0.020619
