9 0.405276 0.402160 0.007310 0.030981
9 0.575044 0.421067 0.008789 0.031294
9 0.466060 0.554639 0.007031 0.014062
9 0.497701 0.559326 0.008789 0.010937
10 0.355794 0.391556 0.041382 0.016699
10 0.640083 0.452613 0.038672 0.019830
10 0.665612 0.500732 0.018787 0.031250
10 0.282808 0.435889 0.027246 0.032812
9 0.270064 0.469482 0.019336 0.031250
1 0.254244 0.542139 0.014062 0.054687
1 0.276656 0.545264 0.014941 0.070312
3 0.139996 0.525557 0.082637 0.068399
3 0.412886 0.569482 0.034277 0.031250
3 0.042427 0.523389 0.084375 0.057812
3 0.490669 0.586670 0.024609 0.034375
3 0.367183 0.563232 0.053613 0.040625
3 0.557906 0.579639 0.032520 0.032812
3 0.531978 0.587451 0.015820 0.020312
9 0.676517 0.528562 0.007798 0.017330
9 0.301703 0.501701 0.010723 0.025995
3 0.510799 0.588351 0.009748 0.022529
