10 0.355957 0.336113 0.035510 0.053417
10 0.627065 0.392876 0.039608 0.056437
1 0.831119 0.500007 0.054894 0.191817
3 0.960316 0.523073 0.077850 0.179676
3 0.924123 0.554638 0.087410 0.092266
3 0.362064 0.469511 0.053186 0.048852
3 0.386005 0.476940 0.024584 0.033993
3 0.448534 0.485584 0.034145 0.037384
3 0.538972 0.487867 0.021853 0.026709
3 0.564588 0.488294 0.019789 0.020997
3 0.473840 0.487921 0.019766 0.028038
3 0.493901 0.489081 0.019121 0.029137
3 0.586092 0.493792 0.015024 0.014858
10 0.624231 0.492932 0.009053 0.031240
