10 0.378550 0.516093 0.007910 0.018750
3 0.145860 0.548906 0.038232 0.018750
3 0.066758 0.555937 0.075146 0.028125
3 0.298789 0.541875 0.017139 0.028125
3 0.362071 0.538359 0.011865 0.021094
3 0.369322 0.543046 0.010547 0.030469
3 0.375254 0.544218 0.011865 0.032812
3 0.383824 0.545390 0.015820 0.039844
3 0.395030 0.547734 0.017139 0.044531
3 0.408213 0.550078 0.025049 0.053906
3 0.424693 0.555937 0.042187 0.070312
3 0.514341 0.521953 0.042187 0.035156
3 0.286265 0.550078 0.023730 0.030469
3 0.253965 0.555937 0.038232 0.051562
3 0.184802 0.575016 0.076566 0.097780
3 0.470835 0.570000 0.073828 0.098437
3 0.822553 0.636140 0.353889 0.338531
