10 0.370195 0.566250 0.018984 0.031875
10 0.394980 0.585000 0.011602 0.024375
9 0.245215 0.362062 0.022148 0.043125
9 0.215684 0.407812 0.022148 0.031875
9 0.217793 0.468750 0.024258 0.037500
9 0.194590 0.523125 0.017930 0.030000
3 0.481465 0.627187 0.013711 0.024375
3 0.455625 0.630937 0.023203 0.024375
3 0.431367 0.627187 0.023203 0.020625
3 0.494121 0.625312 0.009492 0.024375
3 0.503086 0.622500 0.010547 0.030000
3 0.547383 0.625312 0.025312 0.031875
3 0.519433 0.628125 0.028477 0.045000
9 0.461953 0.569062 0.010547 0.016875
9 0.540000 0.570000 0.010547 0.015000
9 0.526816 0.590625 0.009492 0.011250
9 0.447187 0.605625 0.010547 0.015000
9 0.411855 0.583125 0.005273 0.015000
1 0.268945 0.627500 0.023203 0.138750
9 0.826747 0.336410 0.021349 0.075321
9 0.850078 0.330312 0.025312 0.073125
3 0.884695 0.572100 0.229546 0.474199
1 0.184215 0.624967 0.028656 0.094245
1 0.143381 0.582939 0.021492 0.061132
