9 0.007187 0.357018 0.014374 0.031394
9 0.024892 0.367105 0.010518 0.033657
10 0.008239 0.282931 0.016478 0.014893
10 0.027521 0.273615 0.015776 0.018698
9 0.011745 0.196018 0.017880 0.099100
10 0.013952 0.205579 0.017193 0.098277
10 0.022262 0.133380 0.030501 0.048615
10 0.020685 0.072611 0.031553 0.065443
10 0.060652 0.361496 0.027346 0.056094
8 0.049608 0.476489 0.064158 0.069183
1 0.119025 0.469945 0.022087 0.086011
3 0.126387 0.471815 0.095711 0.093490
3 0.175645 0.463712 0.073624 0.091621
3 0.219819 0.473061 0.023139 0.043006
3 0.231914 0.458103 0.017880 0.028047
3 0.260312 0.471191 0.059951 0.080402
3 0.308693 0.478671 0.059951 0.076662
3 0.352342 0.465582 0.037864 0.061704
3 0.376006 0.463712 0.017880 0.024307
3 0.392309 0.463712 0.033657 0.028047
5 0.414396 0.460907 0.012621 0.029917
3 0.425965 0.469322 0.014725 0.016828
3 0.445423 0.467452 0.019984 0.024307
3 0.470665 0.463712 0.017880 0.031787
3 0.478554 0.465582 0.025242 0.031787
3 0.489597 0.474931 0.024191 0.043006
3 0.498537 0.478671 0.025242 0.054224
3 0.516943 0.473996 0.038915 0.052355
3 0.546393 0.487085 0.038915 0.063573
3 0.580575 0.492694 0.063106 0.071053
7 0.602662 0.501108 0.065210 0.069183
1 0.732029 0.494564 0.023139 0.086011
1 0.756145 0.490557 0.022087 0.117798
1 0.778232 0.492427 0.028398 0.095360
1 0.812139 0.503601 0.024191 0.104709
10 0.668573 0.337189 0.035760 0.093490
10 0.670151 0.394218 0.032605 0.020568
9 0.682246 0.400762 0.021035 0.022438
6 0.669625 0.241828 0.025242 0.052355
9 0.614933 0.184799 0.014725 0.061704
9 0.597053 0.187604 0.014725 0.056094
9 0.346206 0.401697 0.009466 0.016828
9 0.462953 0.411981 0.007362 0.018698
10 0.333059 0.408241 0.008414 0.018698
10 0.328326 0.419148 0.011569 0.005609
10 0.015923 0.404032 0.030444 0.042691
8 0.485009 0.406683 0.010518 0.028047
10 0.550744 0.411358 0.009466 0.011219
3 0.915254 0.681507 0.168428 0.510920
