3 0.175259 0.603681 0.280565 0.233864
3 0.336017 0.544993 0.150939 0.149769
3 0.425528 0.544993 0.056163 0.108166
3 0.460630 0.537712 0.042123 0.081125
3 0.484031 0.535632 0.028082 0.060324
3 0.498072 0.527312 0.025742 0.047843
3 0.776561 0.597083 0.234038 0.328833
4 0.637895 0.509631 0.076055 0.153929
3 0.581147 0.520031 0.025742 0.049923
3 0.539025 0.528352 0.023401 0.037442
3 0.555991 0.527312 0.012871 0.027042
3 0.561256 0.530432 0.009361 0.029122
10 0.718630 0.418105 0.012871 0.020801
10 0.490467 0.443067 0.012871 0.012481
10 0.484616 0.416025 0.012871 0.008320
9 0.581147 0.480509 0.007020 0.020801
9 0.602208 0.486749 0.007020 0.033282
3 0.008864 0.717206 0.017728 0.149915
