10 0.275805 0.182086 0.046411 0.034141
10 0.313014 0.227608 0.024806 0.045522
10 0.301411 0.293757 0.043210 0.092466
10 0.243798 0.281665 0.048011 0.034141
10 0.132172 0.282376 0.053612 0.027028
10 0.082961 0.299447 0.057613 0.035564
10 0.081761 0.351370 0.039209 0.071128
10 0.159378 0.401159 0.013603 0.011380
10 0.145775 0.399025 0.008802 0.015648
10 0.144975 0.430322 0.008802 0.012803
10 0.204589 0.388356 0.012803 0.019916
10 0.267804 0.408983 0.011203 0.021338
10 0.318215 0.374131 0.020805 0.019916
10 0.335819 0.391201 0.011203 0.014226
10 0.321016 0.404004 0.016804 0.017071
10 0.725376 0.277397 0.036008 0.025606
10 0.700170 0.331454 0.041610 0.031296
10 0.698570 0.371286 0.019204 0.036986
10 0.537733 0.391201 0.016004 0.025606
9 0.302612 0.041965 0.028006 0.083930
9 0.081761 0.225474 0.016804 0.027028
9 0.046953 0.253925 0.011203 0.049789
9 0.138974 0.261038 0.009602 0.015648
9 0.615084 0.096733 0.017604 0.091043
9 0.218192 0.411828 0.008002 0.015648
9 0.172181 0.403293 0.010402 0.015648
9 0.251800 0.441702 0.008002 0.012803
9 0.155778 0.234010 0.011203 0.021338
9 0.331818 0.039831 0.030407 0.076818
9 0.636289 0.096733 0.024806 0.085353
9 0.723509 0.371286 0.026406 0.036986
9 0.316615 0.393335 0.009602 0.018493
9 0.723509 0.158614 0.026406 0.069705
10 0.058614 0.406850 0.012803 0.007113
10 0.075417 0.423209 0.009602 0.011380
3 0.402693 0.462329 0.025606 0.041254
3 0.372286 0.463752 0.032007 0.018493
3 0.253058 0.464463 0.019204 0.025606
3 0.039009 0.480111 0.076018 0.113804
3 0.498215 0.551950 0.204247 0.320074
1 0.765297 0.509273 0.025606 0.128030
1 0.918852 0.495048 0.020005 0.068282
1 0.992069 0.487224 0.014403 0.081085
