3 0.194664 0.580876 0.062537 0.128339
4 0.083187 0.445236 0.166374 0.624706
10 0.338493 0.472941 0.017868 0.047647
1 0.300000 0.551745 0.014189 0.064078
10 0.243943 0.399265 0.025313 0.023824
3 0.383162 0.541765 0.044669 0.058235
3 0.406986 0.541765 0.023824 0.037059
3 0.451655 0.555000 0.047647 0.090000
3 0.504513 0.551912 0.022335 0.034412
4 0.495579 0.533383 0.034246 0.092647
3 0.546949 0.522794 0.035735 0.023824
3 0.551722 0.630876 0.161421 0.194104
3 0.611719 0.565147 0.055092 0.082059
1 0.673511 0.578824 0.017868 0.079412
5 0.849074 0.581471 0.300500 0.291177
9 0.237987 0.457941 0.010423 0.042353
1 0.347781 0.550400 0.014890 0.071471
10 0.652276 0.427878 0.022335 0.023824
9 0.379050 0.389496 0.011912 0.042353
1 0.330405 0.554054 0.016216 0.063063
