3 0.290005 0.556637 0.223231 0.280745
3 0.030219 0.650218 0.058488 0.138639
3 0.561489 0.631751 0.300241 0.437904
3 0.911933 0.569634 0.172541 0.324069
3 0.969099 0.397654 0.061802 0.020243
3 0.093094 0.592163 0.184239 0.192362
3 0.019984 0.521111 0.039967 0.039859
3 0.393335 0.487317 0.028269 0.051990
3 0.421117 0.493383 0.021446 0.050257
3 0.433302 0.494249 0.016572 0.038126
3 0.443050 0.493383 0.014622 0.036393
3 0.651172 0.472587 0.035093 0.064121
3 0.716269 0.473532 0.036290 0.049628
9 0.637524 0.190976 0.015597 0.069320
9 0.691626 0.299288 0.008773 0.036393
9 0.405520 0.293222 0.011698 0.038126
9 0.621440 0.190976 0.010723 0.051990
9 0.651172 0.188376 0.011698 0.060655
9 0.920219 0.320084 0.035093 0.050257
9 0.097968 0.368607 0.026320 0.046791
10 0.101380 0.222170 0.027295 0.034660
10 0.098943 0.254230 0.028269 0.025995
10 0.127212 0.301021 0.024370 0.029461
10 0.742918 0.161964 0.089070 0.044972
10 0.876352 0.106926 0.023395 0.043325
10 0.886100 0.177978 0.035093 0.095315
10 0.886936 0.258562 0.031472 0.076252
10 0.379688 0.305353 0.012673 0.034660
9 0.131112 0.368607 0.016572 0.046791
9 0.704786 0.388537 0.013647 0.020796
3 0.083346 0.477786 0.071161 0.046791
3 0.469370 0.470854 0.022421 0.039859
10 0.416176 0.289909 0.011166 0.039702
