9 0.377232 0.345703 0.010547 0.044531
9 0.429966 0.382031 0.010547 0.028125
10 0.254624 0.414843 0.023730 0.037500
10 0.568394 0.369140 0.013184 0.021094
10 0.569712 0.397265 0.015820 0.039844
10 0.526206 0.414843 0.013184 0.014062
9 0.523570 0.453515 0.007910 0.030469
3 0.264512 0.485156 0.051416 0.051562
3 0.191343 0.578906 0.163476 0.201562
3 0.511045 0.488672 0.017139 0.035156
3 0.560484 0.540234 0.071191 0.152344
3 0.675181 0.379261 0.205664 0.225851
3 0.671885 0.529687 0.220166 0.276562
4 0.404917 0.614062 0.300586 0.464062
3 0.857773 0.649218 0.283447 0.464062
