3 0.666593 0.431941 0.126593 0.147692
3 0.131044 0.502355 0.262088 0.396358
3 0.527967 0.453919 0.175055 0.287765
3 0.955384 0.639121 0.087033 0.328791
9 0.477692 0.127472 0.015824 0.059780
9 0.813296 0.294798 0.007912 0.052747
9 0.651164 0.305406 0.005934 0.026374
10 0.351593 0.344088 0.014835 0.026374
10 0.387692 0.344967 0.009890 0.031648
10 0.333791 0.392439 0.014835 0.024615
10 0.477692 0.083868 0.009890 0.019341
10 0.698241 0.288703 0.019780 0.021099
10 0.599340 0.336176 0.007912 0.031648
