3 0.363001 0.510691 0.016986 0.023092
3 0.344516 0.514243 0.015987 0.015987
3 0.314541 0.511579 0.035970 0.049737
3 0.277072 0.516020 0.014988 0.026645
3 0.256589 0.517796 0.031974 0.040855
3 0.410962 0.507138 0.018984 0.026645
3 0.429447 0.506006 0.011990 0.024381
3 0.438939 0.502697 0.012989 0.021316
3 0.450429 0.500921 0.011990 0.024868
3 0.470912 0.504474 0.024979 0.031974
3 0.545851 0.501809 0.068943 0.090592
3 0.745187 0.554211 0.207829 0.177632
10 0.059251 0.382796 0.024979 0.019539
3 0.617792 0.497368 0.028976 0.053289
3 0.028526 0.521718 0.056689 0.084375
