9 0.460288 0.198515 0.013184 0.063281
9 0.584873 0.354375 0.014502 0.051562
9 0.568394 0.355547 0.013184 0.049219
9 0.445786 0.196172 0.013184 0.053906
9 0.469517 0.198515 0.010547 0.053906
10 0.594761 0.316875 0.018457 0.018750
10 0.585143 0.266308 0.036135 0.049572
1 0.803721 0.505547 0.030322 0.100781
1 0.815586 0.497343 0.019775 0.093750
1 0.767466 0.505547 0.031641 0.044531
1 0.864365 0.511406 0.011865 0.075000
1 0.854478 0.511406 0.021094 0.093750
2 0.928306 0.519609 0.018457 0.091406
8 0.930942 0.532500 0.052734 0.070312
3 0.284288 0.441093 0.014502 0.028125
3 0.333726 0.450468 0.018457 0.028125
3 0.383164 0.461015 0.030322 0.077344
3 0.356797 0.427031 0.019775 0.023437
3 0.077305 0.431718 0.040869 0.037500
3 0.465913 0.497725 0.114080 0.169975
4 0.980014 0.548594 0.038967 0.120347
3 0.307359 0.463359 0.039551 0.067969
3 0.365367 0.472734 0.052734 0.077344
3 0.637608 0.516093 0.270263 0.215625
3 0.147088 0.492334 0.294175 0.174081
1 0.909540 0.471517 0.011064 0.033974
10 0.844163 0.397311 0.015087 0.042914
1 0.040031 0.427709 0.008046 0.032185
1 0.045562 0.426815 0.009052 0.033974
1 0.026955 0.432179 0.012070 0.026821
3 0.173658 0.401572 0.049550 0.017370
