9 0.148477 0.208956 0.015077 0.059794
9 0.583399 0.169781 0.028995 0.129897
9 0.365938 0.345039 0.016237 0.055670
9 0.196005 0.418144 0.006959 0.024742
9 0.203544 0.438763 0.008119 0.020619
9 0.237178 0.449072 0.008119 0.016495
9 0.364803 0.400555 0.007348 0.028178
9 0.642685 0.216907 0.020876 0.103093
9 0.652544 0.325155 0.019716 0.043299
10 0.012917 0.324124 0.025515 0.045361
10 0.016397 0.405567 0.027835 0.043299
10 0.018136 0.448866 0.022036 0.030928
10 0.316783 0.407629 0.011598 0.043299
10 0.218781 0.235464 0.052191 0.020619
10 0.355056 0.260206 0.018557 0.037113
10 0.658922 0.146804 0.023196 0.045361
10 0.656023 0.081856 0.033634 0.076289
10 0.965319 0.232703 0.029689 0.070032
10 0.115423 0.420296 0.013918 0.028866
3 0.209923 0.467629 0.006959 0.020619
3 0.201804 0.472784 0.004639 0.018557
3 0.197165 0.469691 0.009278 0.024742
3 0.184987 0.475876 0.024356 0.037113
3 0.171650 0.462474 0.009278 0.022680
3 0.218041 0.473815 0.013918 0.028866
3 0.229059 0.482062 0.022036 0.057732
3 0.296327 0.462474 0.047552 0.088660
3 0.400709 0.469691 0.040593 0.045361
3 0.917420 0.318235 0.105541 0.096907
3 0.801441 0.362564 0.110180 0.078351
3 0.693580 0.414111 0.086985 0.090722
3 0.583399 0.460503 0.144974 0.096907
4 0.440745 0.456601 0.047552 0.047488
3 0.117162 0.516173 0.140335 0.154639
3 0.263876 0.485245 0.062629 0.088660
3 0.770706 0.485358 0.190206 0.187403
3 0.015680 0.486276 0.030155 0.041237
3 0.984108 0.286276 0.027835 0.061856
3 0.937137 0.370812 0.121778 0.111340
4 0.495255 0.441946 0.028995 0.051546
