9 0.429268 0.522231 0.010970 0.026003
9 0.307379 0.517897 0.010970 0.021669
10 0.291533 0.525481 0.023159 0.010835
10 0.658434 0.485715 0.026676 0.054699
10 0.440699 0.527736 0.015005 0.010659
10 0.540850 0.495832 0.011409 0.020878
10 0.569714 0.497311 0.019502 0.023836
10 0.465744 0.524471 0.006954 0.019650
1 0.298935 0.608908 0.012189 0.036838
1 0.231286 0.611075 0.013408 0.036838
1 0.211784 0.614325 0.010970 0.030337
1 0.262978 0.609992 0.006094 0.026003
3 0.322094 0.605658 0.012189 0.021669
3 0.343668 0.607448 0.021191 0.021853
3 0.366606 0.602030 0.023116 0.036084
3 0.386696 0.590489 0.012189 0.034671
10 0.422255 0.549480 0.021320 0.015494
3 0.425002 0.635995 0.095074 0.145184
3 0.524284 0.603203 0.050385 0.067711
3 0.621999 0.622867 0.090947 0.087831
