10 0.023079 0.150882 0.037224 0.052941
10 0.026057 0.177353 0.052114 0.031765
10 0.177932 0.320294 0.025313 0.015882
9 0.174954 0.252794 0.025313 0.018529
9 0.039458 0.084706 0.016379 0.084706
9 0.372392 0.133677 0.013401 0.050294
9 0.528734 0.397059 0.007445 0.026471
9 0.467686 0.387794 0.007445 0.029118
9 0.160809 0.350736 0.014890 0.018529
1 0.084127 0.428824 0.010423 0.047647
1 0.154109 0.435441 0.016379 0.055588
1 0.162298 0.439412 0.014890 0.047647
1 0.381177 0.453971 0.008934 0.034412
3 0.092834 0.428391 0.021882 0.020510
3 0.135011 0.429199 0.026801 0.029118
3 0.333767 0.442747 0.022650 0.024426
3 0.392642 0.442059 0.013401 0.015882
3 0.374774 0.455294 0.025313 0.037059
3 0.504464 0.477794 0.053603 0.071471
3 0.611670 0.477794 0.053603 0.097941
3 0.814319 0.532059 0.367776 0.460589
