10 0.444050 0.547354 0.028681 0.029137
10 0.509608 0.519431 0.012292 0.055845
10 0.508242 0.558280 0.015024 0.016996
10 0.480057 0.580133 0.013658 0.021853
10 0.304740 0.540070 0.006829 0.019424
3 0.453516 0.592575 0.008172 0.012744
3 0.425803 0.588750 0.018008 0.025985
3 0.388736 0.587417 0.013658 0.021853
3 0.345714 0.584989 0.017755 0.031565
3 0.332056 0.581347 0.012292 0.029137
3 0.276059 0.580133 0.025950 0.046133
3 0.084849 0.575277 0.091507 0.104407
3 0.438385 0.589134 0.011086 0.022422
3 0.226401 0.575435 0.009579 0.029269
3 0.401711 0.591059 0.015024 0.019424
3 0.414351 0.589282 0.010257 0.020727
3 0.366884 0.584989 0.032779 0.046133
3 0.306789 0.587417 0.051900 0.055845
3 0.178405 0.577705 0.106531 0.118975
3 0.026121 0.543712 0.028681 0.026709
9 0.318398 0.551343 0.012292 0.016996
3 0.261521 0.563494 0.008666 0.010014
3 0.547850 0.571635 0.020487 0.019424
3 0.462908 0.585672 0.008253 0.012577
