9 0.812812 0.361607 0.017755 0.036421
9 0.774570 0.367678 0.015024 0.029137
5 0.066240 0.536601 0.132481 0.111691
5 0.243792 0.529317 0.140676 0.101978
3 0.410418 0.528103 0.039608 0.050989
3 0.681526 0.535387 0.103800 0.143256
3 0.528558 0.540243 0.095605 0.138399
3 0.439782 0.518391 0.030047 0.046133
3 0.462318 0.513535 0.017755 0.041277
3 0.478024 0.511107 0.013658 0.036421
3 0.570315 0.502069 0.020090 0.027296
3 0.598229 0.508068 0.033631 0.052751
3 0.627268 0.520811 0.047183 0.094679
9 0.554297 0.469329 0.006679 0.015996
9 0.357749 0.465948 0.007020 0.018721
