3 0.115579 0.681071 0.231159 0.594875
3 0.923109 0.651934 0.151963 0.235522
3 0.282034 0.588804 0.055997 0.065558
3 0.380371 0.583948 0.058729 0.084982
3 0.471878 0.576664 0.036876 0.055845
3 0.534021 0.585162 0.046437 0.063130
3 0.609363 0.592925 0.049616 0.054375
3 0.449184 0.570967 0.009348 0.019033
3 0.442355 0.572123 0.012606 0.019803
3 0.425941 0.572821 0.012292 0.019424
3 0.342129 0.579335 0.023218 0.033993
3 0.322063 0.582014 0.034985 0.042586
3 0.565221 0.583946 0.022339 0.035127
3 0.586604 0.587833 0.025950 0.046133
3 0.495779 0.562339 0.013658 0.024281
9 0.498323 0.518899 0.005087 0.018014
9 0.445304 0.515668 0.005346 0.012730
3 0.408578 0.573936 0.013432 0.036205
