9 0.441218 0.081640 0.041420 0.082174
9 0.328935 0.272635 0.022211 0.059763
9 0.358650 0.274769 0.030015 0.059763
9 0.400687 0.252773 0.014407 0.019209
9 0.398886 0.277852 0.014407 0.026680
9 0.420797 0.271448 0.017409 0.041621
9 0.452313 0.331897 0.021611 0.034150
9 0.454714 0.362846 0.013207 0.023478
9 0.425600 0.362846 0.007804 0.029881
9 0.370672 0.374585 0.013207 0.025613
9 0.677081 0.364447 0.021611 0.037352
9 0.750917 0.321225 0.019209 0.027747
9 0.866517 0.328162 0.013207 0.033083
9 0.892030 0.334032 0.016208 0.029881
9 0.912440 0.321759 0.013807 0.018142
9 0.921745 0.376186 0.010805 0.039486
9 0.702937 0.396996 0.009004 0.019209
9 0.555424 0.408202 0.008404 0.009605
9 0.540417 0.406067 0.012006 0.011739
9 0.544319 0.421008 0.004202 0.009605
9 0.579136 0.413538 0.005403 0.011739
9 0.616355 0.400198 0.005403 0.017075
9 0.325811 0.378854 0.012606 0.012806
9 0.820155 0.325494 0.027013 0.036285
8 0.491343 0.090178 0.016808 0.071502
8 0.513854 0.283340 0.013807 0.048024
8 0.577485 0.291878 0.015007 0.043755
8 0.399798 0.326259 0.013807 0.039949
8 0.736576 0.315712 0.010805 0.043755
8 0.598208 0.429368 0.012606 0.036285
8 0.489898 0.394206 0.010559 0.017207
8 0.472300 0.393424 0.008799 0.015643
8 0.526855 0.400464 0.007039 0.017207
8 0.568651 0.419235 0.006159 0.017207
8 0.793912 0.323030 0.013199 0.039108
8 0.848027 0.326159 0.012319 0.039108
2 0.538954 0.438528 0.006159 0.015643
2 0.549648 0.439311 0.006429 0.017207
2 0.546873 0.440093 0.007919 0.015643
2 0.556552 0.439311 0.013199 0.020336
2 0.577671 0.449479 0.037837 0.037543
2 0.654957 0.485718 0.131989 0.179896
2 0.313049 0.445717 0.036957 0.054751
2 0.452957 0.563040 0.242859 0.336327
2 0.830913 0.554235 0.333491 0.323812
9 0.337936 0.015596 0.027371 0.028697
9 0.546546 0.287592 0.025968 0.047412
8 0.394601 0.359334 0.015440 0.021211
