2 0.166923 0.486783 0.119909 0.069871
2 0.241300 0.459471 0.074066 0.070688
2 0.366823 0.476797 0.007017 0.002772
2 0.580056 0.473331 0.082642 0.115041
2 0.531328 0.457392 0.028847 0.055441
2 0.511837 0.453927 0.011695 0.034651
2 0.506380 0.446997 0.017932 0.045739
2 0.495075 0.455313 0.014034 0.031879
2 0.488058 0.440067 0.010915 0.026335
2 0.443228 0.446997 0.011695 0.034651
2 0.451805 0.442839 0.014813 0.029107
2 0.424517 0.453234 0.021050 0.041581
2 0.470155 0.444533 0.017096 0.032496
2 0.689986 0.502438 0.174641 0.223152
2 0.332909 0.475410 0.093557 0.130287
