2 0.357796 0.444919 0.019716 0.035052
2 0.286469 0.452136 0.037113 0.053608
2 0.255735 0.457290 0.026675 0.039175
2 0.140335 0.457290 0.215722 0.216495
2 0.327062 0.456996 0.062629 0.076289
2 0.426224 0.449779 0.017397 0.037113
2 0.531186 0.444625 0.023196 0.022680
2 0.550902 0.447717 0.020876 0.024742
2 0.571778 0.450810 0.020876 0.030928
2 0.606572 0.452872 0.051031 0.092784
2 0.393750 0.451841 0.066108 0.098969
2 0.465077 0.466274 0.076546 0.103093
2 0.055670 0.586156 0.111340 0.251546
2 0.685770 0.474521 0.136856 0.169072
2 0.847892 0.449190 0.026675 0.028866
2 0.806720 0.450221 0.088144 0.047423
9 0.228479 0.394404 0.020876 0.037113
9 0.226160 0.361414 0.020876 0.024742
9 0.228479 0.315022 0.020876 0.030928
8 0.123518 0.331222 0.012758 0.030928
8 0.033054 0.329308 0.012758 0.022386
8 0.242397 0.363181 0.006959 0.028866
9 0.257474 0.368630 0.016237 0.039175
9 0.518428 0.428130 0.013918 0.026804
9 0.375193 0.364212 0.015077 0.022680
9 0.719155 0.355965 0.035954 0.059794
8 0.397809 0.355965 0.011598 0.022680
8 0.455799 0.356996 0.016237 0.024742
8 0.543363 0.359057 0.010438 0.016495
8 0.592075 0.358027 0.012758 0.022680
2 0.578061 0.304140 0.023395 0.015597
2 0.934841 0.444512 0.115027 0.060655
