8 0.832725 0.273515 0.025049 0.086719
8 0.461607 0.537187 0.007910 0.018750
8 0.429307 0.530156 0.006592 0.018750
9 0.519615 0.526640 0.013184 0.025781
9 0.841953 0.364922 0.019775 0.030469
0 0.926987 0.674296 0.044824 0.236719
0 0.945444 0.629765 0.029004 0.138281
0 0.978403 0.633281 0.034277 0.150000
0 0.892710 0.671953 0.050098 0.222656
0 0.876890 0.622734 0.034277 0.133594
2 0.377232 0.587578 0.042187 0.058594
2 0.410850 0.562968 0.017139 0.028125
2 0.429966 0.560625 0.013184 0.028125
2 0.462266 0.559453 0.011865 0.021094
2 0.480723 0.566484 0.014502 0.025781
2 0.507090 0.578203 0.035596 0.030469
3 0.256602 0.558281 0.209619 0.351562
2 0.059417 0.636796 0.118834 0.217969
0 0.141905 0.567656 0.014502 0.060937
