2 0.381224 0.594701 0.091507 0.128687
2 0.454977 0.575277 0.034145 0.050989
2 0.489121 0.565738 0.020487 0.031912
8 0.434490 0.404445 0.006829 0.038849
8 0.543070 0.416586 0.005463 0.033993
8 0.551947 0.411730 0.009560 0.043705
8 0.444733 0.402017 0.008195 0.043705
8 0.426295 0.406527 0.009560 0.038849
9 0.637309 0.447804 0.024584 0.029137
9 0.636626 0.481796 0.025950 0.033993
9 0.597018 0.423523 0.042339 0.024281
9 0.384562 0.401188 0.024370 0.022529
2 0.720383 0.566688 0.056539 0.051990
2 0.520060 0.549358 0.014622 0.031194
