8 0.400723 0.367417 0.010518 0.016828
8 0.456467 0.363677 0.008414 0.016828
8 0.388628 0.390790 0.005259 0.014958
9 0.491175 0.379571 0.006311 0.014958
9 0.482235 0.374896 0.011569 0.009349
9 0.480657 0.386115 0.008414 0.013089
9 0.611076 0.375831 0.006311 0.014958
2 0.280191 0.422576 0.021035 0.041136
2 0.453837 0.380506 0.009466 0.009349
2 0.444897 0.387985 0.010518 0.016828
2 0.434380 0.384245 0.010518 0.016828
2 0.427543 0.396399 0.011569 0.022438
2 0.581627 0.402009 0.027346 0.018698
2 0.611602 0.400139 0.028398 0.022438
2 0.637370 0.406683 0.023139 0.020568
2 0.712046 0.399204 0.037864 0.035526
2 0.759375 0.402009 0.039967 0.033657
2 0.662087 0.406683 0.015776 0.028047
2 0.838784 0.398269 0.072572 0.052355
2 0.790297 0.405748 0.035760 0.037396
2 0.683543 0.406683 0.022087 0.031787
2 0.947379 0.389855 0.102021 0.091621
2 0.412292 0.413227 0.027346 0.033657
2 0.188667 0.500765 0.219569 0.212471
9 0.945107 0.069495 0.108233 0.137742
