9 0.755388 0.440403 0.177547 0.151422
9 0.568844 0.429739 0.147556 0.147156
9 0.599434 0.324170 0.095972 0.059716
9 0.799175 0.352962 0.087574 0.044787
9 0.577241 0.648341 0.020394 0.042654
9 0.577841 0.678199 0.026392 0.017062
9 0.403293 0.667535 0.020394 0.021327
2 0.387098 0.690995 0.011996 0.012796
2 0.358306 0.692061 0.014396 0.010663
2 0.345110 0.689928 0.009597 0.019194
2 0.372702 0.708056 0.026392 0.025592
2 0.397894 0.698459 0.019194 0.023460
2 0.425486 0.715521 0.021594 0.036256
2 0.457877 0.715521 0.043187 0.074645
