2 0.076016 0.739209 0.139555 0.150595
2 0.161387 0.698562 0.070168 0.080390
2 0.557057 0.684702 0.144234 0.160780
2 0.454533 0.665297 0.057694 0.072074
2 0.345714 0.697085 0.085098 0.122154
2 0.268978 0.679158 0.062372 0.080390
8 0.210504 0.621637 0.010915 0.034651
8 0.235453 0.681930 0.024949 0.038809
8 0.377738 0.650051 0.021050 0.044353
8 0.451415 0.191273 0.023389 0.108111
8 0.064321 0.279286 0.019491 0.087320
2 0.189844 0.672228 0.024169 0.036037
9 0.142809 0.632542 0.018521 0.045058
8 0.148658 0.518165 0.008773 0.038126
8 0.856856 0.033793 0.048740 0.064121
8 0.757913 0.454910 0.026320 0.067587
8 0.434277 0.600482 0.006824 0.022529
8 0.419655 0.616945 0.006824 0.020796
9 0.064825 0.214891 0.018521 0.034660
9 0.447924 0.109178 0.018521 0.038126
9 0.933866 0.506034 0.031194 0.045058
9 0.982119 0.495636 0.024370 0.048524
8 0.007017 0.618172 0.012474 0.033265
