9 0.713401 0.268720 0.021594 0.017062
9 0.693607 0.309242 0.065980 0.059716
8 0.553848 0.222867 0.014396 0.057583
8 0.805773 0.209005 0.014396 0.059716
2 0.488467 0.469194 0.027592 0.042654
2 0.432684 0.518246 0.098371 0.153554
2 0.694047 0.488388 0.021912 0.046919
2 0.858558 0.538507 0.091173 0.151422
2 0.766185 0.542772 0.127162 0.172749
2 0.225745 0.484123 0.032390 0.046919
2 0.262335 0.481990 0.040788 0.046919
2 0.115378 0.462796 0.058783 0.042654
2 0.156166 0.486256 0.118765 0.063981
2 0.064393 0.476658 0.043187 0.074644
2 0.027398 0.476658 0.054796 0.091706
2 0.334010 0.532606 0.214143 0.254787
2 0.590687 0.543892 0.229632 0.307215
