2 0.462081 0.542621 0.021444 0.029153
2 0.450097 0.548227 0.015137 0.044850
2 0.409101 0.550469 0.031535 0.040365
2 0.432438 0.550469 0.025228 0.049336
2 0.349815 0.570652 0.064332 0.089701
2 0.306926 0.586350 0.059287 0.121096
2 0.222411 0.591956 0.145063 0.204070
2 0.581285 0.559439 0.037843 0.067276
2 0.595161 0.565046 0.040365 0.060548
2 0.622912 0.572895 0.037843 0.085216
2 0.720041 0.569531 0.163985 0.239950
2 0.848075 0.652504 0.243454 0.257890
2 0.095639 0.641292 0.189213 0.262375
2 0.532090 0.618866 0.116051 0.186129
9 0.431195 0.507184 0.008830 0.024668
9 0.343527 0.480274 0.012614 0.024668
9 0.184588 0.429817 0.012614 0.022425
