9 0.598724 0.553681 0.014587 0.035085
8 0.358470 0.579256 0.004290 0.014444
8 0.324148 0.616223 0.006006 0.013729
8 0.525899 0.576610 0.004290 0.012203
8 0.472271 0.555254 0.005148 0.012203
8 0.437949 0.564407 0.003432 0.012203
8 0.368876 0.554491 0.004290 0.016780
8 0.365444 0.555254 0.004290 0.018305
8 0.467981 0.556322 0.005148 0.013729
2 0.038012 0.732966 0.074650 0.093051
2 0.137116 0.686441 0.075508 0.079322
2 0.191603 0.675763 0.052341 0.070169
2 0.226783 0.666610 0.035180 0.054915
2 0.246947 0.658220 0.025742 0.059492
2 0.273118 0.644491 0.036896 0.032034
2 0.343907 0.634576 0.006864 0.018305
2 0.355061 0.633813 0.015445 0.019831
2 0.373509 0.630763 0.021451 0.032034
2 0.416412 0.648305 0.072934 0.149491
2 0.551126 0.624661 0.024883 0.047288
2 0.584590 0.617034 0.052341 0.068644
2 0.600464 0.627712 0.036038 0.068644
2 0.624918 0.617796 0.054057 0.097627
2 0.483340 0.703220 0.162172 0.237966
2 0.731317 0.670424 0.247977 0.251695
2 0.903559 0.631120 0.184028 0.191393
0 0.979496 0.573154 0.039018 0.136478
2 0.322455 0.649830 0.041186 0.051864
2 0.298001 0.648305 0.011155 0.030508
2 0.268827 0.647542 0.021451 0.022881
2 0.285988 0.645254 0.011155 0.024407
9 0.542116 0.569746 0.006864 0.019831
9 0.550697 0.564407 0.008581 0.015254
