2 0.318252 0.695745 0.048130 0.056273
2 0.265340 0.693481 0.043140 0.049897
2 0.402211 0.683547 0.030320 0.052207
2 0.359937 0.673152 0.011955 0.016632
2 0.208165 0.677310 0.027547 0.018480
2 0.447344 0.668070 0.010395 0.009240
2 0.386791 0.670380 0.005717 0.010164
2 0.375096 0.673152 0.007277 0.010164
2 0.293753 0.678234 0.005717 0.011088
2 0.300250 0.670842 0.006237 0.011088
2 0.338834 0.662433 0.005717 0.008316
2 0.346371 0.651807 0.004158 0.007392
2 0.345331 0.647649 0.005198 0.004620
2 0.364043 0.662895 0.005198 0.007392
2 0.371319 0.662433 0.004158 0.004620
2 0.367681 0.655503 0.005198 0.005544
2 0.373918 0.655965 0.004158 0.006468
2 0.369500 0.645339 0.004678 0.007392
2 0.373918 0.646725 0.004158 0.006468
2 0.375997 0.636561 0.004158 0.006468
2 0.380155 0.643953 0.005198 0.008316
2 0.380155 0.634713 0.004158 0.008316
2 0.384573 0.633327 0.004678 0.007392
2 0.391850 0.645801 0.004678 0.008316
2 0.396788 0.653193 0.005198 0.006468
2 0.397308 0.643953 0.005198 0.010164
2 0.402245 0.647187 0.004678 0.007392
2 0.421737 0.637947 0.005198 0.009240
2 0.414460 0.639795 0.004158 0.007392
2 0.414460 0.630555 0.004158 0.005544
2 0.359105 0.633789 0.004678 0.008316
3 0.075452 0.681314 0.076405 0.046201
2 0.722039 0.668378 0.057694 0.042505
2 0.650674 0.666282 0.050449 0.053098
2 0.613495 0.669764 0.025988 0.030493
9 0.817242 0.616325 0.011435 0.009240
9 0.277554 0.618404 0.052496 0.022177
9 0.180098 0.622562 0.109150 0.034189
