9 0.592945 0.293644 0.076640 0.170570
9 0.396958 0.414291 0.042708 0.085285
9 0.627320 0.402060 0.032177 0.043683
9 0.608306 0.397379 0.023401 0.048883
9 0.413489 0.468624 0.023401 0.024961
9 0.512653 0.347456 0.013456 0.036402
9 0.126237 0.569510 0.014041 0.024961
9 0.027659 0.393739 0.014626 0.018721
9 0.207265 0.303774 0.011116 0.013521
9 0.220721 0.504506 0.011116 0.017681
9 0.034972 0.539348 0.018721 0.022881
8 0.207557 0.340176 0.016381 0.061364
8 0.505925 0.407780 0.028082 0.102966
8 0.534884 0.431181 0.011116 0.056163
8 0.729701 0.314174 0.046218 0.100886
8 0.114244 0.495665 0.016966 0.035362
8 0.132088 0.494625 0.014041 0.024961
0 0.461755 0.561709 0.022816 0.078005
0 0.356156 0.566909 0.021061 0.080085
2 0.164850 0.587191 0.016381 0.024961
2 0.146421 0.587711 0.012286 0.032242
2 0.107516 0.593431 0.033932 0.052003
2 0.038775 0.604872 0.027497 0.045763
2 0.071244 0.601231 0.057333 0.063444
2 0.221013 0.634513 0.127538 0.200732
2 0.011636 0.604872 0.023271 0.074884
2 0.795953 0.734324 0.405429 0.522111
9 0.034680 0.421301 0.016966 0.011441
