2 0.696934 0.388359 0.025049 0.021094
2 0.729234 0.386015 0.023730 0.021094
2 0.660020 0.390703 0.038232 0.021094
2 0.626402 0.386015 0.034277 0.030469
2 0.584214 0.376640 0.068555 0.049219
2 0.527525 0.374297 0.055371 0.039844
2 0.467539 0.368437 0.072510 0.046875
2 0.396348 0.363750 0.090967 0.060937
2 0.341636 0.356718 0.060644 0.060937
2 0.304063 0.354375 0.061963 0.060937
2 0.265831 0.360234 0.101514 0.058594
2 0.176841 0.356718 0.089648 0.084375
2 0.087852 0.345000 0.093603 0.098437
2 0.033050 0.343828 0.066099 0.096094
2 0.907212 0.393047 0.015820 0.025781
2 0.925669 0.394218 0.031641 0.032812
2 0.941489 0.401250 0.031641 0.042187
2 0.962820 0.405937 0.024205 0.042187
2 0.983018 0.410625 0.032959 0.056250
4 0.546641 0.350859 0.085693 0.039844
2 0.811631 0.465703 0.185889 0.278906
