8 0.395030 0.383672 0.011865 0.030469
9 0.265831 0.441093 0.022412 0.018750
9 0.267149 0.410625 0.017139 0.032812
9 0.267808 0.361406 0.023730 0.037500
0 0.107627 0.524297 0.017139 0.030469
0 0.082579 0.550078 0.032959 0.138281
0 0.008001 0.547734 0.016002 0.091406
2 0.416123 0.532500 0.038232 0.089062
2 0.291538 0.546562 0.050098 0.098437
0 0.645518 0.527812 0.011865 0.079687
2 0.355479 0.548906 0.093603 0.126562
2 0.184751 0.564140 0.197754 0.194531
2 0.536753 0.521953 0.213574 0.367968
2 0.004046 0.626250 0.008091 0.103125
2 0.948740 0.579375 0.101514 0.154687
