2 0.054510 0.508542 0.109021 0.167010
0 0.098003 0.449043 0.012758 0.039175
0 0.088144 0.445950 0.011598 0.041237
9 0.082345 0.355670 0.020876 0.018557
8 0.409987 0.313697 0.010438 0.045361
8 0.401289 0.312666 0.006959 0.043299
8 0.593815 0.335346 0.018557 0.063918
8 0.617590 0.405449 0.031314 0.043299
8 0.522487 0.439764 0.015077 0.024742
9 0.456959 0.332990 0.046392 0.026804
9 0.522487 0.386598 0.015077 0.014433
9 0.602844 0.371134 0.042912 0.024742
2 0.476095 0.509868 0.017397 0.053608
9 0.461018 0.454197 0.012758 0.028866
0 0.641366 0.499264 0.025515 0.070103
0 0.567139 0.500295 0.018557 0.068041
0 0.551482 0.508542 0.015077 0.063918
0 0.541044 0.505449 0.015077 0.070103
0 0.528866 0.509573 0.013918 0.065979
0 0.513789 0.528130 0.023196 0.119588
9 0.814258 0.243594 0.042912 0.148454
2 0.180348 0.500589 0.154253 0.224742
8 0.203544 0.330192 0.008119 0.037113
9 0.294588 0.428424 0.011598 0.018557
2 0.353737 0.645950 0.324742 0.441237
2 0.800273 0.688819 0.395355 0.605906
8 0.165030 0.368858 0.009567 0.042520
