9 0.914923 0.214458 0.059923 0.097347
8 0.933004 0.306295 0.029962 0.075306
8 0.147800 0.231907 0.021696 0.055102
8 0.173112 0.254866 0.020663 0.049592
9 0.129203 0.240172 0.021696 0.034898
9 0.619627 0.411796 0.012398 0.022041
9 0.591731 0.438428 0.010332 0.016531
2 0.537245 0.472959 0.010332 0.014694
2 0.526397 0.473877 0.011365 0.012857
2 0.516582 0.475714 0.014464 0.016531
2 0.505733 0.477551 0.011365 0.016531
2 0.493335 0.477551 0.015497 0.020204
2 0.480937 0.476633 0.019630 0.036735
2 0.453042 0.471188 0.036161 0.029518
2 0.425147 0.469286 0.017564 0.018367
2 0.394668 0.466531 0.037194 0.023878
2 0.344560 0.469286 0.054758 0.025714
2 0.286703 0.504184 0.036161 0.055102
2 0.579511 0.484963 0.045647 0.064416
2 0.546027 0.472959 0.009298 0.018367
2 0.217997 0.537245 0.117781 0.117551
2 0.124152 0.536173 0.111237 0.104388
2 0.375884 0.687069 0.295485 0.409592
2 0.558753 0.470835 0.012398 0.020204
2 0.640890 0.525019 0.112615 0.165306
