2 0.591384 0.461331 0.010926 0.019424
2 0.562703 0.456475 0.013658 0.024281
2 0.551777 0.469830 0.013658 0.016996
2 0.544265 0.475900 0.015024 0.024281
2 0.535387 0.480756 0.013658 0.024281
2 0.521729 0.485612 0.019121 0.029137
2 0.506023 0.489254 0.017755 0.041277
2 0.483487 0.494110 0.032779 0.046133
2 0.414515 0.495324 0.077850 0.077698
2 0.603676 0.464973 0.008195 0.026709
2 0.622797 0.463759 0.032779 0.063130
2 0.637138 0.472258 0.034145 0.065558
9 0.282990 0.296223 0.038242 0.092266
2 0.770848 0.481970 0.147505 0.201529
2 0.892881 0.534780 0.208965 0.412770
