8 0.359217 0.525963 0.020471 0.012131
8 0.478631 0.542426 0.019496 0.013864
9 0.762300 0.521631 0.031194 0.010398
9 0.604381 0.580552 0.011698 0.010398
8 0.794468 0.573620 0.013647 0.020796
8 0.781796 0.571021 0.009748 0.025995
2 0.539556 0.692330 0.071161 0.091849
2 0.655071 0.668935 0.079934 0.055456
3 0.924118 0.664602 0.105279 0.060655
2 0.809091 0.671534 0.087733 0.046791
2 0.767174 0.668935 0.048740 0.041592
4 0.484479 0.644673 0.044841 0.076252
2 0.433789 0.668068 0.025345 0.029461
2 0.368965 0.664602 0.022421 0.025995
