2 0.203639 0.385087 0.050241 0.051247
2 0.318534 0.397532 0.059300 0.070282
2 0.143103 0.402657 0.100481 0.077603
2 0.253880 0.411442 0.074949 0.071746
2 0.032018 0.435602 0.064036 0.131779
2 0.369598 0.394604 0.032945 0.035141
2 0.483257 0.398997 0.032945 0.035141
2 0.444135 0.396800 0.043652 0.039534
2 0.550382 0.393140 0.030474 0.038069
2 0.577561 0.407782 0.023885 0.026356
2 0.513319 0.401193 0.015649 0.019035
2 0.632744 0.411442 0.012354 0.039534
2 0.656629 0.415103 0.048593 0.064425
2 0.881888 0.488313 0.233907 0.190347
9 0.874063 0.276735 0.018943 0.045390
2 0.971908 0.571765 0.047647 0.217059
2 0.597431 0.408971 0.016379 0.018529
