9 0.455424 0.353503 0.016093 0.044702
9 0.489118 0.379430 0.039226 0.021457
9 0.549466 0.388371 0.019110 0.042914
8 0.156200 0.120159 0.027156 0.107285
8 0.436314 0.355291 0.018104 0.059007
9 0.012371 0.399099 0.009052 0.039338
9 0.007845 0.453636 0.012070 0.026821
9 0.012371 0.362444 0.023133 0.026821
8 0.177322 0.475987 0.015087 0.042914
8 0.676699 0.362444 0.018104 0.076887
0 0.155697 0.610987 0.012070 0.041126
0 0.099875 0.591318 0.019110 0.073311
0 0.728497 0.579695 0.023133 0.132318
0 0.757665 0.577013 0.025145 0.126954
0 0.836620 0.615457 0.038220 0.207417
8 0.577628 0.470622 0.009052 0.046490
8 0.026955 0.454530 0.018104 0.057219
2 0.047574 0.603834 0.093539 0.155563
2 0.023938 0.717377 0.046267 0.386225
3 0.281924 0.526947 0.113655 0.223510
2 0.373954 0.642103 0.205182 0.272139
2 0.507725 0.585060 0.072417 0.089404
2 0.608305 0.631550 0.177020 0.196689
8 0.769735 0.397311 0.019110 0.071523
9 0.784822 0.297179 0.029168 0.021457
