8 0.391289 0.417187 0.010547 0.046875
8 0.600644 0.382500 0.013711 0.063750
8 0.712969 0.542812 0.012656 0.020625
8 0.380742 0.420000 0.010547 0.045000
8 0.400781 0.419062 0.010547 0.039375
8 0.589570 0.383437 0.010547 0.050625
8 0.611719 0.382500 0.008437 0.045000
9 0.862207 0.428437 0.017930 0.024375
2 0.567422 0.625312 0.021094 0.054375
2 0.286348 0.655312 0.127617 0.241875
2 0.697676 0.660937 0.133945 0.215625
3 0.416074 0.625312 0.062227 0.076875
2 0.503086 0.647812 0.120234 0.204375
2 0.140801 0.699375 0.279492 0.431250
2 0.853769 0.688125 0.290039 0.495000
