9 0.365915 0.433284 0.024356 0.028866
9 0.372294 0.459058 0.009278 0.014433
9 0.414046 0.448748 0.016237 0.022680
9 0.514562 0.455670 0.014691 0.012371
9 0.605412 0.414875 0.025515 0.030928
9 0.614691 0.441090 0.009278 0.021502
9 0.600193 0.444625 0.010438 0.018557
9 0.608892 0.464212 0.020876 0.024742
9 0.090464 0.492047 0.023196 0.018557
9 0.045812 0.498233 0.024356 0.026804
2 0.490979 0.469760 0.006959 0.018557
2 0.500258 0.468729 0.006959 0.016495
2 0.505477 0.471821 0.008119 0.018557
2 0.484021 0.469760 0.006959 0.022680
2 0.511856 0.473883 0.013918 0.018557
2 0.530606 0.467010 0.015077 0.028866
2 0.552642 0.470103 0.015077 0.014433
2 0.597294 0.454296 0.020876 0.032990
2 0.753889 0.446070 0.049871 0.039175
2 0.826956 0.432668 0.080026 0.070103
