8 0.436558 0.347344 0.010547 0.028125
8 0.562461 0.355547 0.009229 0.030469
8 0.523570 0.390703 0.007910 0.021094
8 0.484019 0.390703 0.007910 0.021094
9 0.408872 0.349687 0.031641 0.018750
9 0.408872 0.377812 0.010547 0.014062
9 0.416123 0.390703 0.011865 0.016406
9 0.598057 0.377812 0.014502 0.014062
9 0.603989 0.362578 0.015820 0.016406
9 0.787241 0.285234 0.023730 0.035156
2 0.466221 0.432890 0.011865 0.021094
2 0.458970 0.432890 0.013184 0.025781
2 0.449742 0.434062 0.013184 0.023437
2 0.402940 0.436406 0.019775 0.032812
2 0.382505 0.432890 0.031641 0.049219
2 0.363389 0.435234 0.027686 0.053906
2 0.329112 0.444609 0.059326 0.082031
2 0.269786 0.445781 0.069873 0.093750
2 0.204527 0.465703 0.105469 0.114844
2 0.089170 0.484453 0.148975 0.147656
2 0.571030 0.436406 0.018457 0.037500
2 0.581577 0.432890 0.023730 0.049219
2 0.654087 0.455156 0.047461 0.079687
2 0.707481 0.464531 0.112060 0.117187
2 0.534116 0.431718 0.013184 0.023437
2 0.542027 0.430547 0.013184 0.030469
2 0.554551 0.436406 0.022412 0.032812
2 0.496543 0.435234 0.025049 0.021094
2 0.434580 0.436406 0.025049 0.037500
2 0.011956 0.512578 0.023912 0.138281
3 0.874912 0.469218 0.249170 0.346875
2 0.602012 0.445781 0.043506 0.056250
2 0.983677 0.614531 0.031641 0.159375
