8 0.436841 0.275684 0.010391 0.025579
8 0.382885 0.260053 0.011191 0.028421
8 0.327331 0.271913 0.008793 0.024595
8 0.374092 0.316895 0.007993 0.011368
8 0.147343 0.211028 0.009064 0.039881
8 0.262402 0.266403 0.007993 0.019895
8 0.260404 0.229456 0.007194 0.036947
8 0.132009 0.283230 0.006596 0.027970
8 0.253610 0.314008 0.007993 0.024158
8 0.319156 0.323956 0.009592 0.021316
9 0.478624 0.344561 0.007194 0.022737
9 0.433462 0.349535 0.007993 0.012789
9 0.491014 0.293403 0.014388 0.019895
9 0.466634 0.312587 0.008793 0.018474
9 0.467034 0.330350 0.007993 0.017053
8 0.560557 0.254324 0.007993 0.032684
2 0.334343 0.362324 0.025579 0.044053
2 0.416276 0.372982 0.019984 0.039789
2 0.437059 0.383640 0.027977 0.041211
2 0.469032 0.402114 0.050359 0.078158
2 0.372312 0.415614 0.093523 0.130737
2 0.678060 0.495903 0.172658 0.163421
0 0.746004 0.434798 0.023980 0.066789
0 0.833532 0.473166 0.026378 0.109421
0 0.855514 0.491640 0.017586 0.081000
9 0.527031 0.326757 0.011078 0.012533
9 0.571848 0.313329 0.018128 0.014324
2 0.042602 0.333024 0.081577 0.057294
0 0.772266 0.461041 0.020143 0.116379
