2 0.177223 0.674689 0.064158 0.112812
2 0.481183 0.663781 0.010518 0.035526
2 0.491175 0.659574 0.015776 0.055159
2 0.079934 0.698373 0.132523 0.136496
2 0.319737 0.665963 0.063106 0.087881
2 0.446124 0.658795 0.028398 0.037396
2 0.366732 0.657944 0.026294 0.054224
8 0.442153 0.528659 0.016388 0.034650
8 0.330350 0.514074 0.019123 0.035655
0 0.569952 0.676122 0.013673 0.071053
2 0.516523 0.672196 0.034708 0.057964
8 0.443109 0.606191 0.009887 0.019446
8 0.407349 0.604322 0.011990 0.023186
9 0.179326 0.607687 0.013673 0.014958
9 0.274090 0.610492 0.008414 0.024307
9 0.690590 0.683414 0.012621 0.031787
9 0.652726 0.574966 0.027346 0.050485
8 0.707944 0.548601 0.007783 0.018698
0 0.587727 0.671074 0.012621 0.065443
2 0.979999 0.699873 0.037883 0.067347
