2 0.200810 0.484371 0.136473 0.074519
2 0.500369 0.416958 0.008773 0.013864
2 0.494033 0.416958 0.009748 0.013864
2 0.487696 0.427356 0.012673 0.017330
2 0.481848 0.436021 0.012673 0.017330
2 0.474536 0.446419 0.017547 0.031194
2 0.463326 0.461149 0.016572 0.036393
2 0.449191 0.470681 0.025345 0.045058
2 0.429695 0.476746 0.029244 0.053723
2 0.418485 0.486277 0.038018 0.048524
2 0.521815 0.420424 0.008773 0.010398
2 0.528151 0.427356 0.009748 0.013864
2 0.532538 0.441220 0.008773 0.020796
2 0.538386 0.453351 0.014622 0.045058
2 0.558857 0.461149 0.034118 0.043325
2 0.578354 0.481945 0.051665 0.064121
2 0.368282 0.510193 0.060438 0.076252
2 0.780112 0.555310 0.218357 0.215010
2 0.915150 0.433075 0.116977 0.039859
2 0.937260 0.620906 0.122826 0.266881
2 0.081866 0.604443 0.160843 0.258216
