8 0.450904 0.046233 0.020005 0.046944
8 0.422097 0.270996 0.010402 0.024183
8 0.461307 0.299447 0.012003 0.015648
8 0.520920 0.247524 0.009602 0.019916
8 0.769778 0.146523 0.022405 0.036986
8 0.512918 0.281665 0.011203 0.011380
9 0.571332 0.248946 0.016004 0.017071
9 0.356882 0.300158 0.016004 0.022761
2 0.545998 0.305036 0.012803 0.017071
2 0.534795 0.310014 0.011203 0.021338
2 0.527193 0.319972 0.020005 0.027028
2 0.517191 0.332775 0.017604 0.035564
2 0.560401 0.319972 0.030407 0.046944
2 0.580806 0.310726 0.015204 0.034141
2 0.420769 0.342022 0.024806 0.031296
2 0.473981 0.380634 0.105624 0.173551
2 0.237355 0.414064 0.056013 0.072550
2 0.206148 0.419754 0.043210 0.078240
2 0.168139 0.431134 0.098423 0.092466
2 0.043460 0.636591 0.086920 0.334299
0 0.608941 0.306797 0.014403 0.062592
0 0.651750 0.300395 0.018404 0.081085
0 0.674956 0.293994 0.021605 0.076818
