2 0.489121 0.537642 0.009560 0.019424
2 0.478878 0.536428 0.016389 0.031565
2 0.467952 0.531572 0.016389 0.036421
2 0.430392 0.525501 0.015024 0.029137
2 0.446099 0.536428 0.035510 0.046133
2 0.364835 0.532786 0.034145 0.043705
2 0.356640 0.594701 0.077850 0.094694
2 0.563556 0.537642 0.024584 0.029137
2 0.583360 0.532786 0.025950 0.038849
2 0.593604 0.553424 0.027316 0.055845
2 0.609993 0.558280 0.040974 0.055845
3 0.670770 0.590018 0.072387 0.104753
2 0.712427 0.622971 0.090142 0.135971
2 0.805300 0.670318 0.193941 0.206385
2 0.661893 0.527062 0.030047 0.036421
2 0.530095 0.542498 0.015024 0.019424
0 0.375078 0.531572 0.016389 0.041277
9 0.390785 0.479368 0.012292 0.029137
9 0.763644 0.445375 0.017755 0.058273
