2 0.810269 0.471526 0.291665 0.291729
2 0.647242 0.455944 0.126085 0.183396
2 0.576320 0.455944 0.055879 0.117170
2 0.529272 0.455873 0.052544 0.066086
2 0.474592 0.444482 0.021492 0.022925
2 0.431608 0.448302 0.012895 0.015283
3 0.304091 0.472500 0.053013 0.058585
3 0.170842 0.443208 0.104593 0.132453
3 0.077711 0.471227 0.073072 0.071321
2 0.019871 0.494151 0.039742 0.045849
9 0.366076 0.362123 0.021492 0.007642
2 0.242857 0.466132 0.018626 0.025472
2 0.391867 0.449576 0.012895 0.022925
0 0.369658 0.451359 0.017193 0.025472
9 0.535118 0.383893 0.021795 0.014275
2 0.406071 0.450170 0.012618 0.020393
2 0.443925 0.446091 0.010324 0.020393
