10 0.459622 0.332734 0.034118 0.020796
9 0.423067 0.314538 0.007798 0.019063
9 0.328510 0.318870 0.009748 0.027728
9 0.060438 0.227888 0.009748 0.050257
9 0.041917 0.220956 0.015597 0.053723
9 0.046791 0.298941 0.011698 0.039859
10 0.026807 0.303274 0.012673 0.031194
10 0.056051 0.342266 0.030219 0.019063
3 0.496177 0.452311 0.025345 0.083184
3 0.474244 0.447112 0.032169 0.097048
3 0.051665 0.466175 0.103330 0.239153
3 0.324611 0.554557 0.331435 0.485238
5 0.735980 0.353530 0.465958 0.644673
10 0.178877 0.382125 0.016572 0.064121
