9 0.103222 0.312371 0.023196 0.035052
9 0.588595 0.065979 0.022036 0.074227
9 0.616431 0.084536 0.022036 0.061856
10 0.739949 0.104124 0.106701 0.043299
10 0.900928 0.118557 0.034794 0.026804
9 0.901508 0.298969 0.022036 0.086598
9 0.874833 0.350103 0.024356 0.086598
3 0.976315 0.526392 0.044072 0.047423
10 0.639394 0.364949 0.010438 0.028866
10 0.600773 0.424742 0.011598 0.024742
3 0.557281 0.476289 0.012758 0.028866
3 0.570039 0.477320 0.017397 0.039175
3 0.540464 0.482474 0.018557 0.041237
3 0.369974 0.464949 0.018557 0.022680
3 0.350258 0.471134 0.013918 0.022680
3 0.328222 0.469072 0.034794 0.039175
3 0.306766 0.475258 0.017397 0.035052
3 0.289949 0.475258 0.018557 0.039175
3 0.269652 0.477320 0.022036 0.039175
3 0.236018 0.476289 0.047552 0.045361
3 0.155412 0.475258 0.060309 0.051546
9 0.136276 0.443299 0.010438 0.020619
9 0.358376 0.364949 0.013918 0.020619
9 0.403608 0.342268 0.013918 0.024742
9 0.495812 0.427835 0.010438 0.014433
10 0.423325 0.428866 0.020876 0.028866
10 0.386791 0.397938 0.031314 0.053608
3 0.433763 0.457732 0.018557 0.028866
3 0.418686 0.467010 0.020876 0.022680
3 0.392590 0.489691 0.059149 0.080412
3 0.073067 0.517526 0.146134 0.202062
3 0.603093 0.509278 0.088144 0.103093
3 0.485954 0.533608 0.134536 0.189691
3 0.778222 0.509897 0.164691 0.092784
10 0.358956 0.406804 0.012758 0.035052
10 0.358956 0.443299 0.010438 0.020619
