10 0.869917 0.599951 0.023730 0.067187
10 0.869038 0.642920 0.016699 0.012500
10 0.867281 0.546045 0.023730 0.018750
3 0.363228 0.659326 0.014062 0.023437
3 0.353560 0.660889 0.010547 0.026562
3 0.425191 0.660107 0.013184 0.015625
3 0.439253 0.666357 0.018457 0.028125
3 0.456831 0.666357 0.025488 0.037500
3 0.336861 0.663765 0.022852 0.026065
3 0.311372 0.664014 0.028125 0.032812
3 0.270943 0.669204 0.052734 0.061943
3 0.205384 0.663857 0.083657 0.110625
3 0.375557 0.659375 0.009668 0.015625
4 0.485400 0.667895 0.047961 0.063947
