10 0.313411 0.081879 0.049427 0.097189
10 0.319027 0.164423 0.051673 0.067899
10 0.313411 0.015311 0.044933 0.030621
3 0.669508 0.365689 0.054669 0.067439
3 0.599861 0.355473 0.032202 0.047929
3 0.433608 0.372115 0.056167 0.065237
3 0.540324 0.352145 0.025462 0.035947
3 0.488651 0.358136 0.023964 0.037278
3 0.302177 0.383174 0.046431 0.064420
3 0.824379 0.406390 0.300478 0.385542
10 0.738780 0.233654 0.015727 0.035947
3 0.620456 0.354808 0.017224 0.025296
3 0.638804 0.347485 0.019471 0.026627
3 0.566910 0.350148 0.022467 0.031953
3 0.190274 0.420079 0.108482 0.067347
3 0.504528 0.359620 0.015497 0.022959
