1 0.194265 0.428866 0.024356 0.134021
1 0.212822 0.430928 0.024356 0.134021
9 0.357796 0.314433 0.017397 0.032990
9 0.376353 0.310309 0.010438 0.041237
9 0.396070 0.358763 0.005799 0.026804
9 0.460438 0.363918 0.009278 0.016495
3 0.364755 0.437113 0.015077 0.035052
3 0.396650 0.442268 0.020876 0.037113
3 0.409407 0.446392 0.020876 0.049485
3 0.429704 0.446392 0.042912 0.070103
3 0.563660 0.423711 0.034794 0.041237
3 0.597874 0.457732 0.059149 0.092784
3 0.651224 0.475258 0.105541 0.103093
3 0.820403 0.470047 0.247893 0.249854
3 0.507410 0.473700 0.134536 0.172414
1 0.009278 0.417526 0.018557 0.103093
1 0.714608 0.425639 0.017606 0.035383
