10 0.524888 0.266484 0.018457 0.011719
10 0.512364 0.301640 0.048779 0.058594
10 0.530161 0.346172 0.010547 0.016406
3 0.347569 0.416484 0.022412 0.035156
3 0.482700 0.395390 0.021094 0.035156
3 0.508408 0.404765 0.030322 0.039844
3 0.559165 0.387187 0.026367 0.018750
3 0.530161 0.415312 0.039551 0.070312
3 0.217684 0.448125 0.147708 0.126562
3 0.089038 0.471822 0.112325 0.107292
3 0.574986 0.439922 0.089648 0.110156
3 0.412987 0.512578 0.181614 0.250781
3 0.017229 0.518437 0.034459 0.107812
5 0.809653 0.316875 0.379687 0.431250
