10 0.190368 0.168883 0.048947 0.116851
10 0.699415 0.370264 0.015383 0.032320
10 0.700814 0.436148 0.018180 0.009945
10 0.701513 0.453552 0.008391 0.019890
10 0.768640 0.410043 0.022376 0.017403
10 0.633687 0.406314 0.051744 0.049724
10 0.405035 0.441121 0.013985 0.034807
3 0.396644 0.494574 0.013985 0.017403
3 0.377065 0.492088 0.013985 0.027348
3 0.360284 0.490844 0.022376 0.039779
3 0.332314 0.498303 0.027970 0.029834
4 0.265187 0.463496 0.067127 0.139227
3 0.200158 0.510734 0.074119 0.069613
3 0.177083 0.485872 0.053142 0.059669
3 0.102264 0.530623 0.127262 0.104420
3 0.034438 0.520679 0.067127 0.119337
10 0.040731 0.415016 0.020977 0.017403
3 0.437899 0.502032 0.029368 0.047238
3 0.586138 0.530317 0.074119 0.124923
3 0.659558 0.543054 0.064330 0.074586
3 0.801504 0.521922 0.090901 0.062155
3 0.719693 0.557972 0.103488 0.104420
3 0.496635 0.521267 0.102089 0.182802
3 0.966832 0.630289 0.066336 0.196409
