10 0.593443 0.378984 0.015820 0.025781
10 0.590147 0.333281 0.017139 0.056250
3 0.213755 0.462187 0.126562 0.070312
3 0.239463 0.479765 0.156885 0.082031
3 0.528843 0.463359 0.029004 0.035156
3 0.559824 0.477422 0.067236 0.063281
3 0.602671 0.463359 0.023730 0.025781
3 0.658701 0.472734 0.017139 0.025781
3 0.648814 0.473906 0.021094 0.032812
3 0.623765 0.480937 0.050098 0.046875
3 0.675840 0.470390 0.025049 0.030469
3 0.778672 0.485625 0.048779 0.075000
3 0.735825 0.469218 0.021094 0.028125
3 0.948081 0.499687 0.015820 0.032812
3 0.936216 0.496172 0.021094 0.049219
3 0.919736 0.498515 0.040869 0.049219
3 0.880845 0.496172 0.055371 0.077344
3 0.846567 0.500859 0.042187 0.082031
3 0.451060 0.503203 0.158203 0.203906
3 0.710776 0.486598 0.065918 0.068366
3 0.803062 0.511406 0.076465 0.098437
