3 0.485942 0.547625 0.067262 0.103980
3 0.434764 0.523364 0.017547 0.027728
3 0.394310 0.524230 0.012673 0.029461
3 0.329972 0.512966 0.014622 0.013864
3 0.297804 0.513832 0.018521 0.012131
3 0.231029 0.511233 0.017547 0.017330
3 0.257349 0.509500 0.037043 0.020796
3 0.112590 0.512966 0.067262 0.034660
3 0.182776 0.504301 0.073111 0.045058
3 0.354830 0.524230 0.011698 0.025995
3 0.701374 0.531162 0.051665 0.053723
3 0.658483 0.528562 0.026320 0.031194
3 0.643373 0.526829 0.027295 0.045058
3 0.616079 0.522497 0.019496 0.032927
3 0.594145 0.525096 0.022421 0.024262
3 0.412831 0.524230 0.026320 0.043325
3 0.374326 0.525096 0.023395 0.038126
