9 0.370912 0.389698 0.012013 0.051864
9 0.536945 0.408003 0.014587 0.051864
10 0.616314 0.470545 0.020593 0.018305
10 0.605160 0.498766 0.018877 0.013729
10 0.605160 0.430884 0.013729 0.015254
10 0.759609 0.379020 0.015445 0.024407
10 0.739016 0.372156 0.010297 0.016780
10 0.263227 0.456817 0.033464 0.018305
10 0.247782 0.410291 0.033464 0.016780
10 0.259794 0.382834 0.011155 0.022881
9 0.035414 0.424020 0.008581 0.035085
8 0.757597 0.606109 0.045743 0.100281
1 0.780631 0.565884 0.012871 0.062542
3 0.836833 0.561308 0.084089 0.074746
3 0.110923 0.674952 0.217945 0.454576
3 0.314281 0.619274 0.102966 0.157119
3 0.398191 0.597918 0.048408 0.068644
3 0.468730 0.597918 0.051483 0.068644
3 0.234053 0.652071 0.146727 0.198305
3 0.556680 0.588003 0.036896 0.051864
3 0.425827 0.593342 0.025742 0.041186
3 0.533083 0.588766 0.008581 0.032034
3 0.524074 0.587240 0.007722 0.019831
3 0.515922 0.586478 0.006864 0.024407
3 0.507342 0.589528 0.008581 0.018305
3 0.502194 0.578851 0.006864 0.015254
9 0.457575 0.541478 0.006864 0.019831
9 0.254180 0.492187 0.016875 0.039375
