9 0.196621 0.356988 0.012669 0.063411
9 0.561771 0.283581 0.016567 0.063998
9 0.211312 0.358902 0.015593 0.069302
9 0.575894 0.287175 0.011500 0.071381
9 0.544026 0.286135 0.018322 0.075539
9 0.183996 0.361409 0.012864 0.063758
3 0.418767 0.599808 0.014423 0.021484
3 0.482203 0.632131 0.043092 0.066032
3 0.341290 0.611069 0.045414 0.068262
3 0.289758 0.620478 0.071773 0.089852
3 0.554687 0.686947 0.159110 0.171144
3 0.818681 0.649713 0.187115 0.127862
2 0.049771 0.738964 0.082642 0.270327
7 0.052070 0.812483 0.103888 0.202361
10 0.896244 0.423086 0.037854 0.040785
9 0.923788 0.475087 0.017235 0.046903
