3 0.406738 0.319279 0.010201 0.020714
3 0.385424 0.319403 0.011674 0.025423
3 0.374188 0.321738 0.017802 0.035280
3 0.416041 0.322575 0.011467 0.032572
3 0.433675 0.326263 0.029768 0.079381
1 0.257655 0.332749 0.007019 0.037356
1 0.218290 0.339152 0.006369 0.035964
1 0.210130 0.351789 0.006889 0.047631
3 0.175299 0.366437 0.065833 0.074205
10 0.215488 0.168070 0.016075 0.023135
10 0.218933 0.240197 0.010717 0.023135
10 0.217784 0.201411 0.009951 0.038105
5 0.504105 0.298834 0.022247 0.063723
5 0.539986 0.281327 0.057103 0.103420
3 0.538624 0.328368 0.051072 0.072636
3 0.470220 0.339832 0.068291 0.110813
3 0.318820 0.358690 0.128410 0.181590
5 0.079235 0.333461 0.158469 0.195153
1 0.704111 0.284792 0.016544 0.052447
1 0.683208 0.304158 0.009951 0.074849
1 0.574507 0.300076 0.008420 0.023135
1 0.609337 0.298034 0.010717 0.043548
1 0.619672 0.319128 0.020668 0.069405
8 0.690097 0.348367 0.016075 0.065363
8 0.656415 0.341583 0.016075 0.062601
10 0.660626 0.153100 0.012248 0.006804
10 0.661008 0.166709 0.011482 0.014970
10 0.647995 0.155822 0.008420 0.012248
10 0.652588 0.132006 0.011482 0.019052
10 0.750955 0.014970 0.050523 0.029940
8 0.876726 0.385812 0.078846 0.083014
1 0.677122 0.288157 0.010135 0.037423
1 0.663868 0.287464 0.005458 0.033265
1 0.191013 0.318442 0.009356 0.022177
1 0.183996 0.319828 0.006237 0.016632
1 0.164115 0.321214 0.007017 0.022177
