3 0.970334 0.811276 0.056910 0.372448
3 0.721987 0.598343 0.254036 0.296223
3 0.932318 0.538856 0.133847 0.191817
4 0.849005 0.512964 0.136578 0.175614
3 0.551414 0.550996 0.073453 0.114119
3 0.228979 0.560708 0.084599 0.114119
3 0.159284 0.570421 0.040974 0.065558
3 0.065829 0.580133 0.129548 0.060701
3 0.016560 0.574063 0.031413 0.029137
10 0.138798 0.417453 0.021853 0.021853
10 0.136066 0.457516 0.027316 0.053417
10 0.783980 0.276577 0.034445 0.065654
10 0.592921 0.436877 0.028681 0.050989
10 0.706640 0.365625 0.023203 0.052500
3 0.511523 0.557812 0.016875 0.061875
