1 0.533861 0.383684 0.012989 0.049737
1 0.521371 0.386349 0.009992 0.051513
3 0.558840 0.391678 0.028976 0.033750
3 0.581322 0.376579 0.013988 0.007105
3 0.610797 0.391678 0.098919 0.062171
3 0.484901 0.415658 0.024979 0.071053
3 0.448431 0.432533 0.063947 0.243355
3 0.096720 0.424299 0.085929 0.113204
3 0.281069 0.444967 0.320736 0.630592
3 0.072340 0.376579 0.144681 0.195395
9 0.473910 0.302862 0.008993 0.030197
10 0.471128 0.326788 0.012290 0.008902
3 0.815035 0.390885 0.097959 0.105389
3 0.901065 0.392170 0.168084 0.151657
