10 0.829695 0.289463 0.055060 0.088134
10 0.268052 0.351702 0.021444 0.078488
10 0.252915 0.433555 0.013876 0.008970
10 0.367073 0.418978 0.025228 0.015698
10 0.543462 0.401412 0.013876 0.022425
10 0.520756 0.449626 0.013876 0.011213
9 0.513608 0.396553 0.003784 0.020183
10 0.524961 0.395432 0.006307 0.022425
10 0.774932 0.482516 0.017660 0.060548
10 0.795115 0.485880 0.015137 0.062791
9 0.597492 0.443272 0.012614 0.017940
9 0.462941 0.463081 0.005046 0.020183
9 0.519705 0.396927 0.005046 0.022425
1 0.919794 0.495598 0.041691 0.177159
1 0.739822 0.513216 0.045411 0.137438
1 0.667922 0.493355 0.015137 0.074003
1 0.597354 0.497519 0.011209 0.061191
3 0.514929 0.491433 0.010091 0.020183
3 0.510381 0.500243 0.007843 0.020502
3 0.479339 0.497840 0.016398 0.024668
3 0.458526 0.506650 0.027751 0.040365
3 0.191105 0.539327 0.031535 0.035880
1 0.810882 0.494850 0.034058 0.125581
4 0.410592 0.485264 0.066855 0.150734
3 0.286973 0.551900 0.150109 0.178924
1 0.565368 0.496799 0.009514 0.042768
10 0.825244 0.344118 0.052114 0.042353
3 0.497724 0.498320 0.023788 0.042289
