10 0.630357 0.486797 0.013184 0.021094
10 0.650791 0.487968 0.022412 0.018750
10 0.458970 0.589321 0.013184 0.026983
3 0.458970 0.622734 0.010547 0.030469
3 0.466880 0.621562 0.013184 0.032812
3 0.476768 0.622734 0.011865 0.035156
3 0.489767 0.620850 0.024679 0.040764
3 0.395670 0.630932 0.013398 0.016362
3 0.514293 0.626250 0.036819 0.046875
3 0.561802 0.633566 0.058008 0.066195
3 0.349488 0.646087 0.017546 0.021373
3 0.380679 0.638220 0.019536 0.027216
3 0.425396 0.649687 0.046055 0.065625
3 0.935557 0.531858 0.127881 0.123159
3 0.985165 0.749296 0.028663 0.185156
