3 0.231829 0.578407 0.056272 0.059167
3 0.286958 0.586872 0.058185 0.055490
3 0.322734 0.580625 0.018984 0.026250
3 0.348574 0.588171 0.028477 0.031875
3 0.371255 0.587736 0.015820 0.025362
3 0.387598 0.589090 0.013711 0.018750
3 0.404958 0.587163 0.012739 0.022720
3 0.417129 0.588125 0.009492 0.011250
3 0.467226 0.597500 0.010547 0.018750
3 0.457207 0.596562 0.009492 0.024375
3 0.609609 0.601250 0.016875 0.022500
3 0.657310 0.601398 0.028349 0.024544
3 0.678933 0.623098 0.038100 0.043624
3 0.769170 0.609417 0.026962 0.029332
3 0.811054 0.605937 0.016875 0.028125
3 0.739858 0.614587 0.029531 0.030352
10 0.215684 0.488750 0.024258 0.041250
10 0.250488 0.495312 0.024258 0.035625
10 0.321152 0.526250 0.015820 0.030000
10 0.368086 0.522500 0.046406 0.045000
10 0.516797 0.548750 0.021094 0.037500
10 0.541054 0.550625 0.025312 0.033750
10 0.634219 0.532812 0.050625 0.061875
10 0.676971 0.420312 0.078322 0.125625
10 0.762011 0.438125 0.079102 0.116250
10 0.843750 0.455000 0.075937 0.135000
10 0.051680 0.530937 0.018984 0.039375
10 0.126562 0.551562 0.021094 0.043125
10 0.183516 0.562812 0.021094 0.039375
3 0.523125 0.590937 0.012656 0.024375
9 0.892827 0.574294 0.007655 0.016331
9 0.954450 0.579058 0.008420 0.014970
10 0.865779 0.538231 0.019137 0.023135
3 0.438079 0.590477 0.029820 0.048280
