10 0.437602 0.581137 0.009182 0.013059
3 0.423369 0.581137 0.011937 0.013059
3 0.412044 0.580484 0.012855 0.016324
3 0.397811 0.581300 0.011937 0.014692
3 0.358786 0.585381 0.009182 0.022854
3 0.342717 0.583749 0.022956 0.032648
3 0.308284 0.593543 0.029383 0.035913
3 0.165499 0.604154 0.057848 0.070193
3 0.100764 0.608235 0.077131 0.091415
3 0.035111 0.625375 0.068867 0.086518
1 0.063117 0.587013 0.016528 0.052237
1 0.146676 0.606439 0.014692 0.070193
1 0.149430 0.606439 0.014692 0.060399
3 0.630582 0.584401 0.034893 0.026119
3 0.669148 0.605623 0.055094 0.048972
3 0.505668 0.583585 0.006428 0.014692
3 0.513014 0.586034 0.008264 0.019589
3 0.521278 0.586850 0.010101 0.024486
3 0.530002 0.588482 0.014692 0.024486
3 0.546530 0.593380 0.029383 0.040810
3 0.565353 0.603990 0.030302 0.042443
3 0.614542 0.622795 0.058767 0.070193
3 0.910212 0.651362 0.101005 0.088150
3 0.799565 0.685643 0.188237 0.163241
3 0.910749 0.778386 0.175382 0.275877
10 0.378143 0.444780 0.020201 0.052237
10 0.450457 0.553269 0.007346 0.011427
