10 0.779359 0.246951 0.038018 0.015597
9 0.552064 0.117688 0.014952 0.069008
9 0.564414 0.120443 0.007798 0.067587
9 0.753606 0.304797 0.009073 0.027295
9 0.497639 0.354397 0.006824 0.019063
9 0.767564 0.307279 0.018843 0.034739
10 0.167667 0.356130 0.019496 0.036393
4 0.065020 0.455542 0.130040 0.224566
3 0.346544 0.408986 0.055564 0.072786
3 0.419665 0.401572 0.027916 0.032258
3 0.482951 0.407308 0.053483 0.072895
3 0.591346 0.406534 0.046061 0.054591
3 0.561002 0.408120 0.018521 0.046791
3 0.550618 0.407868 0.017250 0.029963
3 0.924706 0.393966 0.149347 0.146725
1 0.725936 0.409169 0.016955 0.076617
3 0.520620 0.396092 0.023250 0.036187
10 0.158520 0.329985 0.023460 0.013154
