10 0.727694 0.343479 0.032169 0.027728
10 0.728181 0.287157 0.031194 0.074519
10 0.327535 0.387670 0.031194 0.029461
3 0.520060 0.424930 0.008773 0.013864
3 0.670668 0.437927 0.025345 0.036393
3 0.312913 0.426663 0.009748 0.013864
3 0.300241 0.424063 0.019496 0.019063
3 0.476681 0.431862 0.009748 0.017330
3 0.511287 0.424063 0.012673 0.019063
3 0.497152 0.430995 0.015597 0.019063
3 0.464009 0.437927 0.023395 0.036393
3 0.335334 0.440526 0.042892 0.055456
10 0.006165 0.333954 0.010468 0.078164
10 0.006048 0.394748 0.012097 0.028536
