3 0.136415 0.321292 0.017191 0.023722
3 0.281815 0.391119 0.087802 0.094576
3 0.330779 0.318661 0.011155 0.013729
3 0.316621 0.324763 0.024025 0.019831
3 0.730913 0.333796 0.039864 0.090239
3 0.606231 0.358728 0.102830 0.063355
3 0.414953 0.331627 0.024025 0.033559
3 0.183194 0.384254 0.124417 0.071695
3 0.202328 0.317898 0.032606 0.021356
3 0.455625 0.324000 0.006864 0.012203
3 0.893093 0.290810 0.210222 0.551548
10 0.382090 0.288763 0.019735 0.010678
10 0.617796 0.301729 0.017161 0.015254
10 0.691331 0.259780 0.038612 0.028983
3 0.115983 0.316405 0.019338 0.029241
1 0.744701 0.335100 0.009831 0.077554
