9 0.017547 0.322336 0.013647 0.045058
9 0.276358 0.217490 0.014622 0.057189
9 0.575624 0.324069 0.026320 0.038126
9 0.291468 0.221823 0.013647 0.062388
10 0.558077 0.139506 0.028269 0.046791
10 0.562464 0.219223 0.025345 0.043325
10 0.583422 0.233954 0.039967 0.024262
10 0.545405 0.266881 0.020471 0.034660
1 0.814452 0.454910 0.057514 0.268614
1 0.870991 0.438447 0.063363 0.273813
1 0.618028 0.455777 0.046791 0.169833
1 0.247601 0.512099 0.023395 0.077985
3 0.057514 0.638607 0.115027 0.313672
3 0.452798 0.519031 0.258324 0.393389
1 0.579036 0.459243 0.021446 0.135173
3 0.148658 0.535494 0.039967 0.062388
3 0.172541 0.525963 0.025345 0.046791
3 0.188138 0.504301 0.042892 0.079718
3 0.217382 0.507767 0.013647 0.041592
3 0.311939 0.500835 0.019496 0.038126
3 0.304140 0.486104 0.029244 0.060655
3 0.270022 0.502568 0.015597 0.027728
3 0.231029 0.510366 0.013647 0.025995
