9 0.068237 0.410719 0.015597 0.058922
9 0.417003 0.252902 0.015167 0.066082
9 0.583910 0.434981 0.009748 0.058922
9 0.679441 0.483505 0.019496 0.041592
9 0.715509 0.426316 0.011698 0.058922
9 0.677979 0.396855 0.020471 0.093582
10 0.039098 0.440629 0.025557 0.045955
10 0.461572 0.283344 0.053614 0.022529
10 0.580011 0.329268 0.027295 0.062388
10 0.576599 0.385591 0.012673 0.039859
3 0.965060 0.586618 0.066287 0.071053
3 0.799830 0.643806 0.396747 0.282478
3 0.305115 0.532895 0.019496 0.032927
3 0.334359 0.532895 0.015597 0.022529
3 0.470832 0.547625 0.021446 0.027728
3 0.422092 0.532895 0.009748 0.015597
3 0.347032 0.534628 0.009748 0.019063
3 0.353368 0.531162 0.006824 0.015597
3 0.361166 0.532028 0.012673 0.017330
3 0.368965 0.534628 0.006824 0.019063
3 0.378713 0.532895 0.010723 0.019063
3 0.391873 0.532895 0.007798 0.019063
3 0.459622 0.539827 0.012673 0.022529
3 0.448899 0.539827 0.012673 0.019063
3 0.439151 0.538094 0.008773 0.015597
10 0.075060 0.447112 0.009748 0.013864
1 0.536144 0.552824 0.015597 0.072786
