3 0.462777 0.439031 0.029449 0.044875
3 0.441742 0.431551 0.021035 0.029917
3 0.407996 0.461792 0.077417 0.101616
1 0.343101 0.428801 0.027796 0.069291
3 0.234544 0.483906 0.260838 0.347784
3 0.086245 0.483906 0.111487 0.168283
3 0.025468 0.537169 0.050936 0.216898
1 0.012558 0.456813 0.016703 0.046035
9 0.456993 0.344044 0.005259 0.022438
3 0.557962 0.483906 0.184059 0.310388
3 0.710468 0.464273 0.152506 0.218767
10 0.822692 0.223816 0.029449 0.057964
10 0.830580 0.282715 0.015776 0.029917
10 0.837942 0.313567 0.013673 0.031787
10 0.821114 0.313567 0.009466 0.024307
3 0.940805 0.621711 0.116746 0.349654
3 0.322366 0.383310 0.137781 0.198200
10 0.254527 0.315062 0.014725 0.024307
9 0.398723 0.327717 0.006460 0.021692
9 0.405896 0.323436 0.007887 0.015681
