1 0.246439 0.578208 0.017193 0.096793
1 0.338137 0.585850 0.014328 0.076415
1 0.431268 0.569293 0.014328 0.053491
1 0.266498 0.608774 0.014328 0.081510
1 0.275095 0.573114 0.011462 0.035660
1 0.358912 0.555284 0.015761 0.035660
1 0.386135 0.557831 0.012895 0.045849
1 0.457058 0.564199 0.011462 0.038208
1 0.469237 0.564199 0.007164 0.038208
1 0.832018 0.588397 0.024357 0.112076
9 0.546607 0.449576 0.007164 0.028019
9 0.453476 0.478868 0.007164 0.030566
9 0.446590 0.521217 0.009474 0.022283
1 0.310198 0.599859 0.035820 0.140094
1 0.213485 0.603680 0.017193 0.101887
8 0.237126 0.652076 0.053013 0.101887
10 0.277244 0.399906 0.018626 0.096793
10 0.639022 0.473774 0.014328 0.020377
10 0.626127 0.497972 0.014328 0.028019
10 0.734589 0.425378 0.032954 0.020377
5 0.577412 0.547642 0.037252 0.066226
3 0.499325 0.564199 0.018626 0.033113
3 0.532996 0.533633 0.022925 0.012736
3 0.543025 0.618963 0.106026 0.163019
4 0.698482 0.568656 0.127518 0.194859
1 0.605351 0.564199 0.004298 0.028019
1 0.614664 0.568019 0.008597 0.040755
7 0.954712 0.657595 0.071639 0.094245
