9 0.490367 0.449873 0.007003 0.016008
9 0.518881 0.450762 0.010005 0.010672
9 0.500647 0.467787 0.008004 0.010672
9 0.511153 0.469565 0.011005 0.017787
3 0.488992 0.478459 0.018009 0.019565
3 0.479487 0.482016 0.015007 0.023123
3 0.467481 0.486463 0.017008 0.028459
3 0.450973 0.484684 0.020010 0.049802
3 0.434465 0.487352 0.027013 0.072925
3 0.418457 0.492688 0.017008 0.080040
3 0.403449 0.507806 0.037018 0.124506
3 0.375435 0.510474 0.043021 0.129842
3 0.302121 0.539822 0.145629 0.188538
3 0.519257 0.479348 0.010005 0.023123
3 0.527261 0.482905 0.010005 0.023123
3 0.534264 0.483795 0.010005 0.021344
3 0.542268 0.487352 0.008004 0.024901
3 0.554274 0.490909 0.024012 0.032016
3 0.580287 0.506917 0.026013 0.071146
3 0.593293 0.514921 0.028014 0.087154
3 0.647682 0.523562 0.106777 0.155248
