5 0.851007 0.196695 0.296342 0.337933
3 0.446949 0.183697 0.086758 0.166367
3 0.538094 0.170700 0.066287 0.112644
3 0.499589 0.160672 0.024370 0.047531
3 0.380175 0.164634 0.023395 0.038126
3 0.401621 0.162035 0.019496 0.032927
9 0.558077 0.071053 0.004874 0.024262
9 0.552229 0.071053 0.006824 0.027728
10 0.357754 0.114377 0.017547 0.013864
10 0.214945 0.062388 0.036068 0.020796
3 0.337772 0.162596 0.016381 0.027042
3 0.285119 0.169877 0.018721 0.029122
3 0.323732 0.170917 0.016381 0.022881
3 0.117214 0.181318 0.031592 0.031202
10 0.625610 0.080431 0.011701 0.024961
