9 0.396562 0.436837 0.009298 0.016531
3 0.333712 0.492245 0.018597 0.029388
3 0.315631 0.492245 0.021696 0.029388
3 0.292385 0.495918 0.026862 0.025714
3 0.186658 0.495918 0.044770 0.066122
1 0.229190 0.482143 0.011365 0.049592
1 0.210061 0.477898 0.011365 0.037429
3 0.478871 0.493163 0.009298 0.034898
3 0.510899 0.473877 0.054758 0.095510
3 0.515548 0.499592 0.043393 0.088163
3 0.261464 0.489490 0.038227 0.049592
3 0.112344 0.488542 0.105383 0.101446
3 0.464136 0.488755 0.017564 0.023878
3 0.754021 0.541717 0.489719 0.538372
3 0.429608 0.496612 0.061990 0.091837
