9 0.035602 0.277251 0.038389 0.051185
9 0.880751 0.373223 0.015595 0.034123
9 0.860357 0.375355 0.022793 0.046919
10 0.830366 0.262322 0.025193 0.025592
10 0.872953 0.278317 0.038389 0.027725
10 0.551536 0.415877 0.013196 0.031991
9 0.400981 0.380687 0.004799 0.017062
10 0.070991 0.119431 0.056383 0.034123
3 0.373989 0.443602 0.013196 0.027725
3 0.363792 0.450000 0.014396 0.036256
3 0.341599 0.450000 0.034790 0.061848
3 0.326003 0.459597 0.037189 0.063981
3 0.301410 0.463862 0.043187 0.076777
3 0.287615 0.473459 0.037189 0.091706
3 0.213836 0.470260 0.141558 0.157820
3 0.490354 0.460663 0.008398 0.019194
3 0.508349 0.461730 0.022793 0.034123
3 0.537140 0.476658 0.032390 0.046919
3 0.564132 0.470260 0.033590 0.059716
3 0.611518 0.473459 0.080376 0.108768
3 0.706890 0.522917 0.127162 0.146345
3 0.432771 0.488388 0.123563 0.166351
