3 0.367822 0.686049 0.071191 0.103125
3 0.321020 0.682533 0.046143 0.072656
3 0.305859 0.684877 0.023730 0.067969
3 0.274219 0.674330 0.042187 0.126562
3 0.143701 0.649721 0.287402 0.260156
3 0.482519 0.679017 0.179297 0.173437
5 0.510864 0.599330 0.080420 0.089062
9 0.543523 0.339504 0.023730 0.091406
9 0.656243 0.504738 0.014502 0.065625
9 0.673382 0.579738 0.017139 0.032812
10 0.819719 0.555235 0.051416 0.037500
10 0.814446 0.319689 0.038232 0.035156
10 0.571209 0.331620 0.029004 0.077344
10 0.644378 0.439113 0.030322 0.075000
10 0.939031 0.613723 0.015820 0.035156
10 0.347088 0.609035 0.013184 0.035156
10 0.090008 0.459674 0.042187 0.036008
3 0.972649 0.686379 0.048779 0.086719
1 0.654265 0.691066 0.026367 0.133594
1 0.741756 0.701197 0.022053 0.046043
1 0.752124 0.713671 0.038232 0.053906
