9 0.471560 0.176008 0.012248 0.050081
9 0.184345 0.127379 0.013473 0.067500
9 0.203942 0.137177 0.011023 0.065323
9 0.113919 0.303750 0.007349 0.019597
9 0.092485 0.304839 0.013473 0.026129
9 0.616699 0.339677 0.011023 0.026129
9 0.821240 0.272177 0.040418 0.047903
10 0.787558 0.117581 0.053891 0.043548
10 0.106570 0.248226 0.019597 0.034839
10 0.104121 0.280887 0.029395 0.017419
10 0.602001 0.247137 0.025721 0.019597
10 0.605063 0.186169 0.012248 0.041371
10 0.467886 0.346210 0.012248 0.013065
9 0.428692 0.340766 0.007349 0.023952
9 0.354592 0.330968 0.006124 0.021774
3 0.415219 0.369073 0.019597 0.028306
3 0.434204 0.374516 0.035519 0.034839
3 0.489320 0.468145 0.148201 0.209032
3 0.071045 0.446371 0.142089 0.195968
3 0.235871 0.588992 0.471379 0.494274
3 0.771023 0.477944 0.292727 0.307016
3 0.893528 0.644516 0.211939 0.479032
