3 0.615382 0.717486 0.045919 0.067273
10 0.843906 0.579154 0.019883 0.097885
3 0.509043 0.695291 0.039030 0.070020
3 0.672683 0.720563 0.055060 0.067976
3 0.727372 0.730664 0.066502 0.074796
3 0.789095 0.738917 0.094062 0.096526
3 0.207276 0.722356 0.129934 0.125076
10 0.305714 0.636707 0.013411 0.026284
10 0.695396 0.601586 0.015295 0.025831
10 0.568320 0.594562 0.016059 0.032628
3 0.341324 0.739577 0.163652 0.195770
3 0.449150 0.693127 0.045884 0.069335
3 0.553576 0.720839 0.084182 0.123302
3 0.896771 0.762462 0.156005 0.140030
10 0.534417 0.630589 0.013000 0.017674
9 0.975751 0.084224 0.045119 0.161782
9 0.251475 0.234308 0.020487 0.065558
