3 0.494935 0.486958 0.005615 0.011497
3 0.446822 0.498221 0.017606 0.028579
3 0.430034 0.501639 0.006268 0.013510
3 0.424183 0.498204 0.007542 0.020379
3 0.415436 0.497540 0.013013 0.021774
3 0.392435 0.498221 0.014544 0.014970
3 0.349647 0.498884 0.014632 0.019018
3 0.332115 0.506358 0.027235 0.025462
3 0.317835 0.504345 0.009186 0.016331
3 0.307118 0.507067 0.016841 0.021774
3 0.285502 0.506404 0.043453 0.036779
3 0.263904 0.512575 0.009951 0.027218
3 0.251487 0.513015 0.027256 0.033540
3 0.233630 0.517954 0.021434 0.029940
3 0.203010 0.524078 0.042868 0.039466
3 0.510205 0.500126 0.030620 0.043548
3 0.472698 0.504652 0.042863 0.049879
3 0.409187 0.501766 0.022292 0.030367
3 0.370119 0.515776 0.044399 0.055796
3 0.017224 0.547077 0.034447 0.061240
10 0.444219 0.373427 0.023730 0.019052
10 0.433502 0.396563 0.048226 0.032661
10 0.523831 0.365943 0.023730 0.014970
10 0.513114 0.391119 0.049757 0.035383
10 0.555982 0.387717 0.011482 0.028579
10 0.386041 0.346210 0.022199 0.021774
10 0.370425 0.371114 0.063536 0.028579
10 0.374253 0.403095 0.069660 0.032661
10 0.298851 0.408538 0.071957 0.059879
10 0.319902 0.482026 0.005358 0.010887
10 0.312630 0.479985 0.004593 0.012248
10 0.280096 0.467737 0.008420 0.012248
10 0.241821 0.445963 0.008420 0.020413
10 0.189384 0.441880 0.010717 0.017692
10 0.553379 0.429632 0.008420 0.009526
