10 0.564252 0.542816 0.012319 0.026593
9 0.510026 0.562481 0.010559 0.018772
9 0.436553 0.585946 0.006159 0.012514
3 0.424801 0.620512 0.027708 0.043496
3 0.404045 0.622048 0.010851 0.024701
3 0.390379 0.629108 0.023148 0.027877
3 0.371626 0.633030 0.017319 0.029465
3 0.355975 0.638120 0.024742 0.031863
3 0.329803 0.650726 0.034636 0.052247
3 0.303714 0.649920 0.026677 0.055431
3 0.268817 0.658184 0.062475 0.071958
3 0.231420 0.669916 0.059835 0.079780
3 0.522675 0.607265 0.008799 0.025029
3 0.529275 0.608048 0.011439 0.029722
3 0.538514 0.609612 0.012319 0.039108
3 0.554353 0.613523 0.029917 0.053187
3 0.569311 0.615087 0.033437 0.068830
3 0.587350 0.622909 0.034317 0.065701
3 0.608468 0.631512 0.050156 0.076651
3 0.655984 0.639334 0.087113 0.117323
3 0.792519 0.645278 0.211182 0.233082
3 0.064684 0.718279 0.129349 0.139224
