9 0.535435 0.411797 0.007910 0.021094
10 0.137291 0.468047 0.015820 0.035156
10 0.435240 0.421172 0.010547 0.030469
1 0.397666 0.510234 0.025049 0.091406
1 0.428648 0.500859 0.018457 0.077344
1 0.355479 0.514922 0.030322 0.100781
1 0.445786 0.495000 0.010547 0.051562
1 0.466880 0.500859 0.013184 0.053906
1 0.490321 0.494551 0.009967 0.041289
1 0.502185 0.494551 0.012601 0.041289
3 0.689024 0.498515 0.051416 0.114844
3 0.736947 0.501818 0.091000 0.133936
3 0.800540 0.522613 0.121520 0.172415
3 0.574326 0.479765 0.017139 0.030469
3 0.585634 0.474169 0.007874 0.023824
3 0.541367 0.496172 0.032959 0.044531
3 0.616514 0.502031 0.069873 0.112500
3 0.911826 0.554765 0.175342 0.292969
1 0.480724 0.496022 0.009986 0.045447
