2 0.520856 0.535632 0.040367 0.108166
8 0.521149 0.574634 0.031592 0.069684
9 0.532873 0.460524 0.002925 0.011441
10 0.181434 0.510670 0.012286 0.035362
10 0.013236 0.495589 0.019891 0.053043
10 0.901152 0.202663 0.024571 0.024961
10 0.939764 0.193823 0.036272 0.028082
10 0.940057 0.220865 0.034517 0.032242
10 0.917240 0.143380 0.041537 0.072804
10 0.654852 0.062329 0.211783 0.124659
3 0.482142 0.499230 0.008776 0.012481
3 0.472592 0.509520 0.009567 0.020582
3 0.482961 0.512122 0.005744 0.015378
3 0.508176 0.503390 0.005850 0.012481
3 0.563087 0.519201 0.013503 0.038661
3 0.602016 0.532684 0.045021 0.066908
3 0.647372 0.534592 0.077810 0.139368
3 0.424725 0.516762 0.015796 0.037442
3 0.417412 0.517802 0.016381 0.037442
3 0.404541 0.519882 0.031592 0.043683
3 0.383480 0.527163 0.028082 0.043683
3 0.367684 0.531323 0.032762 0.045763
3 0.344282 0.533923 0.042122 0.057203
3 0.314446 0.539123 0.052653 0.057203
5 0.541230 0.498710 0.022816 0.046803
3 0.257196 0.546478 0.095946 0.079045
3 0.452012 0.520997 0.046803 0.069684
3 0.492738 0.511297 0.015934 0.023250
3 0.728776 0.552718 0.157374 0.187211
3 0.061862 0.593801 0.123724 0.142488
3 0.577603 0.522027 0.033083 0.046211
