9 0.521476 0.345673 0.030995 0.022041
9 0.506495 0.375061 0.015497 0.036735
2 0.344043 0.388102 0.010332 0.020204
2 0.292902 0.378918 0.007232 0.016531
2 0.247959 0.367898 0.016531 0.020204
2 0.255708 0.376163 0.019630 0.025714
2 0.273272 0.368816 0.015497 0.018367
2 0.277404 0.384428 0.027895 0.038571
2 0.218514 0.389020 0.050625 0.051429
2 0.462857 0.408306 0.016531 0.027551
2 0.447224 0.401326 0.018868 0.031959
2 0.012262 0.375980 0.024525 0.049592
2 0.095949 0.580775 0.191897 0.374694
2 0.831199 0.574347 0.336772 0.343469
2 0.318731 0.406469 0.056824 0.086327
2 0.634879 0.433102 0.079554 0.077143
2 0.415332 0.432184 0.066122 0.097347
2 0.369356 0.392694 0.011365 0.014694
2 0.137411 0.373163 0.039260 0.038571
