3 0.442002 0.281481 0.218525 0.560882
2 0.284937 0.302120 0.057363 0.063130
2 0.214599 0.310618 0.107897 0.099550
2 0.031584 0.345825 0.061460 0.058273
0 0.101922 0.299692 0.013658 0.024281
0 0.762278 0.279053 0.025950 0.109263
0 0.809397 0.296050 0.032779 0.182104
0 0.825104 0.332471 0.047802 0.220953
0 0.911831 0.317902 0.032779 0.182104
2 0.558776 0.263271 0.015024 0.043705
9 0.013146 0.237776 0.016389 0.021853
9 0.254889 0.223208 0.010926 0.012140
9 0.311705 0.236864 0.009832 0.015171
2 0.130603 0.461158 0.256767 0.298651
2 0.148358 0.305762 0.027316 0.016996
0 0.066287 0.291143 0.019496 0.031194
0 0.420702 0.400424 0.064354 0.315763
