9 0.200323 0.359076 0.016572 0.017330
9 0.213970 0.315751 0.012673 0.013864
9 0.904134 0.327016 0.014622 0.036393
9 0.860268 0.372073 0.024370 0.015597
9 0.757913 0.400668 0.016572 0.010398
9 0.751089 0.411066 0.016572 0.010398
9 0.383099 0.392003 0.015597 0.020796
8 0.427453 0.375539 0.006824 0.029461
8 0.639474 0.373806 0.003899 0.022529
8 0.220307 0.348678 0.011698 0.045058
8 0.433302 0.375539 0.004874 0.029461
8 0.758401 0.444859 0.007798 0.015597
8 0.875865 0.424930 0.016572 0.024262
2 0.534195 0.490783 0.011698 0.038126
2 0.552716 0.498582 0.029244 0.046791
2 0.608768 0.485584 0.010723 0.034660
2 0.628264 0.489050 0.024370 0.041592
2 0.630701 0.460456 0.029244 0.029461
2 0.944101 0.511579 0.065312 0.079718
2 0.931916 0.504647 0.081884 0.083184
2 0.589271 0.517645 0.057514 0.095315
2 0.494715 0.501181 0.080909 0.145571
3 0.678466 0.496849 0.072136 0.136906
2 0.213483 0.622491 0.393822 0.395122
2 0.031681 0.635488 0.063363 0.296342
0 0.786670 0.516778 0.017547 0.069320
0 0.414781 0.514179 0.018521 0.064121
0 0.934353 0.525443 0.028269 0.114377
0 0.850032 0.499448 0.013647 0.097048
0 0.726232 0.488184 0.009748 0.043325
0 0.401621 0.491650 0.011698 0.043325
9 0.910958 0.352144 0.018521 0.020796
9 0.895361 0.357343 0.014622 0.024262
