2 0.038992 0.684532 0.077985 0.155969
2 0.261249 0.636874 0.079934 0.091849
2 0.322661 0.632542 0.044841 0.055456
2 0.357267 0.623877 0.030219 0.048524
2 0.397234 0.614346 0.024370 0.025995
2 0.413806 0.610013 0.012673 0.031194
2 0.431352 0.606547 0.014622 0.027728
2 0.866991 0.698396 0.263973 0.592683
2 0.612871 0.633300 0.102764 0.136689
2 0.553203 0.605681 0.045816 0.105712
2 0.525421 0.601348 0.027295 0.069320
2 0.504463 0.602215 0.014622 0.039859
2 0.469857 0.603081 0.015597 0.020796
8 0.398209 0.512099 0.008773 0.029461
8 0.493740 0.514699 0.006824 0.017330
8 0.448931 0.564868 0.006994 0.014211
8 0.484901 0.557763 0.006994 0.014211
