2 0.372406 0.369851 0.015440 0.014972
2 0.361177 0.372346 0.012633 0.017468
2 0.346438 0.373594 0.014037 0.019963
2 0.330647 0.377337 0.017546 0.022458
2 0.298714 0.380456 0.025266 0.063632
2 0.283274 0.382951 0.030880 0.071118
2 0.254850 0.389814 0.048426 0.084843
2 0.218355 0.400419 0.077903 0.088586
2 0.433114 0.376713 0.011931 0.021211
2 0.441887 0.382951 0.011229 0.028697
2 0.451712 0.389814 0.019651 0.034935
2 0.470661 0.390438 0.029477 0.043669
2 0.485400 0.402914 0.028073 0.048660
2 0.518035 0.425106 0.063866 0.092329
2 0.393461 0.371098 0.009826 0.012477
2 0.402935 0.369851 0.007720 0.009982
2 0.413463 0.372346 0.010527 0.012477
8 0.385741 0.328410 0.005615 0.013725
8 0.395566 0.350244 0.005615 0.009982
8 0.401532 0.358354 0.004913 0.011229
8 0.415349 0.355235 0.008685 0.009982
2 0.887107 0.536506 0.224584 0.429205
