9 0.014725 0.228584 0.029449 0.100970
9 0.089400 0.149117 0.143040 0.102839
9 0.316582 0.314595 0.016828 0.026177
2 0.036286 0.372559 0.072572 0.067313
2 0.216664 0.394062 0.037864 0.076662
2 0.267675 0.397801 0.072572 0.102839
2 0.409137 0.391257 0.025242 0.029917
2 0.463303 0.385648 0.017880 0.037396
2 0.562695 0.395932 0.012621 0.050485
2 0.594774 0.389387 0.011569 0.014958
2 0.607921 0.392192 0.014725 0.016828
2 0.621068 0.392192 0.015776 0.016828
2 0.636319 0.394062 0.014725 0.020568
2 0.650518 0.397801 0.026294 0.028047
2 0.692062 0.397801 0.033657 0.035526
9 0.719408 0.399671 0.048381 0.039266
2 0.768315 0.400606 0.053640 0.048615
2 0.830501 0.404346 0.078620 0.059834
2 0.973673 0.386583 0.049433 0.028047
2 0.944223 0.424914 0.110435 0.048615
9 0.825374 0.246347 0.041019 0.102839
9 0.587412 0.344512 0.019984 0.037396
9 0.661561 0.355731 0.010518 0.018698
9 0.653147 0.369754 0.010518 0.016828
9 0.628430 0.370689 0.009466 0.014958
9 0.604240 0.348252 0.013673 0.029917
9 0.700476 0.364145 0.014725 0.024307
9 0.924766 0.098632 0.098866 0.192590
9 0.815119 0.098632 0.113591 0.158934
2 0.436220 0.400606 0.049433 0.063573
2 0.121479 0.421174 0.192473 0.149585
2 0.353394 0.404346 0.113591 0.153324
2 0.510107 0.411825 0.107280 0.183241
