9 0.242623 0.342116 0.059951 0.031787
9 0.236839 0.411299 0.136730 0.132756
9 0.452977 0.484222 0.024191 0.065443
9 0.745702 0.526351 0.069417 0.080402
9 0.806705 0.533830 0.052588 0.057964
2 0.228759 0.596655 0.015776 0.010845
2 0.358652 0.598712 0.008414 0.011219
2 0.348661 0.594973 0.009466 0.011219
2 0.337617 0.592168 0.010518 0.013089
2 0.349712 0.604322 0.009466 0.011219
2 0.341298 0.607126 0.007362 0.016828
2 0.333410 0.608996 0.010518 0.016828
2 0.321315 0.591233 0.009466 0.011219
2 0.311849 0.593103 0.011569 0.011219
2 0.323944 0.609931 0.008414 0.018698
2 0.313952 0.610866 0.011569 0.016828
2 0.301857 0.602452 0.010518 0.011219
2 0.289762 0.600582 0.009466 0.011219
2 0.297124 0.618345 0.024191 0.028047
2 0.264519 0.592168 0.043122 0.031787
2 0.080460 0.587493 0.036812 0.022438
2 0.211931 0.594973 0.015776 0.018698
4 0.155661 0.579079 0.052588 0.046745
2 0.238225 0.689024 0.131471 0.179501
2 0.003681 0.583380 0.007362 0.031787
