2 0.341191 0.506250 0.007383 0.015000
2 0.331172 0.506250 0.012656 0.015000
2 0.317461 0.504375 0.014766 0.018750
2 0.278437 0.510000 0.018984 0.026250
2 0.243105 0.513750 0.020039 0.030000
2 0.295312 0.507187 0.023203 0.031875
2 0.259453 0.510937 0.025312 0.035625
2 0.227812 0.514687 0.010547 0.035625
2 0.175605 0.512812 0.017930 0.024375
2 0.119707 0.529687 0.041133 0.058125
2 0.018984 0.556875 0.037969 0.078750
2 0.067500 0.553125 0.101250 0.097500
2 0.151875 0.534375 0.059062 0.063750
2 0.200918 0.522187 0.049570 0.058125
3 0.374941 0.483750 0.022148 0.060000
2 0.391289 0.495000 0.010547 0.026250
2 0.410273 0.494062 0.012656 0.028125
2 0.415547 0.498750 0.012656 0.018750
2 0.425039 0.500625 0.018984 0.030000
2 0.436640 0.502500 0.014766 0.037500
2 0.398144 0.501562 0.015820 0.031875
2 0.455097 0.503437 0.032695 0.046875
2 0.859359 0.704625 0.278437 0.585000
8 0.115488 0.333750 0.017930 0.082500
9 0.230449 0.427500 0.009492 0.022500
9 0.699258 0.276187 0.031641 0.020625
9 0.664453 0.271500 0.012656 0.026250
9 0.680801 0.313687 0.041133 0.028125
8 0.706640 0.376875 0.025312 0.041250
8 0.506777 0.168750 0.017930 0.082500
8 0.529980 0.167812 0.020039 0.073125
9 0.518906 0.408750 0.014766 0.048750
