8 0.731593 0.473973 0.008773 0.043325
8 0.575137 0.546759 0.007798 0.022529
8 0.527858 0.477439 0.012673 0.022529
2 0.941664 0.639474 0.038992 0.048524
0 0.904134 0.636008 0.012673 0.058922
0 0.871966 0.639474 0.022421 0.065854
3 0.830536 0.629076 0.074085 0.058922
2 0.766199 0.625610 0.070186 0.086650
2 0.555153 0.590084 0.018521 0.022529
2 0.527371 0.588351 0.013647 0.022529
2 0.503976 0.562356 0.025345 0.019063
2 0.501051 0.600482 0.050690 0.081451
2 0.610717 0.631675 0.098456 0.102247
0 0.946051 0.655937 0.022421 0.071053
9 0.761812 0.469641 0.022421 0.010398
9 0.759375 0.491303 0.017547 0.029461
