0 0.126963 0.499548 0.036729 0.052237
0 0.054423 0.512607 0.018365 0.035913
2 0.181383 0.565162 0.084411 0.093980
2 0.220834 0.538694 0.048666 0.026119
2 0.245626 0.527267 0.022956 0.013059
2 0.271337 0.522370 0.033974 0.019589
2 0.306688 0.523390 0.040402 0.020813
2 0.353518 0.532981 0.058767 0.040810
2 0.382442 0.530532 0.028465 0.045707
2 0.422844 0.540327 0.056012 0.084885
2 0.583993 0.512576 0.038566 0.048972
2 0.620723 0.519921 0.038566 0.037545
2 0.669848 0.508495 0.061521 0.060399
2 0.730451 0.506862 0.060603 0.047340
2 0.786463 0.511759 0.056930 0.073458
2 0.809418 0.535429 0.055094 0.101209
2 0.832833 0.475846 0.019283 0.024486
2 0.720601 0.549847 0.081722 0.120798
2 0.295210 0.574199 0.101923 0.099577
2 0.109958 0.651330 0.219916 0.264450
2 0.484562 0.627777 0.218538 0.280774
2 0.908179 0.577719 0.180891 0.342805
