2 0.080287 0.659055 0.160246 0.225354
2 0.226531 0.609702 0.133937 0.133937
2 0.313232 0.610765 0.053814 0.072283
2 0.390365 0.592694 0.033484 0.044646
2 0.415478 0.587379 0.014350 0.042520
2 0.431024 0.578875 0.014350 0.029764
2 0.442385 0.575686 0.008371 0.027638
2 0.450158 0.572497 0.007175 0.025512
8 0.469890 0.517222 0.008371 0.021260
8 0.509952 0.525726 0.009567 0.017008
2 0.774836 0.623521 0.187751 0.191339
2 0.646764 0.598819 0.099257 0.123307
2 0.576208 0.585000 0.046639 0.057402
2 0.546910 0.583937 0.021526 0.038268
2 0.483529 0.577559 0.016742 0.025512
8 0.509354 0.557615 0.008371 0.017008
