9 0.506425 0.411286 0.018180 0.049724
2 0.412727 0.481255 0.012586 0.034807
2 0.426012 0.496172 0.013985 0.044751
2 0.444192 0.501144 0.019579 0.054696
2 0.472861 0.513575 0.029368 0.079558
2 0.529500 0.497415 0.092300 0.131768
2 0.610612 0.523520 0.114675 0.129282
2 0.162399 0.475039 0.040556 0.062155
2 0.109256 0.478769 0.060135 0.069613
2 0.049172 0.473540 0.096394 0.099646
2 0.250503 0.475927 0.071323 0.069613
2 0.343502 0.497060 0.100691 0.161602
2 0.928766 0.613911 0.135653 0.181492
2 0.774933 0.546784 0.213968 0.186464
8 0.242811 0.395481 0.011188 0.022376
8 0.240713 0.425316 0.020977 0.022376
8 0.435102 0.417857 0.015383 0.022376
