2 0.373101 0.471392 0.017089 0.028692
2 0.357437 0.506329 0.025633 0.040506
2 0.299525 0.510548 0.027532 0.032067
2 0.271044 0.508861 0.025633 0.042194
2 0.248734 0.508017 0.024684 0.043882
2 0.207911 0.518987 0.055063 0.055696
2 0.400158 0.468354 0.014241 0.021941
2 0.423892 0.473418 0.012342 0.018565
9 0.455221 0.450633 0.008544 0.016878
2 0.444304 0.478481 0.011392 0.025316
2 0.454747 0.493671 0.011392 0.032067
2 0.464240 0.502953 0.020886 0.033755
2 0.467563 0.524050 0.019937 0.032067
2 0.497943 0.528270 0.035127 0.050633
2 0.546361 0.535021 0.061709 0.081013
0 0.851582 0.566244 0.028481 0.106329
2 0.224051 0.472574 0.045570 0.027004
2 0.179430 0.472574 0.053165 0.040506
2 0.130538 0.474261 0.046519 0.050633
2 0.084968 0.474261 0.050316 0.047257
2 0.029905 0.477637 0.059810 0.054008
2 0.665524 0.563013 0.049403 0.076238
