2 0.894386 0.575353 0.207634 0.426316
2 0.406251 0.435847 0.028269 0.038126
2 0.440369 0.428049 0.016572 0.025995
2 0.467177 0.424583 0.013647 0.019063
2 0.517379 0.429782 0.018521 0.019063
2 0.478387 0.422850 0.008773 0.015597
2 0.458403 0.421117 0.007798 0.015597
2 0.491059 0.421983 0.014622 0.017330
8 0.480824 0.376926 0.007798 0.017330
8 0.416974 0.403787 0.006824 0.015597
9 0.512262 0.387757 0.007798 0.012131
9 0.426478 0.402487 0.005849 0.013864
9 0.404058 0.408553 0.007798 0.015597
8 0.443050 0.409419 0.005849 0.013864
9 0.636445 0.360460 0.010443 0.020253
