2 0.573884 0.358718 0.011795 0.015976
2 0.603652 0.350231 0.011795 0.006990
2 0.605337 0.361714 0.016288 0.013979
2 0.590172 0.360715 0.010672 0.013979
2 0.627944 0.355723 0.018535 0.021967
2 0.632999 0.366707 0.027522 0.027959
2 0.662487 0.368204 0.028083 0.028957
2 0.697872 0.375194 0.029207 0.028957
2 0.729185 0.376692 0.041002 0.027959
2 0.784229 0.392169 0.067400 0.054919
2 0.828600 0.360715 0.046057 0.025962
2 0.865109 0.395664 0.083127 0.061908
2 0.950623 0.415135 0.097169 0.090865
2 0.539950 0.359967 0.006740 0.012981
2 0.553992 0.361964 0.006740 0.014978
2 0.443858 0.341744 0.004493 0.007988
2 0.436837 0.345738 0.005055 0.007988
2 0.441330 0.349232 0.006178 0.008987
2 0.434871 0.360715 0.007863 0.015976
2 0.429816 0.345738 0.004493 0.003994
2 0.429816 0.350231 0.004493 0.004993
2 0.415775 0.356222 0.005617 0.010984
2 0.410439 0.358718 0.007302 0.011982
2 0.403979 0.359717 0.006740 0.013979
2 0.399486 0.359218 0.007863 0.018972
2 0.392746 0.361215 0.013480 0.022966
2 0.384321 0.361714 0.007863 0.025962
2 0.355395 0.390172 0.074702 0.112833
2 0.320291 0.357720 0.011233 0.015976
2 0.303331 0.362891 0.029207 0.025962
2 0.502973 0.378439 0.032577 0.051923
2 0.211749 0.389423 0.071893 0.091864
2 0.074140 0.388924 0.046057 0.068898
2 0.123848 0.408894 0.118512 0.124815
2 0.031734 0.420377 0.063468 0.175740
2 0.261088 0.448502 0.161199 0.172744
2 0.465254 0.428532 0.095484 0.144785
4 0.910351 0.327515 0.152774 0.079882
4 0.776393 0.335503 0.091552 0.051923
2 0.926777 0.666572 0.143225 0.345488
2 0.532461 0.359467 0.006740 0.011982
2 0.524878 0.356971 0.007302 0.014978
2 0.515611 0.357470 0.006740 0.015976
2 0.422486 0.358968 0.008537 0.014978
2 0.412096 0.347485 0.005504 0.005991
2 0.276371 0.355402 0.023590 0.020969
2 0.252500 0.357898 0.025275 0.017973
9 0.482473 0.336252 0.006178 0.009985
