9 0.556529 0.330937 0.029004 0.028125
9 0.528843 0.326250 0.023730 0.032812
9 0.632334 0.350859 0.014502 0.016406
9 0.611240 0.397734 0.011865 0.021094
9 0.439854 0.380156 0.011865 0.023437
9 0.443150 0.359062 0.010547 0.009375
9 0.441831 0.346172 0.013184 0.016406
9 0.459629 0.357890 0.011865 0.011719
9 0.460288 0.330937 0.015820 0.032812
9 0.443809 0.327422 0.014502 0.021094
2 0.543345 0.424687 0.010547 0.018750
2 0.585532 0.422343 0.015820 0.028125
2 0.443150 0.431718 0.089648 0.084375
2 0.563780 0.421172 0.027686 0.049219
2 0.928965 0.534843 0.141064 0.159375
3 0.024370 0.332734 0.038992 0.076252
3 0.485942 0.305007 0.030219 0.020796
