8 0.408213 0.571171 0.009229 0.030469
8 0.451719 0.560625 0.009229 0.032812
8 0.501157 0.564140 0.007910 0.030469
8 0.357456 0.550078 0.007910 0.035156
8 0.346250 0.538359 0.009229 0.035156
8 0.362071 0.660234 0.011865 0.011719
8 0.036436 0.483281 0.014502 0.051562
9 0.368662 0.678984 0.014502 0.021094
9 0.405576 0.683671 0.009229 0.021094
9 0.571690 0.627421 0.022412 0.039844
9 0.543345 0.601640 0.015820 0.016406
9 0.571690 0.678984 0.032959 0.110156
2 0.411987 0.719921 0.035596 0.053906
2 0.365185 0.738515 0.071191 0.086719
2 0.021275 0.722109 0.021094 0.039844
9 0.184751 0.619218 0.026367 0.051562
3 0.485337 0.636796 0.108105 0.114844
3 0.122129 0.683671 0.090967 0.100781
3 0.334863 0.689296 0.015820 0.021094
2 0.316406 0.696093 0.013184 0.016406
9 0.184092 0.681328 0.032959 0.096094
9 0.220347 0.676640 0.007910 0.021094
9 0.212437 0.684843 0.013184 0.023437
4 0.263194 0.675468 0.083057 0.070312
2 0.262535 0.796171 0.176660 0.180469
2 0.008001 0.723515 0.016002 0.053906
2 0.496543 0.821953 0.204346 0.260156
9 0.044424 0.594867 0.024883 0.044237
8 0.056865 0.492664 0.017161 0.047288
