2 0.223758 0.647140 0.018711 0.031879
2 0.198420 0.642289 0.033525 0.036037
2 0.159048 0.637438 0.045219 0.045739
2 0.423348 0.668624 0.028067 0.074846
2 0.491956 0.666545 0.017152 0.020791
2 0.554328 0.670703 0.010915 0.020791
2 0.586683 0.676247 0.008576 0.012474
2 0.596429 0.680405 0.010915 0.020791
2 0.607344 0.677633 0.010915 0.023563
2 0.617089 0.677633 0.013254 0.023563
2 0.671275 0.689415 0.032745 0.049897
2 0.944670 0.708727 0.090439 0.085934
2 0.987343 0.724204 0.024949 0.081776
4 0.296655 0.613183 0.097456 0.102567
2 0.109072 0.634805 0.058473 0.055441
2 0.368305 0.689276 0.118506 0.157177
2 0.462330 0.658506 0.038982 0.054055
2 0.571090 0.675138 0.024169 0.029107
2 0.634631 0.681376 0.020271 0.030493
3 0.523064 0.661139 0.045999 0.077618
4 0.792640 0.668301 0.215182 0.253645
9 0.514566 0.614014 0.021830 0.022177
8 0.559707 0.636191 0.007017 0.013860
0 0.948751 0.743609 0.035084 0.106725
