2 0.245105 0.566633 0.036161 0.053265
2 0.207911 0.571224 0.054758 0.077143
2 0.146438 0.588673 0.080587 0.078980
2 0.029310 0.601530 0.058619 0.115714
2 0.077216 0.597857 0.080587 0.104694
2 0.417742 0.528979 0.018597 0.029388
2 0.440988 0.529898 0.017564 0.027551
2 0.458552 0.528979 0.017564 0.029388
2 0.476633 0.523469 0.012398 0.029388
2 0.483865 0.528061 0.016531 0.034898
2 0.494196 0.534490 0.022730 0.040408
2 0.508144 0.547347 0.025829 0.051429
2 0.527258 0.549184 0.026862 0.069796
2 0.554636 0.545510 0.038227 0.084490
2 0.556703 0.551020 0.034094 0.077143
2 0.599062 0.558367 0.083686 0.128571
2 0.637806 0.580408 0.078520 0.154286
2 0.800168 0.582245 0.293797 0.301224
2 0.965253 0.630954 0.068189 0.233265
2 0.374436 0.550408 0.084547 0.124898
