2 0.471023 0.398709 0.016259 0.028904
2 0.429420 0.399559 0.022953 0.030605
3 0.431811 0.370372 0.020084 0.025504
3 0.403598 0.389075 0.021041 0.056108
2 0.367573 0.383124 0.040168 0.040806
2 0.283570 0.431581 0.150154 0.154723
2 0.512467 0.406927 0.035387 0.064610
2 0.580530 0.416279 0.034430 0.049307
8 0.394512 0.170875 0.012433 0.081612
8 0.577183 0.163224 0.012433 0.056108
8 0.755072 0.341751 0.010520 0.025504
8 0.496368 0.346852 0.005738 0.015302
8 0.400250 0.317097 0.012433 0.034005
8 0.382079 0.317097 0.014346 0.030605
8 0.741682 0.341751 0.010520 0.025504
8 0.592963 0.165775 0.013389 0.051008
0 0.815324 0.432714 0.019128 0.095214
0 0.795240 0.431014 0.021041 0.091814
9 0.374906 0.273741 0.022953 0.045907
9 0.745986 0.275441 0.018171 0.015302
9 0.737378 0.299244 0.023910 0.015302
9 0.591529 0.357903 0.011477 0.023804
9 0.515974 0.352802 0.017215 0.013602
9 0.419378 0.323898 0.015302 0.034005
9 0.623090 0.352802 0.008608 0.030605
9 0.061209 0.337500 0.011477 0.023804
8 0.031561 0.323048 0.019128 0.028904
8 0.010042 0.329849 0.020084 0.032305
