2 0.067268 0.612371 0.016237 0.018557
2 0.142655 0.602062 0.034794 0.026804
2 0.196585 0.595876 0.045232 0.063918
2 0.361276 0.589691 0.063789 0.059794
2 0.271392 0.618557 0.122938 0.183505
2 0.554961 0.577320 0.047552 0.063918
2 0.604253 0.564949 0.057990 0.076289
2 0.642526 0.575258 0.071907 0.059794
2 0.703995 0.574227 0.062629 0.074227
4 0.457539 0.506186 0.156572 0.346392
8 0.157732 0.429897 0.020876 0.082474
8 0.281830 0.406186 0.011598 0.043299
8 0.428544 0.164948 0.022036 0.096907
9 0.281250 0.374227 0.010438 0.016495
9 0.427384 0.093814 0.019716 0.037113
9 0.162951 0.503093 0.028995 0.051546
9 0.128737 0.545361 0.009278 0.016495
9 0.588595 0.398969 0.054510 0.037113
9 0.561340 0.503093 0.011598 0.014433
2 0.036534 0.619588 0.012758 0.012371
