2 0.492326 0.575037 0.096960 0.147966
2 0.619747 0.777918 0.008581 0.007627
2 0.645059 0.562834 0.095244 0.151017
2 0.779344 0.552918 0.108114 0.118983
4 0.686675 0.507918 0.056631 0.117458
2 0.346886 0.555206 0.102966 0.105254
2 0.400944 0.558257 0.015445 0.053390
2 0.416818 0.551393 0.016303 0.051864
2 0.437840 0.549105 0.037754 0.056441
3 0.583279 0.541478 0.045477 0.080847
2 0.028550 0.546054 0.054915 0.166271
2 0.969402 0.596393 0.059205 0.181525
9 0.153396 0.005697 0.023167 0.011393
8 0.154254 0.080800 0.028316 0.126610
8 0.304842 0.316478 0.027458 0.122034
8 0.545525 0.347749 0.012871 0.050339
9 0.302268 0.216562 0.027458 0.050339
9 0.545525 0.312664 0.009439 0.016780
8 0.490181 0.453766 0.008581 0.045763
9 0.489752 0.417918 0.009439 0.016780
9 0.317713 0.447664 0.027458 0.048814
8 0.173131 0.504867 0.009439 0.022881
8 0.285536 0.318003 0.012871 0.082373
8 0.334445 0.363766 0.023167 0.076271
8 0.740732 0.456054 0.012013 0.025932
8 0.264943 0.501054 0.007722 0.030508
9 0.256362 0.507918 0.009439 0.019831
9 0.272236 0.507918 0.008581 0.016780
8 0.807660 0.026647 0.034322 0.051864
