2 0.362730 0.462187 0.015820 0.042187
2 0.474790 0.445781 0.010547 0.018750
2 0.462925 0.446953 0.013184 0.021094
2 0.447764 0.450468 0.014502 0.028125
2 0.518296 0.437578 0.007910 0.021094
2 0.509727 0.439922 0.009229 0.021094
2 0.669248 0.441093 0.027686 0.084375
2 0.706821 0.452812 0.068555 0.098437
2 0.735166 0.476250 0.061963 0.098437
2 0.494566 0.444609 0.031641 0.044531
2 0.532798 0.439922 0.013184 0.016406
2 0.549278 0.434062 0.011865 0.014062
2 0.608604 0.430547 0.019775 0.025781
2 0.338999 0.471562 0.044824 0.046875
2 0.816904 0.480937 0.148975 0.187500
2 0.404917 0.445781 0.076465 0.112500
2 0.124676 0.537187 0.249351 0.215625
