2 0.415582 0.443067 0.012871 0.020801
2 0.425528 0.439946 0.011701 0.018721
2 0.434888 0.437866 0.009361 0.018721
2 0.443664 0.437866 0.015211 0.022881
2 0.457705 0.438906 0.012871 0.020801
2 0.468235 0.438906 0.012871 0.029122
2 0.596358 0.446187 0.060844 0.081125
2 0.651936 0.465948 0.090095 0.108166
2 0.752562 0.482589 0.150939 0.174730
2 0.341283 0.447227 0.014041 0.020801
2 0.328997 0.451387 0.010531 0.024961
2 0.317881 0.445147 0.014041 0.029122
2 0.302670 0.444107 0.016381 0.027042
2 0.289800 0.443067 0.014041 0.029122
2 0.276929 0.444107 0.011701 0.031202
2 0.261133 0.444107 0.024571 0.039522
2 0.249432 0.450347 0.036272 0.043683
2 0.237146 0.453467 0.037442 0.049923
2 0.213160 0.462828 0.050313 0.047843
2 0.490467 0.435786 0.040952 0.039522
2 0.888875 0.516911 0.219973 0.280817
9 0.500997 0.390023 0.010531 0.027042
9 0.052275 0.367142 0.030422 0.022881
