2 0.367131 0.456555 0.009567 0.019134
2 0.358162 0.456555 0.015546 0.023386
2 0.347399 0.463996 0.025113 0.034016
2 0.336038 0.482067 0.009567 0.057402
2 0.275647 0.476752 0.120783 0.174331
3 0.225421 0.448051 0.094473 0.150945
3 0.163834 0.463996 0.057402 0.093543
2 0.088494 0.515020 0.165030 0.174331
2 0.019134 0.528839 0.038268 0.121181
0 0.026989 0.456555 0.015711 0.027638
2 0.484924 0.532134 0.221235 0.363543
3 0.916796 0.468142 0.161442 0.926929
8 0.397028 0.395433 0.007175 0.017008
8 0.481934 0.297638 0.011959 0.038268
8 0.470573 0.298701 0.008371 0.048898
8 0.693603 0.150945 0.019134 0.059528
8 0.777313 0.025512 0.026309 0.051024
8 0.789272 0.158386 0.033484 0.159449
8 0.759375 0.307205 0.014350 0.057402
8 0.807210 0.296575 0.040659 0.061654
8 0.769540 0.217913 0.046639 0.078661
8 0.385233 0.876331 0.009567 0.008504
0 0.593748 0.464528 0.013155 0.053150
0 0.609892 0.461339 0.021526 0.085039
0 0.684036 0.445394 0.023917 0.057402
0 0.690613 0.466654 0.020330 0.044646
2 0.693005 0.454961 0.101649 0.072283
0 0.749808 0.504921 0.026309 0.150945
0 0.741437 0.504921 0.019134 0.150945
0 0.727087 0.497480 0.026309 0.195591
0 0.790468 0.508110 0.016742 0.178583
0 0.804220 0.500669 0.039464 0.218976
9 0.138186 0.393001 0.011193 0.016837
