9 0.721395 0.269347 0.035811 0.055502
9 0.725527 0.342805 0.016528 0.045707
9 0.556510 0.394226 0.007472 0.011427
8 0.510753 0.412183 0.006428 0.014692
8 0.494225 0.413815 0.002755 0.014692
8 0.471728 0.410550 0.011019 0.014692
2 0.522472 0.445647 0.009182 0.014692
2 0.532573 0.448912 0.011019 0.021221
2 0.539918 0.451360 0.011019 0.029383
9 0.487120 0.426874 0.008264 0.009794
2 0.482988 0.448912 0.014692 0.014692
2 0.460033 0.446463 0.007346 0.016324
2 0.411366 0.459522 0.014692 0.022854
2 0.398511 0.466868 0.012855 0.024486
2 0.439372 0.456258 0.010101 0.026119
2 0.241953 0.498700 0.053257 0.078356
2 0.176759 0.511759 0.087232 0.104474
2 0.099169 0.536245 0.088150 0.137122
2 0.032138 0.547672 0.064276 0.176300
2 0.656074 0.454625 0.063358 0.094680
2 0.709791 0.473398 0.097332 0.112636
2 0.818601 0.487273 0.172627 0.163241
2 0.935216 0.480744 0.126716 0.261185
2 0.377851 0.475030 0.022956 0.031016
2 0.318166 0.498700 0.081722 0.091415
2 0.426517 0.466052 0.026629 0.032648
2 0.449932 0.456258 0.020201 0.022854
2 0.495843 0.448912 0.018365 0.021221
2 0.513749 0.446463 0.013773 0.016324
2 0.589350 0.487273 0.112942 0.142019
