2 0.573042 0.354141 0.018721 0.024961
2 0.584158 0.352061 0.019891 0.037442
2 0.596443 0.358301 0.028082 0.041602
2 0.617505 0.356221 0.035102 0.074884
2 0.652607 0.364542 0.077225 0.099846
2 0.551981 0.354141 0.014041 0.024961
2 0.463055 0.362462 0.024571 0.029122
2 0.442579 0.363502 0.025742 0.031202
2 0.427953 0.367662 0.019891 0.027042
2 0.414497 0.370782 0.014041 0.029122
2 0.516293 0.353101 0.014041 0.027042
2 0.402065 0.373902 0.013163 0.035362
2 0.318844 0.393144 0.033932 0.062404
2 0.289592 0.397304 0.047973 0.066564
2 0.240449 0.404584 0.069034 0.081125
2 0.107061 0.422265 0.087755 0.091525
2 0.029837 0.420185 0.059674 0.137288
2 0.377348 0.377023 0.043293 0.043683
2 0.738607 0.385343 0.155619 0.139368
2 0.530919 0.348941 0.021061 0.033282
2 0.502253 0.355181 0.019891 0.029122
8 0.562336 0.307026 0.009361 0.020801
8 0.482186 0.316387 0.012871 0.018721
8 0.554964 0.322627 0.010531 0.018721
8 0.518692 0.321587 0.010531 0.016641
9 0.655122 0.292466 0.017551 0.033282
9 0.634646 0.305986 0.011701 0.027042
