2 0.486902 0.247055 0.017755 0.075270
2 0.463001 0.248269 0.043705 0.106835
3 0.361250 0.206992 0.173455 0.291367
2 0.169357 0.342356 0.335983 0.393346
2 0.522583 0.240204 0.021853 0.021853
2 0.645196 0.239164 0.073752 0.109263
2 0.709183 0.267087 0.079215 0.101978
2 0.724790 0.280441 0.035510 0.094694
3 0.869287 0.210596 0.260051 0.414060
0 0.852621 0.336210 0.125652 0.514749
2 0.543445 0.231637 0.017755 0.024281
0 0.580799 0.233094 0.013658 0.048561
8 0.487073 0.130942 0.010926 0.036421
8 0.668722 0.141868 0.010926 0.033993
2 0.599750 0.224422 0.017755 0.053417
8 0.444050 0.169791 0.009560 0.036421
