2 0.347675 0.284559 0.040202 0.068824
2 0.300772 0.299780 0.074449 0.086029
2 0.472748 0.279265 0.016379 0.063529
0 0.683934 0.283235 0.011912 0.063529
0 0.670285 0.285883 0.010423 0.058235
0 0.613704 0.291177 0.010423 0.058235
0 0.622638 0.289853 0.010423 0.060882
0 0.661103 0.270000 0.008934 0.026471
0 0.659366 0.286765 0.013401 0.063529
0 0.648199 0.286765 0.005956 0.052941
2 0.440736 0.286765 0.059559 0.095294
2 0.539752 0.314559 0.126563 0.219706
2 0.405745 0.284559 0.013401 0.045000
2 0.387133 0.292500 0.041691 0.060882
2 0.158575 0.378971 0.317151 0.315000
9 0.634798 0.106324 0.023824 0.029118
9 0.642988 0.147353 0.013401 0.010588
9 0.573006 0.187059 0.025313 0.010588
8 0.338741 0.153971 0.007445 0.029118
8 0.541986 0.184412 0.005956 0.026471
8 0.629835 0.155294 0.005956 0.031765
8 0.618171 0.246177 0.010423 0.021176
8 0.215156 0.187059 0.010423 0.021176
9 0.551026 0.178298 0.007445 0.029118
9 0.776151 0.143521 0.021444 0.022425
