2 0.475146 0.483559 0.014587 0.019831
2 0.424092 0.479746 0.010297 0.015254
2 0.410363 0.483559 0.010297 0.010678
2 0.398779 0.488898 0.014587 0.039661
2 0.335712 0.495000 0.015445 0.033559
2 0.323700 0.503390 0.008581 0.028983
2 0.495739 0.488898 0.012871 0.024407
2 0.515045 0.497288 0.036038 0.062542
2 0.545077 0.508729 0.018877 0.057966
2 0.586692 0.510254 0.072934 0.091525
2 0.612533 0.534661 0.102307 0.112881
2 0.101464 0.544576 0.123559 0.120508
2 0.714971 0.550678 0.148443 0.193729
2 0.240469 0.541525 0.152733 0.166271
2 0.031104 0.566695 0.061780 0.125085
2 0.866845 0.661537 0.263424 0.409346
2 0.374110 0.499119 0.048051 0.061017
2 0.448439 0.482797 0.029174 0.035085
8 0.391980 0.408521 0.016389 0.024281
8 0.469147 0.397595 0.015024 0.026709
8 0.422027 0.437658 0.010926 0.014568
8 0.428173 0.453440 0.012292 0.012140
