8 0.391977 0.397007 0.008993 0.015987
8 0.491396 0.397007 0.009992 0.023092
8 0.425450 0.415658 0.009992 0.014211
8 0.376990 0.433421 0.006994 0.014211
9 0.546850 0.411217 0.010991 0.033750
9 0.562837 0.407664 0.012989 0.040855
9 0.392477 0.430757 0.007993 0.026645
2 0.603803 0.485822 0.054955 0.079934
2 0.650265 0.493816 0.041965 0.071053
2 0.711215 0.496480 0.101916 0.104803
2 0.842107 0.515132 0.203832 0.198947
2 0.350012 0.444967 0.026978 0.037303
2 0.183149 0.468947 0.066945 0.063947
2 0.045363 0.488487 0.090725 0.081711
2 0.102216 0.481382 0.040966 0.060395
2 0.948519 0.555099 0.100917 0.161645
9 0.527858 0.413319 0.008773 0.012131
