8 0.519058 0.417654 0.007198 0.019194
8 0.447680 0.415521 0.008398 0.019194
8 0.490267 0.430450 0.007198 0.019194
8 0.472272 0.453910 0.009597 0.014929
9 0.450079 0.435782 0.008398 0.017062
9 0.450752 0.436765 0.008122 0.015882
9 0.538253 0.414455 0.016795 0.012796
9 0.717000 0.396327 0.016795 0.044787
2 0.481869 0.472038 0.014396 0.021327
2 0.442281 0.472038 0.014396 0.021327
2 0.754788 0.505094 0.116365 0.125829
2 0.897555 0.524565 0.204890 0.231911
2 0.588638 0.486966 0.019194 0.038389
2 0.613230 0.484834 0.044387 0.063981
2 0.539827 0.472876 0.015145 0.018739
2 0.036802 0.478436 0.071979 0.093839
8 0.546588 0.430267 0.008122 0.017326
8 0.515319 0.451925 0.007309 0.014439
