2 0.333545 0.373828 0.071191 0.072656
2 0.384961 0.367968 0.050098 0.060937
2 0.916918 0.410156 0.106787 0.084375
2 0.943285 0.534375 0.112060 0.360937
2 0.767944 0.465234 0.293994 0.260156
2 0.479223 0.464062 0.199072 0.290625
2 0.216211 0.437109 0.189844 0.185156
8 0.041528 0.352734 0.019775 0.035156
9 0.236645 0.318750 0.014502 0.028125
9 0.512841 0.206250 0.026367 0.037500
9 0.572168 0.281250 0.021094 0.018750
9 0.274219 0.310547 0.010547 0.021094
8 0.133405 0.204167 0.022785 0.038819
8 0.415842 0.196572 0.016139 0.033755
9 0.502234 0.323154 0.016139 0.027004
