8 0.920083 0.371898 0.013658 0.021853
8 0.961056 0.305126 0.019121 0.067986
8 0.831990 0.340333 0.012292 0.041277
8 0.687217 0.333049 0.009560 0.026709
8 0.695814 0.255351 0.009361 0.041277
8 0.771149 0.262635 0.010799 0.036421
8 0.806455 0.262284 0.010391 0.041979
8 0.841664 0.248575 0.012519 0.031202
8 0.977081 0.309578 0.013658 0.065558
8 0.818651 0.344784 0.010926 0.043705
8 0.462864 0.285297 0.009560 0.036421
8 0.210002 0.297743 0.009945 0.026098
8 0.930917 0.228238 0.014202 0.038849
8 0.949838 0.168750 0.013803 0.046133
9 0.355650 0.292096 0.030047 0.046133
9 0.398747 0.311480 0.020663 0.059694
9 0.126335 0.322445 0.012292 0.020399
9 0.191893 0.326574 0.012292 0.026709
2 0.162528 0.347213 0.016389 0.024281
4 0.081264 0.320504 0.066923 0.053417
2 0.075118 0.335072 0.057363 0.033993
2 0.025950 0.326574 0.038242 0.031565
2 0.012292 0.341142 0.024584 0.026709
2 0.213062 0.344784 0.010926 0.019424
2 0.228086 0.347213 0.019121 0.019424
2 0.289546 0.353283 0.024584 0.016996
2 0.312764 0.354497 0.019121 0.019424
2 0.334617 0.359353 0.016389 0.024281
2 0.374908 0.361781 0.045071 0.029137
2 0.882842 0.387275 0.027316 0.021853
2 0.858941 0.390918 0.039608 0.029137
2 0.844181 0.500099 0.171333 0.192001
2 0.524722 0.562526 0.288361 0.426131
2 0.969194 0.645864 0.060094 0.339928
8 0.496898 0.335204 0.005166 0.021429
2 0.505077 0.334439 0.006027 0.022959
