8 0.349546 0.023672 0.021094 0.047344
8 0.326475 0.022500 0.017139 0.045000
8 0.375254 0.026016 0.019775 0.052031
8 0.091148 0.345000 0.021094 0.042187
8 0.133335 0.348515 0.013184 0.035156
8 0.959287 0.361406 0.038232 0.051562
9 0.128721 0.282890 0.038232 0.039844
2 0.524229 0.468047 0.017139 0.025781
2 0.515659 0.469218 0.015820 0.028125
2 0.506431 0.476250 0.015820 0.032812
2 0.494566 0.480937 0.015820 0.046875
2 0.484678 0.489140 0.019775 0.053906
2 0.470176 0.491484 0.035596 0.082031
2 0.559165 0.478593 0.015820 0.028125
2 0.573667 0.480937 0.021094 0.042187
2 0.599375 0.500859 0.035596 0.072656
2 0.430625 0.511406 0.088330 0.121875
2 0.639585 0.510234 0.081738 0.119531
2 0.051597 0.510234 0.102832 0.185156
