2 0.120811 0.719999 0.077783 0.089062
2 0.247373 0.682500 0.017139 0.032812
2 0.264512 0.687187 0.019775 0.023437
2 0.346250 0.682500 0.017139 0.032812
4 0.397007 0.674296 0.026367 0.039844
3 0.418101 0.662578 0.018457 0.063281
3 0.550596 0.639140 0.088330 0.194531
2 0.603989 0.657890 0.023730 0.044531
2 0.371958 0.687187 0.036914 0.060937
2 0.311314 0.697734 0.068555 0.091406
2 0.193321 0.721171 0.122607 0.124219
2 0.470835 0.701250 0.110742 0.182812
2 0.846567 0.712968 0.305859 0.571875
0 0.733848 0.682500 0.022412 0.089062
