2 0.216964 0.505465 0.080731 0.098671
2 0.261114 0.515556 0.035320 0.065033
2 0.281297 0.523405 0.020183 0.053821
2 0.111005 0.497616 0.171553 0.244435
2 0.289117 0.516677 0.037843 0.058306
2 0.312454 0.540224 0.011353 0.015698
2 0.360388 0.542466 0.008830 0.020183
2 0.367325 0.535739 0.012614 0.033638
2 0.377417 0.533496 0.027751 0.038123
2 0.381201 0.537981 0.017660 0.033638
2 0.398861 0.523405 0.030274 0.062791
2 0.408952 0.526769 0.022706 0.060548
2 0.437965 0.517799 0.070639 0.096429
2 0.466725 0.531254 0.100914 0.109884
2 0.570918 0.557267 0.169030 0.213040
2 0.792928 0.629028 0.411223 0.553903
2 0.042143 0.507861 0.084286 0.313953
