2 0.541560 0.479290 0.007863 0.015976
2 0.547739 0.480818 0.008987 0.024902
2 0.574697 0.483674 0.016358 0.030612
2 0.592347 0.479847 0.013776 0.035204
2 0.603797 0.486810 0.013262 0.036884
2 0.620515 0.483284 0.018454 0.047929
2 0.645522 0.486280 0.047286 0.045932
2 0.270421 0.505578 0.049133 0.051270
2 0.360707 0.493931 0.073009 0.058588
2 0.415185 0.478292 0.031453 0.045932
8 0.778030 0.367602 0.013776 0.019898
9 0.197897 0.362755 0.016358 0.048980
0 0.894907 0.505023 0.038885 0.168209
0 0.724416 0.519231 0.043730 0.159763
9 0.421813 0.410392 0.007863 0.017973
9 0.014232 0.059769 0.028465 0.061908
9 0.596311 0.295420 0.039317 0.017973
8 0.008806 0.400264 0.012357 0.027959
9 0.005436 0.442202 0.010110 0.047929
8 0.655286 0.295705 0.013480 0.033950
8 0.550254 0.294706 0.016850 0.031953
9 0.686358 0.393417 0.008987 0.023965
9 0.688043 0.420377 0.010110 0.025962
8 0.760499 0.321524 0.011233 0.019970
