9 0.780821 0.494249 0.031194 0.045058
9 0.730131 0.494249 0.033143 0.051990
9 0.859781 0.502914 0.048740 0.110911
8 0.283669 0.046964 0.029244 0.093928
8 0.556615 0.105193 0.023395 0.123042
8 0.803242 0.150250 0.027295 0.112644
2 0.707710 0.562702 0.070186 0.036393
2 0.762787 0.568768 0.069211 0.034660
2 0.639961 0.557503 0.065312 0.039859
8 0.209584 0.521977 0.007798 0.020796
8 0.228105 0.523710 0.007798 0.013864
9 0.053127 0.508113 0.008773 0.024262
9 0.115027 0.503781 0.007798 0.019063
9 0.116002 0.530642 0.009748 0.020796
9 0.172541 0.507247 0.007798 0.019063
9 0.232004 0.506380 0.007798 0.020796
9 0.287081 0.512446 0.008773 0.019063
9 0.339233 0.508113 0.007798 0.020796
9 0.389923 0.514179 0.003899 0.019063
9 0.415756 0.516778 0.006824 0.020796
9 0.373351 0.515045 0.009748 0.017330
9 0.328023 0.510713 0.004874 0.019063
2 0.407470 0.547105 0.017547 0.019063
9 0.020958 0.453524 0.030219 0.019063
9 0.085296 0.456123 0.034118 0.020796
9 0.154020 0.457856 0.031194 0.020796
9 0.207634 0.462189 0.033143 0.025995
9 0.265635 0.463922 0.030219 0.019063
9 0.317787 0.467388 0.025345 0.022529
9 0.369940 0.471720 0.034118 0.020796
9 0.421604 0.471720 0.028269 0.020796
9 0.474244 0.469121 0.024370 0.015597
8 0.009261 0.431862 0.008773 0.013864
8 0.075548 0.435328 0.008773 0.013864
8 0.142322 0.437927 0.007798 0.015597
8 0.197399 0.440526 0.006824 0.013864
8 0.256862 0.443992 0.012673 0.013864
8 0.306577 0.446592 0.008773 0.012131
8 0.360679 0.448325 0.007798 0.012131
8 0.411369 0.453524 0.009748 0.015597
8 0.466446 0.456123 0.006824 0.013864
