10 0.362776 0.343321 0.018148 0.013901
10 0.346653 0.368580 0.054173 0.048863
10 0.288268 0.367520 0.053380 0.048155
10 0.226084 0.354098 0.025441 0.041327
10 0.254436 0.418565 0.011569 0.030951
10 0.215416 0.394697 0.026890 0.024566
10 0.424302 0.406125 0.013776 0.031768
3 0.363534 0.447245 0.024968 0.030612
3 0.315045 0.443419 0.017531 0.016837
3 0.271010 0.444537 0.013633 0.018246
10 0.265814 0.432704 0.010332 0.013776
3 0.119479 0.463783 0.039665 0.031209
3 0.072755 0.453719 0.014952 0.016857
3 0.154048 0.442609 0.009117 0.011140
3 0.184732 0.435978 0.008753 0.012731
3 0.088884 0.433163 0.014636 0.015306
3 0.129299 0.436659 0.006564 0.008316
