10 0.342511 0.206489 0.091512 0.082908
10 0.332392 0.343366 0.032557 0.056315
10 0.387101 0.497243 0.019627 0.052038
10 0.302474 0.442700 0.020238 0.057879
10 0.604728 0.444733 0.029038 0.021273
10 0.595401 0.470858 0.010735 0.026593
10 0.638634 0.482590 0.010615 0.034415
10 0.675853 0.468403 0.013497 0.015427
10 0.691401 0.481808 0.017598 0.014079
10 0.878105 0.428294 0.037198 0.024120
10 0.855958 0.460984 0.014057 0.018183
10 0.895983 0.450521 0.025518 0.032851
10 0.989255 0.272972 0.016719 0.078216
9 0.828608 0.465254 0.008954 0.009867
9 0.810646 0.464712 0.009679 0.010950
9 0.746412 0.474098 0.011439 0.014079
9 0.719574 0.472757 0.012319 0.017207
9 0.704176 0.471193 0.011439 0.014079
9 0.665899 0.498568 0.010559 0.015643
3 0.853323 0.522256 0.015839 0.015643
3 0.844963 0.519910 0.013199 0.014079
3 0.830445 0.523821 0.017598 0.021900
3 0.817686 0.523021 0.021998 0.020371
3 0.800087 0.520160 0.014959 0.019836
3 0.783809 0.515999 0.014079 0.025029
3 0.772370 0.517563 0.017598 0.025029
3 0.754331 0.515999 0.020238 0.025029
3 0.743332 0.514435 0.014079 0.021900
3 0.733653 0.514435 0.014079 0.025029
3 0.724414 0.513653 0.009679 0.017207
3 0.701096 0.520692 0.024638 0.025029
3 0.660619 0.519128 0.028158 0.028158
3 0.462385 0.517477 0.045756 0.059617
3 0.500222 0.521474 0.024638 0.035979
3 0.053427 0.564493 0.106854 0.103245
