10 0.100833 0.354345 0.050313 0.085917
10 0.008002 0.341140 0.016003 0.041602
10 0.320806 0.439946 0.019891 0.031202
10 0.433993 0.416622 0.022852 0.038637
10 0.466461 0.418105 0.031232 0.045763
10 0.539125 0.470108 0.013647 0.024961
5 0.732025 0.461639 0.070204 0.052003
5 0.836161 0.458519 0.119347 0.074884
5 0.945563 0.446038 0.104136 0.099846
5 0.665697 0.478280 0.034371 0.018721
3 0.304364 0.500976 0.069034 0.089817
1 0.374569 0.495961 0.008190 0.037442
3 0.407808 0.497077 0.018936 0.027193
3 0.383929 0.494921 0.031592 0.047843
3 0.458814 0.489721 0.008190 0.020801
3 0.468759 0.486249 0.011701 0.026339
3 0.448064 0.493186 0.012432 0.023571
3 0.459545 0.489349 0.008190 0.016641
3 0.577722 0.479989 0.026912 0.018721
10 0.315041 0.443587 0.007020 0.020801
10 0.510736 0.461788 0.005850 0.016641
10 0.439946 0.449858 0.004680 0.013584
