9 0.381599 0.500982 0.004588 0.016314
3 0.394600 0.561480 0.009177 0.009517
3 0.378158 0.562840 0.008412 0.009517
3 0.335716 0.568278 0.026001 0.014955
3 0.333039 0.602266 0.023707 0.058459
3 0.245287 0.602266 0.017589 0.036707
3 0.227698 0.609063 0.029824 0.044864
3 0.187550 0.592069 0.049707 0.019033
3 0.129813 0.594109 0.059649 0.036707
3 0.445913 0.592205 0.042060 0.054381
3 0.552797 0.606480 0.063117 0.085650
3 0.057846 0.671459 0.114926 0.168864
3 0.385805 0.567938 0.013000 0.017674
3 0.150324 0.721806 0.209535 0.248792
3 0.286091 0.625960 0.094119 0.119637
8 0.576860 0.664350 0.104003 0.130514
