10 0.992095 0.167305 0.014715 0.034611
10 0.663666 0.262912 0.017769 0.040426
10 0.279152 0.216562 0.010547 0.024375
10 0.297538 0.255937 0.013570 0.028125
9 0.498989 0.252034 0.005404 0.016568
9 0.401008 0.239350 0.007302 0.016300
9 0.406769 0.237837 0.004219 0.018174
1 0.364581 0.305625 0.008437 0.041250
3 0.438433 0.308073 0.014812 0.025624
3 0.408351 0.309375 0.017930 0.033750
3 0.394640 0.307500 0.007383 0.022500
3 0.380031 0.302812 0.019726 0.035625
2 0.335577 0.296250 0.009492 0.030000
7 0.333995 0.313125 0.012656 0.026250
3 0.294594 0.323437 0.026666 0.050625
3 0.267344 0.324754 0.033339 0.055492
3 0.227239 0.328113 0.067033 0.075023
3 0.159751 0.332666 0.086043 0.110918
3 0.081925 0.344062 0.126562 0.125625
9 0.563619 0.278938 0.008368 0.012124
3 0.535440 0.318750 0.016875 0.037500
3 0.543878 0.323437 0.012656 0.028125
3 0.555480 0.329062 0.012656 0.046875
3 0.574965 0.330368 0.041894 0.053236
3 0.589076 0.339375 0.036167 0.048750
3 0.601358 0.345868 0.036914 0.050486
3 0.626144 0.350625 0.046406 0.063750
3 0.659894 0.358125 0.063281 0.082500
3 0.706120 0.380100 0.088953 0.088604
2 0.757979 0.371250 0.027422 0.146250
8 0.762198 0.411562 0.061172 0.088125
3 0.913307 0.449456 0.168172 0.181088
3 0.981573 0.510937 0.033750 0.129375
2 0.519620 0.315937 0.008437 0.028125
8 0.519620 0.330937 0.010547 0.024375
9 0.568518 0.296425 0.008190 0.010483
