3 0.019204 0.573288 0.038409 0.039831
3 0.278117 0.614232 0.066827 0.066058
3 0.345452 0.593915 0.032464 0.046944
3 0.376487 0.590359 0.015204 0.019916
3 0.426392 0.595772 0.019417 0.023314
3 0.406094 0.588936 0.012003 0.017071
3 0.158837 0.581112 0.020005 0.009958
3 0.180042 0.578267 0.019204 0.012803
3 0.275664 0.569732 0.010402 0.012803
3 0.291773 0.563015 0.007412 0.010751
3 0.348749 0.565770 0.008265 0.011065
10 0.068001 0.553372 0.012832 0.019916
10 0.288067 0.443836 0.020805 0.048367
10 0.150685 0.556896 0.020305 0.023600
10 0.371213 0.530827 0.015204 0.026205
10 0.323675 0.546971 0.020005 0.018493
10 0.337691 0.545940 0.011229 0.019277
1 0.626145 0.589647 0.012003 0.024183
1 0.584535 0.588936 0.010402 0.025606
10 0.229785 0.521169 0.025021 0.017792
10 0.206016 0.517833 0.012510 0.020016
10 0.189127 0.516721 0.013761 0.017792
3 0.242234 0.548091 0.010130 0.013811
4 0.230738 0.542134 0.008103 0.015242
10 0.394296 0.557781 0.011259 0.015397
3 0.973938 0.663509 0.052124 0.071170
