10 0.569089 0.226817 0.029641 0.016920
10 0.547987 0.352861 0.021736 0.035999
10 0.550279 0.249551 0.032169 0.020796
10 0.549330 0.293883 0.039915 0.054004
10 0.208342 0.298074 0.013103 0.024263
10 0.198373 0.347465 0.012673 0.019063
10 0.031681 0.302740 0.036068 0.011465
10 0.408932 0.344865 0.055564 0.048524
10 0.162793 0.370860 0.021446 0.010398
9 0.344595 0.087516 0.014622 0.071053
9 0.580498 0.298075 0.024370 0.034660
9 0.333384 0.330135 0.007798 0.022529
9 0.307552 0.328402 0.004874 0.015597
9 0.262711 0.327535 0.006824 0.017330
9 0.313888 0.363062 0.007798 0.022529
9 0.292930 0.356996 0.004874 0.017330
9 0.299266 0.362195 0.007798 0.017330
3 0.252475 0.395122 0.019496 0.027728
3 0.235903 0.385591 0.021446 0.043325
3 0.220794 0.389057 0.016572 0.046791
3 0.200323 0.386457 0.030219 0.051990
3 0.181314 0.391656 0.015597 0.034660
3 0.163280 0.390790 0.038018 0.043325
3 0.327048 0.396855 0.018521 0.038126
3 0.350613 0.393389 0.026660 0.041592
3 0.293510 0.407049 0.058303 0.086242
3 0.127700 0.393681 0.048740 0.039601
3 0.968472 0.443782 0.061413 0.097104
8 0.920931 0.430709 0.048216 0.088505
