3 0.455372 0.657059 0.015137 0.022425
3 0.433928 0.667151 0.035320 0.047093
3 0.403654 0.676121 0.027751 0.047093
3 0.377164 0.673878 0.032797 0.087458
3 0.349247 0.682826 0.077875 0.113562
3 0.475051 0.671636 0.014128 0.051578
3 0.534211 0.657059 0.013876 0.022425
3 0.555025 0.663787 0.010091 0.022425
3 0.564485 0.664908 0.008830 0.029153
3 0.571423 0.669393 0.012614 0.033638
3 0.580253 0.672757 0.010091 0.035880
3 0.286973 0.707516 0.124881 0.136794
2 0.674229 0.689576 0.016398 0.087458
8 0.672337 0.726578 0.020183 0.053821
3 0.584037 0.672757 0.012614 0.040365
3 0.660984 0.682848 0.032797 0.082973
3 0.727208 0.703031 0.099652 0.141279
3 0.838465 0.734242 0.185429 0.190801
3 0.504820 0.672757 0.045411 0.058306
3 0.617717 0.687333 0.069378 0.105399
3 0.940388 0.777034 0.118573 0.273588
10 0.446281 0.595390 0.008091 0.015698
10 0.353346 0.610596 0.014839 0.012196
10 0.632750 0.591260 0.012827 0.032927
9 0.474111 0.587501 0.012248 0.022346
9 0.550610 0.597767 0.008830 0.020451
9 0.596021 0.632392 0.011353 0.022425
3 0.223671 0.647831 0.049657 0.034466
10 0.150844 0.460394 0.023917 0.029766
