3 0.176928 0.323203 0.073111 0.060655
3 0.246553 0.315404 0.046939 0.041592
3 0.324370 0.324936 0.036561 0.036393
3 0.391952 0.324379 0.024569 0.027954
3 0.437065 0.322726 0.024099 0.023483
3 0.475390 0.325708 0.018863 0.017142
3 0.901399 0.417651 0.170648 0.190629
3 0.715996 0.336200 0.010723 0.013864
3 0.579899 0.294089 0.008021 0.012825
3 0.567666 0.296419 0.007798 0.010496
3 0.012772 0.301979 0.023594 0.042469
3 0.111128 0.318004 0.062388 0.046791
3 0.815802 0.378524 0.041167 0.050525
3 0.275496 0.315061 0.013758 0.015142
3 0.409907 0.315404 0.012673 0.013864
10 0.543136 0.263130 0.022421 0.038637
10 0.569200 0.262832 0.021239 0.040398
10 0.697890 0.275017 0.020216 0.033792
3 0.676179 0.329707 0.009073 0.012986
