3 0.080422 0.673267 0.160843 0.272080
3 0.932031 0.639949 0.130395 0.252068
3 0.452330 0.625610 0.083617 0.121309
3 0.377300 0.605035 0.044940 0.069762
3 0.215178 0.628148 0.122316 0.164758
3 0.300728 0.611746 0.057514 0.072786
3 0.335334 0.597016 0.025346 0.053723
3 0.799739 0.625051 0.207453 0.189710
3 0.673228 0.622573 0.100159 0.108304
3 0.615638 0.616556 0.074967 0.086360
3 0.574470 0.597381 0.076651 0.087651
3 0.416243 0.594416 0.015597 0.038126
2 0.552716 0.589217 0.029244 0.058922
9 0.184726 0.482638 0.006824 0.036393
9 0.261249 0.452311 0.009748 0.034660
9 0.447437 0.478719 0.005849 0.025088
9 0.250558 0.449672 0.005783 0.029383
9 0.452650 0.478306 0.006527 0.020796
9 0.618103 0.530038 0.017257 0.025798
9 0.521035 0.545392 0.010723 0.016328
10 0.078068 0.489570 0.027127 0.012131
9 0.060438 0.537227 0.023395 0.027728
10 0.603288 0.441959 0.020803 0.024989
10 0.701862 0.471374 0.013647 0.020796
10 0.604682 0.496502 0.022794 0.019063
10 0.519085 0.516432 0.010723 0.010398
10 0.514211 0.523364 0.012673 0.013864
10 0.071161 0.461842 0.013647 0.022529
10 0.190575 0.523364 0.018521 0.027728
5 0.460984 0.553873 0.036843 0.036028
3 0.402108 0.576220 0.012673 0.019063
9 0.353368 0.524230 0.006824 0.015597
9 0.414293 0.520764 0.005849 0.022529
8 0.557103 0.625148 0.026320 0.064930
