10 0.181082 0.424375 0.026185 0.017828
10 0.157918 0.381099 0.032228 0.014859
10 0.171514 0.366147 0.011078 0.016114
10 0.612021 0.419460 0.027976 0.052724
10 0.670560 0.419804 0.023586 0.012646
10 0.550572 0.447188 0.017876 0.008012
1 0.143818 0.552354 0.020143 0.091313
5 0.441580 0.493229 0.013758 0.030357
3 0.424082 0.498935 0.011521 0.013121
3 0.409641 0.504913 0.010810 0.013977
3 0.389812 0.516245 0.019634 0.026255
3 0.362306 0.520925 0.027517 0.039024
3 0.454847 0.495595 0.008845 0.017471
3 0.462357 0.504780 0.007485 0.021231
5 0.475880 0.501360 0.022738 0.050200
3 0.478688 0.506698 0.011078 0.039390
3 0.491537 0.514076 0.031120 0.043404
3 0.575172 0.553745 0.058413 0.143236
3 0.848474 0.715632 0.300793 0.380673
10 0.513157 0.471718 0.007534 0.005824
3 0.693818 0.562567 0.213583 0.267889
