9 0.478143 0.307606 0.008773 0.025995
9 0.596403 0.327535 0.005489 0.024262
9 0.469857 0.305873 0.007798 0.025995
9 0.590246 0.328402 0.006824 0.025995
9 0.699425 0.392523 0.008773 0.019063
9 0.535170 0.399455 0.005849 0.015597
9 0.581473 0.401188 0.008773 0.015597
10 0.382452 0.364856 0.019496 0.011060
10 0.437537 0.383989 0.015293 0.010065
9 0.664921 0.402263 0.008658 0.013118
10 0.663251 0.372960 0.010934 0.007665
10 0.542870 0.421983 0.039967 0.012131
3 0.123801 0.492170 0.185213 0.159435
3 0.441126 0.452582 0.065262 0.087191
3 0.497639 0.443869 0.043866 0.061941
3 0.528346 0.446245 0.021446 0.036393
3 0.549304 0.447978 0.020471 0.039859
3 0.293417 0.469641 0.204710 0.225289
3 0.590139 0.466267 0.082223 0.114563
3 0.680416 0.466175 0.066287 0.079718
3 0.734602 0.477393 0.082223 0.119670
3 0.834135 0.500835 0.194360 0.197561
