10 0.366551 0.366044 0.017663 0.009952
10 0.423941 0.384796 0.018597 0.016531
9 0.417421 0.404538 0.011365 0.015556
9 0.354339 0.390405 0.015278 0.017908
10 0.728306 0.314869 0.023763 0.033061
10 0.669906 0.344576 0.014411 0.019007
10 0.736571 0.362624 0.015497 0.022041
9 0.603712 0.320510 0.012398 0.023878
3 0.430190 0.470633 0.062090 0.115468
3 0.256569 0.493346 0.088852 0.117798
3 0.751355 0.471231 0.122946 0.163253
3 0.455870 0.413265 0.032028 0.033061
3 0.140933 0.574272 0.281866 0.517258
3 0.852962 0.522396 0.289770 0.521827
3 0.357720 0.493163 0.147742 0.196531
3 0.575398 0.541968 0.268290 0.456143
