10 0.367904 0.412699 0.009064 0.012533
10 0.366393 0.397480 0.010071 0.021485
10 0.231649 0.387885 0.054019 0.035872
10 0.018058 0.389152 0.036116 0.027399
3 0.449482 0.410953 0.009064 0.008952
3 0.420778 0.410013 0.010071 0.017905
3 0.436892 0.415505 0.010071 0.012841
3 0.395231 0.443137 0.026185 0.037599
3 0.442845 0.446062 0.034062 0.043450
3 0.593697 0.468744 0.088013 0.100974
3 0.397051 0.404642 0.009184 0.010743
3 0.300506 0.441605 0.011238 0.005890
3 0.282180 0.448508 0.014870 0.016114
4 0.248559 0.441346 0.048342 0.059085
3 0.213528 0.458047 0.015678 0.022102
3 0.175488 0.448616 0.014998 0.016329
3 0.153386 0.448943 0.025178 0.020566
3 0.130725 0.451913 0.014100 0.012181
3 0.109576 0.452984 0.022157 0.010743
4 0.079865 0.444115 0.035250 0.028481
3 0.016608 0.447100 0.032853 0.013299
3 0.056110 0.475629 0.052194 0.038127
10 0.779316 0.342464 0.032228 0.056320
3 0.045005 0.451406 0.026367 0.018750
