1 0.030770 0.423054 0.032714 0.093689
1 0.059181 0.427041 0.012054 0.024490
1 0.073817 0.420153 0.017219 0.050510
1 0.092808 0.429337 0.020761 0.056633
1 0.120310 0.465306 0.013776 0.045918
1 0.129591 0.473322 0.018171 0.049704
1 0.144558 0.455548 0.022668 0.109055
1 0.222335 0.448470 0.018080 0.091837
1 0.256343 0.440357 0.015497 0.068878
1 0.284335 0.432239 0.010520 0.037335
1 0.311876 0.436531 0.009471 0.055102
1 0.321035 0.434245 0.010571 0.057809
1 0.617950 0.463317 0.010332 0.041327
3 0.451541 0.429739 0.012433 0.022103
4 0.411127 0.407886 0.055713 0.063411
3 0.478043 0.435000 0.012915 0.018367
4 0.501289 0.430408 0.031856 0.061225
4 0.546059 0.431939 0.033578 0.073469
3 0.519697 0.464332 0.052519 0.075000
3 0.580498 0.456727 0.011193 0.025086
3 0.589108 0.455663 0.012915 0.022959
4 0.614076 0.444983 0.040466 0.070408
10 0.328664 0.359235 0.013776 0.029082
10 0.355476 0.258910 0.048214 0.024947
10 0.605897 0.368419 0.039605 0.026020
10 0.697614 0.395570 0.012064 0.027551
9 0.441375 0.256214 0.008762 0.037326
9 0.235680 0.324472 0.010332 0.020780
9 0.221160 0.364827 0.007122 0.015776
3 0.403250 0.571164 0.208992 0.266448
3 0.095248 0.601911 0.190148 0.336607
9 0.755203 0.267270 0.011539 0.039675
9 0.745818 0.267846 0.008344 0.042825
10 0.794448 0.305071 0.026737 0.033958
10 0.828554 0.351241 0.023129 0.015289
9 0.992600 0.237257 0.010324 0.059139
3 0.772481 0.596927 0.347323 0.356409
10 0.646043 0.391908 0.008608 0.015302
10 0.647956 0.402782 0.006695 0.013246
1 0.637435 0.455668 0.006695 0.027204
4 0.440897 0.411036 0.007651 0.059509
1 0.185233 0.450000 0.012091 0.088413
1 0.267599 0.435605 0.009564 0.064610
