9 0.276745 0.590953 0.010306 0.014641
3 0.203205 0.610606 0.014702 0.029521
3 0.225762 0.614276 0.018844 0.032004
3 0.156929 0.616484 0.023218 0.021853
3 0.139856 0.626197 0.019121 0.046133
3 0.124833 0.627411 0.027316 0.063130
3 0.114082 0.639638 0.026912 0.064484
3 0.076702 0.640291 0.053252 0.083311
3 0.032846 0.662982 0.064600 0.153697
3 0.271247 0.628647 0.034145 0.050221
3 0.292141 0.633481 0.031413 0.036421
3 0.330076 0.636334 0.062073 0.093844
3 0.181033 0.628717 0.026910 0.036236
3 0.379551 0.652905 0.042339 0.046133
3 0.434865 0.666761 0.062826 0.063130
3 0.505007 0.675972 0.096578 0.087410
3 0.671503 0.716145 0.136430 0.138620
10 0.130179 0.499153 0.011159 0.025139
3 0.862784 0.719148 0.274432 0.405291
3 0.246300 0.614677 0.022231 0.035362
