10 0.037754 0.396562 0.030322 0.056250
10 0.565247 0.403175 0.012839 0.033649
10 0.541367 0.367265 0.014502 0.025781
10 0.542027 0.398331 0.013184 0.031663
9 0.975767 0.360234 0.015820 0.086719
3 0.392638 0.418968 0.009594 0.014855
3 0.389896 0.426946 0.009508 0.017606
3 0.383824 0.436406 0.013184 0.018750
3 0.380616 0.444609 0.012042 0.025781
3 0.375235 0.451640 0.009190 0.025781
3 0.367181 0.456328 0.014828 0.021094
3 0.354035 0.463018 0.016480 0.026463
3 0.338630 0.465680 0.017913 0.030514
3 0.449118 0.435198 0.012379 0.015405
3 0.454225 0.454684 0.018878 0.029068
3 0.458970 0.463845 0.026367 0.034185
3 0.471950 0.477764 0.032047 0.053221
3 0.479405 0.486797 0.038232 0.063281
3 0.490611 0.507936 0.052734 0.077252
3 0.315343 0.476113 0.036543 0.042462
3 0.271104 0.487968 0.051416 0.065625
3 0.234849 0.499687 0.052734 0.070312
3 0.190025 0.513750 0.068555 0.079687
3 0.120811 0.536015 0.104150 0.110156
3 0.509727 0.531709 0.077783 0.109393
3 0.963901 0.557109 0.071191 0.133594
3 0.405106 0.404687 0.008920 0.015529
3 0.396506 0.408789 0.009903 0.013205
3 0.444940 0.418693 0.012070 0.016506
3 0.448499 0.424745 0.011141 0.006602
1 0.264977 0.451704 0.003714 0.013205
