9 0.515366 0.158934 0.006311 0.026177
9 0.604766 0.157064 0.006311 0.029917
9 0.348135 0.166413 0.010518 0.033657
9 0.416500 0.173892 0.008414 0.029917
9 0.552703 0.216898 0.005259 0.014958
10 0.429647 0.203809 0.013673 0.007479
10 0.640000 0.224377 0.009466 0.014958
10 0.569006 0.227182 0.016828 0.005609
10 0.928184 0.101904 0.017880 0.031787
10 0.682071 0.186046 0.009466 0.013089
5 0.771471 0.174827 0.129367 0.110319
3 0.329203 0.297299 0.014725 0.018698
3 0.318159 0.312258 0.019984 0.029917
3 0.049433 0.331891 0.046278 0.028047
3 0.084141 0.341240 0.071520 0.043006
3 0.254002 0.319737 0.015776 0.022438
3 0.554807 0.258968 0.013673 0.024307
3 0.571635 0.282341 0.030501 0.056094
3 0.601610 0.284211 0.050485 0.089751
3 0.640526 0.291690 0.071520 0.123407
3 0.728348 0.300104 0.160920 0.207549
3 0.291264 0.310922 0.041019 0.044875
3 0.450757 0.404413 0.292391 0.408152
3 0.869961 0.333226 0.258735 0.389187
3 0.024142 0.361281 0.016382 0.072042
9 0.202882 0.175818 0.007966 0.034859
10 0.191484 0.250982 0.007966 0.008715
9 0.193629 0.283662 0.004902 0.013072
9 0.100185 0.277126 0.005515 0.017429
