10 0.090488 0.381711 0.023693 0.031016
10 0.976536 0.308400 0.035811 0.027590
10 0.911342 0.407591 0.017446 0.050187
10 0.615213 0.414631 0.011019 0.016324
10 0.581753 0.421625 0.012561 0.009518
9 0.077641 0.319253 0.014692 0.058764
9 0.481784 0.444626 0.003176 0.006587
9 0.452840 0.429051 0.004591 0.014692
9 0.522625 0.444559 0.004591 0.013059
9 0.509450 0.447622 0.003951 0.006933
9 0.060340 0.385149 0.019858 0.027096
9 0.389318 0.438418 0.004964 0.019589
9 0.413006 0.448212 0.004591 0.019589
9 0.401069 0.191108 0.010101 0.053869
9 0.533950 0.429323 0.003673 0.022854
9 0.766445 0.158670 0.013773 0.078356
9 0.751937 0.161935 0.013773 0.068561
9 0.991378 0.423274 0.015310 0.034952
1 0.264515 0.482609 0.013773 0.053869
1 0.249824 0.480161 0.010101 0.052237
1 0.237887 0.490771 0.011937 0.070193
1 0.203453 0.489955 0.009182 0.062031
1 0.189221 0.481793 0.010101 0.045707
1 0.167183 0.498933 0.010101 0.073458
1 0.183711 0.507095 0.019283 0.093047
1 0.149737 0.490771 0.013773 0.083253
1 0.138718 0.493220 0.017446 0.081620
1 0.100612 0.495669 0.022037 0.086518
1 0.702629 0.488742 0.011019 0.022854
1 0.601623 0.494456 0.003673 0.021221
1 0.594278 0.492824 0.007346 0.024486
3 0.523390 0.466052 0.014692 0.014692
3 0.526604 0.475846 0.015610 0.011427
3 0.530277 0.491354 0.011937 0.022854
3 0.547723 0.494619 0.037647 0.058767
3 0.481152 0.477479 0.011019 0.017956
3 0.472888 0.485641 0.009182 0.021221
3 0.465083 0.492987 0.015610 0.029383
3 0.429272 0.493803 0.010101 0.034281
3 0.412285 0.499516 0.029383 0.045707
3 0.381065 0.501965 0.036729 0.070193
3 0.359486 0.508495 0.032138 0.079988
3 0.662502 0.515024 0.043157 0.047340
3 0.776821 0.515024 0.060603 0.034281
3 0.833752 0.555436 0.114779 0.110168
1 0.954040 0.535429 0.017446 0.104474
3 0.315412 0.519105 0.087232 0.101209
1 0.448096 0.497068 0.029383 0.037545
3 0.502730 0.522370 0.059685 0.101209
3 0.571138 0.513392 0.051421 0.070193
3 0.719724 0.552055 0.113860 0.167432
8 0.214373 0.549078 0.021173 0.055519
1 0.216755 0.505321 0.032288 0.097865
1 0.844986 0.490514 0.011322 0.024773
