10 0.550160 0.418623 0.015497 0.038265
10 0.721062 0.286480 0.028412 0.062755
10 0.702982 0.381378 0.016358 0.047449
9 0.608275 0.381888 0.012054 0.022959
3 0.441247 0.477398 0.011193 0.019898
3 0.451579 0.481225 0.018080 0.033673
3 0.461295 0.486735 0.023246 0.030612
3 0.426426 0.471932 0.010332 0.014299
3 0.404041 0.476786 0.025829 0.032143
3 0.678197 0.477551 0.031687 0.038265
3 0.795106 0.483674 0.037883 0.044388
2 0.769707 0.504337 0.034439 0.090306
7 0.766263 0.519643 0.033578 0.078061
3 0.019301 0.528932 0.036729 0.071826
3 0.076231 0.530564 0.088150 0.081620
10 0.116174 0.399971 0.028465 0.065296
9 0.442114 0.425878 0.004669 0.009337
9 0.427816 0.424840 0.005252 0.011412
9 0.433360 0.444033 0.005836 0.006225
9 0.418479 0.444552 0.004085 0.007262
9 0.421791 0.457247 0.002600 0.006355
9 0.432514 0.467357 0.003250 0.005777
9 0.422928 0.462158 0.002925 0.004622
9 0.426340 0.467646 0.002600 0.005199
9 0.164603 0.446702 0.006575 0.012570
