1 0.887626 0.552336 0.223758 0.250873
3 0.978065 0.450462 0.041321 0.063758
4 0.785654 0.506654 0.063359 0.134331
3 0.716494 0.502034 0.084202 0.126937
3 0.661919 0.545405 0.134099 0.126129
3 0.559898 0.530852 0.071503 0.088706
3 0.612801 0.481742 0.059253 0.042779
3 0.574209 0.478183 0.019491 0.019405
3 0.555891 0.472438 0.021822 0.010687
3 0.658217 0.477133 0.033911 0.014821
1 0.053016 0.580269 0.101354 0.290106
1 0.268978 0.537089 0.040542 0.176027
1 0.318095 0.544712 0.054575 0.188501
3 0.546779 0.487014 0.036682 0.020749
3 0.536775 0.475651 0.012227 0.009881
