3 0.224485 0.450992 0.028158 0.017003
3 0.206468 0.452556 0.010504 0.009929
3 0.189714 0.467995 0.016000 0.027204
3 0.496646 0.457044 0.012832 0.017354
3 0.506888 0.458559 0.007651 0.012227
3 0.478196 0.456943 0.009564 0.022103
3 0.471980 0.459493 0.014346 0.020403
3 0.454086 0.457793 0.021442 0.023804
3 0.522565 0.454744 0.008401 0.010425
3 0.594794 0.457793 0.011314 0.020403
3 0.601865 0.470437 0.017804 0.035631
3 0.623883 0.445401 0.029180 0.022823
3 0.620220 0.476496 0.029648 0.057809
3 0.652738 0.478196 0.058340 0.088413
3 0.561402 0.481455 0.068860 0.110516
3 0.714918 0.509792 0.121492 0.128652
10 0.425888 0.398582 0.024025 0.047920
10 0.685425 0.383262 0.017079 0.035607
10 0.603165 0.430164 0.011477 0.013602
10 0.619423 0.430581 0.013389 0.009367
10 0.602548 0.442237 0.006417 0.007144
10 0.477718 0.435265 0.006695 0.017003
3 0.962454 0.670907 0.072038 0.305028
13 0.298322 0.268394 0.249176 0.536787
