3 0.921107 0.712823 0.154892 0.190778
3 0.791548 0.698631 0.189467 0.179823
3 0.663986 0.703985 0.102743 0.100716
3 0.604439 0.701191 0.064702 0.078244
3 0.570207 0.695841 0.058683 0.075569
3 0.535887 0.693998 0.042243 0.071077
3 0.511088 0.701081 0.020797 0.039029
3 0.492177 0.691151 0.033274 0.044586
3 0.244619 0.684834 0.018929 0.028609
3 0.266582 0.680813 0.006882 0.014566
3 0.288034 0.666062 0.005571 0.012818
4 0.189894 0.678489 0.016093 0.026996
3 0.335171 0.672024 0.012954 0.014892
3 0.362348 0.666503 0.038558 0.022040
3 0.404653 0.661578 0.009008 0.014327
5 0.453279 0.667878 0.033470 0.069675
3 0.431864 0.663972 0.006888 0.020269
3 0.425922 0.663628 0.006702 0.013804
3 0.420459 0.660423 0.007474 0.016637
10 0.299023 0.640134 0.017099 0.034376
10 0.499845 0.614758 0.014298 0.029292
10 0.542569 0.551007 0.013729 0.038128
10 0.551058 0.590580 0.016248 0.030618
10 0.547158 0.613399 0.005849 0.010399
10 0.734782 0.543360 0.018684 0.023965
9 0.420589 0.589609 0.004874 0.020543
9 0.045293 0.591064 0.007579 0.026614
1 0.513363 0.697453 0.013648 0.060658
9 0.409898 0.621775 0.003250 0.006355
9 0.376427 0.630729 0.002600 0.005777
9 0.373602 0.629329 0.003605 0.006409
9 0.298238 0.609546 0.003933 0.018644
3 0.260355 0.683144 0.008849 0.013401
9 0.549317 0.632665 0.007747 0.016356
