3 0.698496 0.626139 0.352184 0.482034
3 0.306892 0.554017 0.294501 0.312040
3 0.027375 0.816817 0.054750 0.298983
3 0.110923 0.517071 0.219661 0.367627
10 0.183428 0.379020 0.009439 0.009153
9 0.173010 0.356139 0.007964 0.033559
9 0.458004 0.203374 0.014587 0.050321
9 0.532927 0.205122 0.013415 0.051864
9 0.627251 0.306106 0.008709 0.041805
9 0.564500 0.348066 0.004094 0.017032
9 0.633284 0.356022 0.009782 0.017976
9 0.384621 0.292119 0.007722 0.021356
9 0.592699 0.371441 0.005148 0.012203
10 0.507751 0.217222 0.038612 0.018607
10 0.485231 0.199890 0.012448 0.017032
10 0.589614 0.359613 0.006702 0.013100
10 0.575108 0.362288 0.013729 0.009153
10 0.422771 0.352015 0.014519 0.008384
10 0.388911 0.395847 0.008581 0.015254
3 0.430098 0.427941 0.032606 0.023579
3 0.560424 0.421743 0.020398 0.027531
3 0.440974 0.422924 0.020035 0.022119
3 0.456096 0.424080 0.013815 0.015229
3 0.462420 0.417203 0.012561 0.016780
4 0.565969 0.396973 0.011667 0.018864
4 0.555591 0.395359 0.009432 0.015804
3 0.518980 0.421017 0.032886 0.018305
10 0.495464 0.411645 0.004716 0.009432
10 0.494285 0.386756 0.004716 0.008908
3 0.958389 0.376924 0.026664 0.085136
9 0.936930 0.187392 0.054720 0.084954
9 0.867318 0.035085 0.024025 0.070169
9 0.752768 0.259322 0.019735 0.048814
9 0.781942 0.263898 0.011155 0.039661
10 0.873382 0.092288 0.041302 0.117458
10 0.605720 0.363914 0.006648 0.013930
9 0.474066 0.207227 0.010826 0.017843
9 0.181234 0.358929 0.007749 0.033673
9 0.636257 0.303827 0.005166 0.036735
