10 0.135965 0.373427 0.019597 0.028306
3 0.272530 0.462702 0.015922 0.019597
3 0.296643 0.462672 0.031387 0.019656
3 0.320609 0.442398 0.028159 0.017324
13 0.350811 0.462397 0.063054 0.053501
3 0.358266 0.481210 0.042868 0.030484
3 0.329673 0.479528 0.036543 0.016428
3 0.414187 0.502841 0.027586 0.037578
3 0.373918 0.512782 0.012539 0.045726
3 0.358148 0.515513 0.033305 0.055543
3 0.355181 0.525133 0.025222 0.051590
3 0.326771 0.525847 0.049082 0.076210
3 0.302623 0.542796 0.049163 0.081455
3 0.241980 0.553574 0.114046 0.111019
3 0.104733 0.595449 0.209441 0.193940
3 0.034913 0.659758 0.069826 0.204677
3 0.479284 0.487895 0.020347 0.017113
3 0.500955 0.484476 0.017147 0.015242
3 0.457475 0.470323 0.013473 0.017419
3 0.463806 0.507299 0.018630 0.036304
3 0.472583 0.524496 0.017552 0.045221
3 0.491700 0.535645 0.047906 0.082742
3 0.516878 0.553019 0.056341 0.095898
3 0.541605 0.577493 0.060777 0.133149
3 0.653124 0.606091 0.221051 0.298948
3 0.817566 0.764274 0.361316 0.461613
5 0.426207 0.446223 0.060869 0.036438
3 0.491034 0.541374 0.024362 0.073882
3 0.472942 0.517172 0.022571 0.045858
3 0.288473 0.490421 0.022929 0.017834
10 0.489637 0.458958 0.005374 0.011464
3 0.424577 0.482269 0.033318 0.045858
