3 0.329388 0.400494 0.039967 0.053723
3 0.545557 0.401796 0.033643 0.057580
3 0.076035 0.397895 0.152070 0.155969
3 0.278308 0.405953 0.063363 0.072786
3 0.430378 0.393822 0.010723 0.017330
3 0.487404 0.408553 0.087733 0.161168
5 0.474244 0.362629 0.059463 0.090116
5 0.780577 0.351364 0.219332 0.327535
9 0.239074 0.100719 0.009459 0.062798
9 0.112374 0.305916 0.020855 0.023137
9 0.222256 0.099647 0.019496 0.057189
1 0.163794 0.399529 0.014431 0.065843
1 0.234929 0.399743 0.013647 0.058922
1 0.899423 0.394544 0.021446 0.093582
1 0.192159 0.396731 0.008773 0.050257
1 0.198008 0.393265 0.006824 0.043325
1 0.204831 0.395865 0.006824 0.048524
1 0.213117 0.404530 0.013647 0.065854
1 0.609937 0.391136 0.004874 0.032927
8 0.663032 0.419673 0.010723 0.036393
1 0.674730 0.394533 0.010723 0.069296
2 0.404058 0.391656 0.006824 0.017330
7 0.404058 0.408293 0.006824 0.017330
9 0.005822 0.283020 0.010438 0.052767
1 0.641573 0.396880 0.053323 0.064602
