3 0.833862 0.607409 0.329590 0.476537
3 0.062294 0.421406 0.124588 0.182812
3 0.186232 0.379859 0.065230 0.058984
3 0.438379 0.379244 0.044256 0.062171
3 0.529212 0.381827 0.077989 0.118408
3 0.576615 0.387387 0.020320 0.052268
3 0.488515 0.371422 0.018878 0.036843
3 0.468089 0.367415 0.015784 0.026409
3 0.377932 0.366406 0.018463 0.032812
3 0.346531 0.369189 0.044340 0.060059
3 0.145522 0.348454 0.035282 0.031216
3 0.095428 0.343935 0.027380 0.049629
10 0.161918 0.293594 0.034826 0.060459
10 0.312211 0.307013 0.010783 0.034801
10 0.453544 0.296350 0.009594 0.022925
10 0.421170 0.325565 0.011774 0.027581
3 0.458960 0.360263 0.007428 0.015405
10 0.535428 0.313301 0.016387 0.019810
