9 0.460271 0.320432 0.013271 0.022119
9 0.365311 0.299334 0.012138 0.025386
10 0.503750 0.398760 0.006888 0.023066
10 0.527856 0.377280 0.014349 0.010926
10 0.564423 0.364451 0.022503 0.015782
10 0.565762 0.380237 0.013804 0.011630
10 0.359539 0.334900 0.011045 0.008320
3 0.385087 0.442644 0.030020 0.036900
3 0.485824 0.446533 0.020571 0.033282
3 0.446035 0.425636 0.014442 0.025675
3 0.343685 0.452193 0.060212 0.080206
3 0.524191 0.461094 0.058504 0.070724
3 0.820365 0.617648 0.356871 0.351541
3 0.404429 0.433548 0.033424 0.038513
3 0.425698 0.422754 0.014442 0.023055
3 0.467139 0.433967 0.010316 0.020960
3 0.473770 0.437897 0.006484 0.021484
3 0.461981 0.422439 0.011790 0.018864
