9 0.630271 0.432581 0.016594 0.036699
9 0.445998 0.450850 0.009564 0.035705
9 0.575313 0.562263 0.011883 0.017095
9 0.251700 0.531660 0.010538 0.019592
9 0.102439 0.406771 0.019078 0.030229
9 0.131026 0.291430 0.015302 0.032935
9 0.266833 0.465234 0.009564 0.022584
9 0.457315 0.448583 0.012433 0.035705
10 0.112520 0.235911 0.040837 0.044227
10 0.376362 0.556509 0.007375 0.022589
10 0.594370 0.428629 0.014292 0.014115
10 0.561729 0.471820 0.014011 0.035705
10 0.642538 0.593737 0.006881 0.035836
10 0.144369 0.553789 0.011198 0.027280
3 0.511510 0.620592 0.041125 0.054408
3 0.221217 0.612852 0.033099 0.036207
3 0.197529 0.615511 0.018290 0.021135
9 0.618020 0.543033 0.008579 0.018519
