9 0.130137 0.438447 0.014622 0.058922
9 0.223292 0.466040 0.013770 0.027997
9 0.659307 0.470295 0.016271 0.037222
9 0.770098 0.442779 0.015597 0.060655
9 0.782283 0.520086 0.010723 0.023884
9 0.116002 0.513035 0.009748 0.024122
1 0.187163 0.593550 0.021446 0.091849
1 0.755100 0.615688 0.026097 0.105751
3 0.965219 0.630128 0.068555 0.094944
3 0.337771 0.578793 0.028269 0.051938
3 0.365763 0.582085 0.026875 0.041993
3 0.477754 0.569277 0.018725 0.023899
3 0.391905 0.603081 0.059369 0.076252
3 0.300960 0.601280 0.058999 0.076115
3 0.585469 0.601407 0.055616 0.083065
3 0.504112 0.564849 0.011971 0.018197
3 0.540703 0.590265 0.016719 0.049133
3 0.558275 0.591191 0.023884 0.061905
3 0.006336 0.606547 0.012673 0.083184
9 0.665702 0.522383 0.007609 0.017723
9 0.212066 0.512715 0.009806 0.020613
9 0.098040 0.207656 0.021695 0.093750
3 0.528420 0.578436 0.022178 0.037608
1 0.975149 0.575107 0.016382 0.049050
