9 0.556575 0.117391 0.029014 0.056917
9 0.482535 0.399883 0.006049 0.012547
3 0.554386 0.473753 0.020235 0.031142
3 0.566594 0.481304 0.029386 0.039130
3 0.592711 0.508395 0.027177 0.059652
3 0.617805 0.523562 0.053026 0.064892
3 0.656324 0.552451 0.058029 0.078261
3 0.697345 0.582688 0.094046 0.110277
3 0.318250 0.456557 0.020862 0.028388
3 0.296313 0.469862 0.041020 0.048024
3 0.230781 0.489427 0.054027 0.072925
3 0.160279 0.507806 0.094447 0.094269
3 0.518422 0.550508 0.063507 0.083597
3 0.061430 0.550494 0.104051 0.097826
3 0.013407 0.600716 0.026013 0.058569
3 0.327983 0.516191 0.052018 0.088884
3 0.778069 0.634218 0.152194 0.120949
3 0.539298 0.463334 0.027222 0.034056
3 0.525183 0.448995 0.015123 0.017924
9 0.887205 0.424126 0.045697 0.053648
