10 0.654365 0.423538 0.017728 0.051249
10 0.537269 0.393092 0.062014 0.095789
10 0.281609 0.527312 0.011701 0.014561
9 0.330475 0.529512 0.002622 0.009322
3 0.324764 0.555434 0.013389 0.033200
3 0.345378 0.558513 0.036272 0.060324
3 0.522644 0.562674 0.044463 0.072804
4 0.484670 0.497150 0.064246 0.104006
3 0.287459 0.559554 0.039782 0.054083
3 0.426113 0.634438 0.186041 0.262096
3 0.605133 0.572034 0.125198 0.170570
3 0.158087 0.607396 0.223642 0.216333
3 0.027893 0.579315 0.055786 0.060324
4 0.832526 0.391063 0.332673 0.549153
