3 0.231165 0.531392 0.009895 0.036585
3 0.139406 0.543594 0.029422 0.043624
3 0.109983 0.549216 0.032224 0.047325
3 0.429835 0.516768 0.038648 0.057424
3 0.787256 0.483626 0.064206 0.072232
3 0.883930 0.544293 0.231175 0.154809
3 0.551042 0.545022 0.143987 0.159547
3 0.279794 0.515997 0.088832 0.136679
4 0.330523 0.504755 0.017401 0.034126
4 0.377165 0.484962 0.076429 0.171663
3 0.178619 0.541192 0.065852 0.065511
4 0.048963 0.552030 0.097925 0.158763
9 0.305512 0.377294 0.005459 0.026690
9 0.492355 0.352854 0.005459 0.026580
9 0.496108 0.352909 0.004094 0.029116
10 0.528025 0.363275 0.046639 0.015445
10 0.570932 0.408487 0.018214 0.014945
10 0.571692 0.427239 0.006859 0.017577
9 0.680704 0.413254 0.009191 0.024479
9 0.698780 0.412966 0.012255 0.020697
3 0.790693 0.490854 0.058824 0.080611
9 0.426469 0.451297 0.003071 0.009705
3 0.214656 0.528337 0.021917 0.035417
9 0.583626 0.444481 0.008230 0.013006
