10 0.270468 0.282849 0.015223 0.030936
10 0.223863 0.353213 0.014808 0.010312
10 0.518809 0.330398 0.035515 0.016217
10 0.358808 0.378115 0.017743 0.031840
10 0.658825 0.287228 0.045574 0.066200
10 0.656837 0.371213 0.047157 0.040510
10 0.578548 0.396649 0.018521 0.013451
10 0.234065 0.411173 0.004777 0.025170
10 0.098607 0.383663 0.010918 0.028509
10 0.213319 0.407684 0.009419 0.016378
10 0.468744 0.442441 0.006824 0.010918
9 0.466220 0.333074 0.008323 0.018804
9 0.580256 0.349602 0.006721 0.010242
9 0.356420 0.355518 0.007506 0.010312
9 0.211613 0.394406 0.006007 0.008965
9 0.075576 0.368498 0.011260 0.013951
9 0.464378 0.426063 0.004638 0.006066
3 0.504399 0.462592 0.019204 0.027962
1 0.825175 0.506034 0.034118 0.145571
9 0.590818 0.411056 0.009602 0.013656
9 0.357550 0.413143 0.009340 0.012738
9 0.479253 0.315180 0.003412 0.007279
