10 0.587404 0.383802 0.014458 0.036706
10 0.856369 0.258216 0.024370 0.103980
10 0.534944 0.368261 0.009298 0.019063
10 0.345049 0.378054 0.009683 0.013341
10 0.250038 0.398028 0.020471 0.030334
10 0.292442 0.408120 0.011698 0.008665
10 0.481967 0.425559 0.006674 0.015816
10 0.291955 0.428915 0.006824 0.022529
9 0.376635 0.370860 0.004617 0.024262
9 0.460597 0.374326 0.004874 0.020796
9 0.455723 0.374624 0.004874 0.021392
3 0.301216 0.442779 0.033143 0.053723
3 0.531270 0.473973 0.068237 0.143838
3 0.503247 0.507767 0.080427 0.142105
3 0.616079 0.502880 0.066287 0.079094
3 0.223231 0.519230 0.144272 0.171167
3 0.176928 0.467041 0.094556 0.154236
3 0.597557 0.460109 0.017547 0.029461
1 0.577574 0.475706 0.006824 0.046791
1 0.581960 0.469641 0.005849 0.051990
10 0.845158 0.416785 0.013647 0.022529
4 0.071097 0.334467 0.142194 0.509500
3 0.986506 0.498235 0.025345 0.060655
3 0.806166 0.614884 0.384074 0.385380
3 0.028269 0.700129 0.054589 0.273813
3 0.381637 0.533761 0.236878 0.422850
3 0.647613 0.503434 0.050009 0.084917
