3 0.693989 0.578919 0.241744 0.315648
3 0.930952 0.615340 0.136578 0.242806
3 0.534192 0.559494 0.102434 0.145684
3 0.480926 0.544926 0.020487 0.072842
4 0.511313 0.457516 0.068976 0.101978
3 0.431758 0.536428 0.064192 0.104407
3 0.433823 0.500824 0.049200 0.039642
3 0.371266 0.519395 0.044276 0.060774
3 0.286306 0.525250 0.019129 0.029639
9 0.420253 0.387492 0.005672 0.015562
9 0.528375 0.395791 0.008852 0.017637
9 0.339347 0.426396 0.008754 0.029049
9 0.343834 0.482337 0.007505 0.014746
9 0.317463 0.465301 0.011671 0.023862
9 0.459446 0.449739 0.006320 0.009337
9 0.120799 0.390139 0.008170 0.020642
10 0.072168 0.252622 0.064970 0.073660
9 0.108945 0.391695 0.007805 0.023754
3 0.394392 0.518219 0.023304 0.053367
