10 0.221428 0.232791 0.279986 0.240120
10 0.499365 0.182202 0.229452 0.351528
3 0.447529 0.877397 0.171961 0.235522
3 0.170211 0.850152 0.155699 0.154040
3 0.321619 0.836120 0.120576 0.152968
3 0.527501 0.818529 0.040683 0.095882
4 0.405214 0.750224 0.008769 0.014044
10 0.578155 0.716921 0.021002 0.023486
10 0.473430 0.725331 0.020119 0.013819
10 0.398153 0.701709 0.022283 0.024281
10 0.438456 0.713316 0.007234 0.016064
4 0.419276 0.746362 0.009875 0.017555
3 0.517323 0.746011 0.019962 0.011235
3 0.519009 0.771290 0.039498 0.039323
3 0.533426 0.765673 0.013034 0.028088
