10 0.300383 0.383620 0.021730 0.029936
10 0.456255 0.371170 0.038902 0.015598
10 0.593594 0.389368 0.012023 0.013865
10 0.440431 0.399755 0.019132 0.014997
10 0.545892 0.396855 0.011698 0.020796
10 0.622628 0.389356 0.011149 0.018464
10 0.488100 0.378959 0.010305 0.023129
3 0.053614 0.456721 0.107229 0.230642
3 0.260260 0.451972 0.089656 0.097725
3 0.361411 0.435440 0.093216 0.089197
3 0.315186 0.441170 0.018192 0.043078
3 0.425501 0.431217 0.030225 0.028790
3 0.465549 0.425474 0.016729 0.019064
3 0.513236 0.460109 0.069211 0.098781
3 0.633239 0.456643 0.090012 0.116110
3 0.933492 0.519031 0.131373 0.254750
3 0.573772 0.434717 0.039969 0.057192
3 0.542821 0.424018 0.015303 0.026598
3 0.451167 0.426629 0.019497 0.029463
3 0.595382 0.414786 0.012998 0.016176
10 0.555347 0.402944 0.007799 0.012132
3 0.508554 0.409876 0.024047 0.007510
3 0.509204 0.406410 0.027296 0.008665
10 0.462995 0.413631 0.013648 0.004622
