9 0.120039 0.513402 0.112500 0.098969
9 0.245876 0.518557 0.122938 0.072165
9 0.299227 0.454639 0.009278 0.026804
0 0.299227 0.561856 0.020876 0.101031
2 0.390271 0.485567 0.063789 0.043299
2 0.455219 0.581443 0.035954 0.045361
2 0.612951 0.584536 0.040593 0.055670
9 0.563660 0.421650 0.018557 0.026804
9 0.599498 0.481443 0.015077 0.026804
9 0.486997 0.459794 0.033634 0.049485
9 0.627333 0.397938 0.022036 0.041237
9 0.625013 0.450516 0.019717 0.051546
9 0.623853 0.495876 0.022036 0.022680
9 0.624433 0.528866 0.016237 0.014433
2 0.499175 0.608248 0.081186 0.098969
2 0.379833 0.618557 0.149613 0.228866
2 0.814465 0.728866 0.367075 0.342268
