8 0.401621 0.339140 0.006592 0.025781
8 0.473472 0.333281 0.007910 0.018750
8 0.458970 0.349687 0.005273 0.018750
8 0.382505 0.345000 0.007910 0.023437
9 0.518315 0.352031 0.010509 0.018750
8 0.557188 0.332109 0.006592 0.021094
8 0.590147 0.361406 0.009229 0.018750
2 0.145201 0.394218 0.031641 0.028125
2 0.116856 0.390703 0.035596 0.039844
2 0.068077 0.403593 0.061963 0.046875
2 0.193980 0.384843 0.029004 0.028125
2 0.224302 0.383672 0.031641 0.025781
2 0.878867 0.376640 0.088330 0.063281
2 0.938852 0.375468 0.042187 0.037500
2 0.712095 0.373125 0.034277 0.042187
2 0.344273 0.387187 0.031641 0.042187
2 0.387779 0.390703 0.036914 0.049219
2 0.431944 0.387187 0.011865 0.018750
2 0.447764 0.381328 0.011865 0.021094
2 0.465562 0.381328 0.010547 0.021094
2 0.492588 0.383672 0.022412 0.030469
2 0.273741 0.409453 0.080420 0.077344
