8 0.458970 0.190312 0.013184 0.056250
8 0.302745 0.313359 0.017139 0.035156
8 0.515659 0.377812 0.013184 0.023437
8 0.486656 0.350859 0.013184 0.021094
8 0.090489 0.248906 0.025049 0.060937
8 0.743735 0.271172 0.023730 0.049219
8 0.443809 0.192656 0.011865 0.046875
8 0.623765 0.357890 0.013184 0.025781
8 0.054893 0.257109 0.030322 0.049219
8 0.064122 0.151641 0.022412 0.100781
9 0.754282 0.145781 0.029004 0.060937
9 0.769443 0.224297 0.027686 0.072656
9 0.740440 0.212578 0.025049 0.049219
9 0.623106 0.278203 0.022412 0.016406
2 0.370640 0.420000 0.018457 0.014062
2 0.388438 0.417656 0.017139 0.018750
2 0.408213 0.416484 0.019775 0.021094
2 0.449082 0.421172 0.019775 0.025781
2 0.468858 0.409453 0.017139 0.021094
2 0.496543 0.411797 0.017139 0.025781
2 0.530821 0.424687 0.043506 0.079687
2 0.238145 0.427031 0.059326 0.060937
2 0.309336 0.423515 0.038232 0.044531
2 0.101695 0.575859 0.203027 0.438281
