2 0.508006 0.599970 0.138910 0.215913
2 0.902356 0.535061 0.121932 0.082317
9 0.115971 0.367683 0.040130 0.087805
9 0.654633 0.334756 0.024695 0.049390
9 0.818238 0.408841 0.037043 0.071341
9 0.591352 0.434908 0.012348 0.035671
9 0.410768 0.423933 0.021608 0.019207
2 0.073460 0.498088 0.145896 0.127559
2 0.188861 0.505833 0.087298 0.078661
2 0.261211 0.503707 0.057402 0.057402
2 0.314427 0.500518 0.049031 0.059528
2 0.395148 0.490647 0.023917 0.036142
8 0.438200 0.432182 0.009567 0.021260
8 0.529085 0.439623 0.009567 0.014882
8 0.479457 0.448127 0.010763 0.019134
8 0.511147 0.449190 0.004783 0.017008
2 0.492014 0.468628 0.026309 0.034016
9 0.618775 0.419730 0.031093 0.042520
9 0.617580 0.455872 0.023917 0.021260
2 0.987444 0.543797 0.021526 0.082913
