8 0.398859 0.452132 0.005953 0.021327
8 0.392883 0.449289 0.005998 0.019905
8 0.519446 0.457464 0.007198 0.019194
8 0.525444 0.456398 0.007198 0.021327
8 0.328702 0.503317 0.011996 0.017062
9 0.333501 0.493720 0.014396 0.010663
9 0.371290 0.500118 0.013196 0.010663
9 0.568031 0.459597 0.010797 0.023460
9 0.572230 0.489455 0.011996 0.010664
9 0.568631 0.500118 0.011996 0.010663
2 0.434871 0.536374 0.010797 0.014929
2 0.352695 0.550237 0.021594 0.034123
2 0.338300 0.549170 0.023993 0.036256
2 0.320305 0.552369 0.021594 0.042654
2 0.393483 0.538507 0.019194 0.031990
2 0.298111 0.549170 0.029991 0.053317
2 0.268720 0.552369 0.040788 0.059716
2 0.530842 0.534455 0.013196 0.025592
2 0.565632 0.538720 0.037189 0.059716
2 0.584826 0.552583 0.046786 0.066114
2 0.617217 0.565379 0.058783 0.091706
2 0.636411 0.583507 0.063581 0.098104
2 0.659804 0.603767 0.076777 0.125829
2 0.723385 0.638957 0.158353 0.183412
2 0.224333 0.564526 0.069579 0.074645
2 0.094172 0.571990 0.149955 0.119431
2 0.415077 0.540000 0.033590 0.046919
2 0.447467 0.541066 0.023993 0.036256
2 0.495453 0.526137 0.011996 0.019194
3 0.481057 0.523578 0.016795 0.036256
2 0.879039 0.731516 0.238729 0.428673
2 0.503613 0.524375 0.009492 0.018750
