2 0.052297 0.457624 0.104593 0.078502
2 0.715904 0.474411 0.113450 0.112076
2 0.619628 0.452639 0.079102 0.084297
2 0.423852 0.434765 0.027686 0.044531
2 0.374414 0.437109 0.031641 0.035156
2 0.352002 0.438281 0.013184 0.023437
2 0.399463 0.426562 0.015820 0.037500
3 0.483838 0.419531 0.018457 0.032812
2 0.549755 0.434765 0.026367 0.021094
0 0.570190 0.427734 0.009229 0.044531
9 0.809274 0.095736 0.047064 0.186784
9 0.841516 0.225557 0.020286 0.027010
9 0.330249 0.284765 0.038232 0.016406
8 0.370459 0.278236 0.013184 0.046875
8 0.235986 0.378180 0.015820 0.016406
8 0.554370 0.277399 0.009229 0.025781
8 0.544482 0.287946 0.007910 0.028125
2 0.458130 0.417187 0.022412 0.023437
2 0.522729 0.425390 0.014502 0.025781
2 0.533276 0.432422 0.009229 0.021094
2 0.508886 0.401618 0.010547 0.016406
8 0.578100 0.254799 0.011865 0.121875
9 0.653692 0.387890 0.017139 0.016406
9 0.237842 0.400543 0.011462 0.015283
