9 0.180098 0.186422 0.020271 0.012474
9 0.178539 0.204440 0.023389 0.009702
9 0.373060 0.264733 0.014813 0.008316
9 0.375789 0.247408 0.006237 0.023563
9 0.432703 0.271663 0.012474 0.016632
9 0.431534 0.293147 0.010135 0.015246
9 0.103693 0.258496 0.012474 0.045739
2 0.281842 0.402644 0.122404 0.120585
2 0.619818 0.446304 0.185556 0.307700
2 0.965201 0.624409 0.062372 0.381160
2 0.857610 0.465015 0.277554 0.328491
2 0.525871 0.361062 0.024169 0.031879
2 0.491566 0.356904 0.010135 0.018018
2 0.482601 0.361062 0.009356 0.023563
2 0.499363 0.356904 0.005458 0.015246
2 0.504041 0.351360 0.008576 0.009702
2 0.469347 0.363142 0.018711 0.024949
9 0.375009 0.342351 0.004678 0.027721
8 0.412822 0.130980 0.010135 0.042967
8 0.468567 0.243249 0.003119 0.031879
