8 0.547156 0.231215 0.011188 0.052210
8 0.232497 0.258564 0.022376 0.062155
8 0.845731 0.185221 0.012586 0.054696
8 0.146491 0.234945 0.012586 0.054696
8 0.145792 0.356768 0.013985 0.024862
8 0.912159 0.399033 0.016782 0.029834
8 0.573727 0.396547 0.005594 0.029834
8 0.432830 0.386188 0.004195 0.019890
8 0.353816 0.372514 0.013985 0.032320
9 0.211870 0.125552 0.076916 0.052210
9 0.221659 0.176394 0.026571 0.049975
9 0.356613 0.221271 0.030767 0.054696
9 0.354515 0.294613 0.034962 0.067127
9 0.279696 0.232459 0.033564 0.072099
9 0.276899 0.288398 0.039157 0.039779
9 0.275501 0.318232 0.033564 0.014917
9 0.277598 0.355525 0.026571 0.034807
9 0.605542 0.231215 0.030767 0.069613
9 0.551001 0.177762 0.033564 0.052210
9 0.455205 0.171547 0.034962 0.054696
9 0.752856 0.300829 0.023323 0.044751
3 0.569182 0.420166 0.013985 0.014917
9 0.933346 0.329171 0.030767 0.019890
9 0.926354 0.350304 0.022376 0.017403
9 0.216313 0.335635 0.064330 0.064641
3 0.491916 0.440603 0.065729 0.090894
2 0.538765 0.446271 0.033564 0.024862
2 0.561140 0.457459 0.011188 0.022376
2 0.577223 0.458080 0.029368 0.038536
2 0.541562 0.474862 0.030767 0.044751
3 0.622982 0.443329 0.074900 0.133342
9 0.744341 0.381630 0.013985 0.014917
3 0.308715 0.415193 0.023774 0.027348
2 0.297527 0.438812 0.020977 0.027348
2 0.280745 0.445028 0.012586 0.019890
3 0.245783 0.436326 0.048947 0.057182
2 0.206626 0.459945 0.051744 0.074586
2 0.140897 0.463674 0.088104 0.091989
2 0.075868 0.461188 0.072721 0.077072
9 0.036710 0.274724 0.022376 0.047238
9 0.035312 0.320718 0.025173 0.044751
9 0.032515 0.356768 0.019579 0.017403
4 0.061184 0.418923 0.121668 0.154144
2 0.386855 0.603394 0.304869 0.492898
2 0.832325 0.738134 0.334345 0.518731
