2 0.274291 0.446150 0.015077 0.012167
2 0.254575 0.447519 0.019716 0.017677
2 0.234278 0.448550 0.018557 0.019739
2 0.211083 0.441975 0.025515 0.028765
2 0.102062 0.439863 0.046392 0.041237
2 0.313144 0.480756 0.062629 0.072165
2 0.371134 0.453952 0.013918 0.022680
2 0.394910 0.464261 0.017397 0.039175
2 0.780541 0.533653 0.122938 0.081835
2 0.418686 0.490034 0.062629 0.078351
9 0.171070 0.381443 0.017397 0.012371
9 0.170490 0.396907 0.011598 0.014433
9 0.427384 0.426117 0.008119 0.016495
9 0.579897 0.359483 0.020876 0.038422
9 0.582217 0.409622 0.018557 0.016495
9 0.824034 0.416839 0.024356 0.051546
2 0.011305 0.440067 0.022610 0.051283
