9 0.377475 0.476523 0.031180 0.055430
9 0.526222 0.489934 0.047493 0.100132
9 0.545168 0.556883 0.030631 0.023453
9 0.495656 0.577022 0.018104 0.034706
9 0.502193 0.630298 0.019110 0.030397
9 0.573102 0.629404 0.008046 0.028609
9 0.340260 0.680364 0.011064 0.023245
9 0.199952 0.590066 0.020116 0.028609
9 0.040534 0.615099 0.025145 0.035762
9 0.165755 0.698416 0.022127 0.045043
9 0.134575 0.775132 0.014081 0.026821
9 0.136587 0.790331 0.014081 0.017881
0 0.086800 0.861854 0.013075 0.057219
2 0.222079 0.799271 0.064371 0.082252
2 0.100378 0.837715 0.040232 0.051854
2 0.072216 0.858278 0.012070 0.035762
2 0.019603 0.879735 0.038844 0.060795
8 0.415192 0.474499 0.034197 0.033501
