2 0.080909 0.625588 0.161818 0.402098
2 0.182776 0.502568 0.168642 0.138639
2 0.279770 0.476573 0.103330 0.121309
2 0.361166 0.467041 0.071161 0.074519
2 0.416730 0.460976 0.049715 0.058922
2 0.439638 0.457510 0.013647 0.031194
2 0.449386 0.453177 0.011698 0.025995
2 0.459622 0.440180 0.010723 0.013864
2 0.538094 0.424583 0.097481 0.048524
2 0.517623 0.610880 0.237853 0.320603
8 0.468883 0.369127 0.003899 0.027728
8 0.542968 0.360462 0.003899 0.034660
8 0.549304 0.356996 0.004874 0.027728
9 0.681391 0.191496 0.035093 0.053723
0 0.386999 0.440180 0.011698 0.027728
0 0.611205 0.474190 0.023395 0.081884
2 0.473442 0.431515 0.015597 0.017330
