2 0.391512 0.380467 0.033525 0.056827
2 0.415291 0.401258 0.037423 0.106725
2 0.790301 0.383932 0.165285 0.119199
2 0.516047 0.438681 0.198810 0.300770
9 0.368772 0.300770 0.062372 0.030493
9 0.412822 0.306314 0.024169 0.036037
9 0.389043 0.343044 0.012474 0.009702
9 0.427636 0.342351 0.007017 0.011088
8 0.385145 0.270970 0.009356 0.020791
8 0.352790 0.273049 0.008576 0.022177
8 0.415941 0.275128 0.008576 0.020791
8 0.445762 0.282058 0.010135 0.027721
2 0.359704 0.369994 0.023395 0.025995
2 0.957456 0.418819 0.082515 0.093543
