2 0.451278 0.596801 0.013196 0.019194
2 0.427286 0.589336 0.005998 0.017062
2 0.421287 0.590402 0.008398 0.019194
2 0.413490 0.592535 0.011996 0.023460
2 0.403293 0.591469 0.017995 0.029858
2 0.393696 0.600000 0.013196 0.025592
2 0.383499 0.607464 0.011996 0.036256
3 0.351108 0.589336 0.059982 0.119431
2 0.294125 0.624526 0.092373 0.113033
3 0.118571 0.647985 0.237142 0.368957
2 0.465674 0.597867 0.008398 0.017062
2 0.474672 0.595734 0.014396 0.021327
2 0.481270 0.601066 0.015595 0.027725
2 0.493266 0.606398 0.022793 0.042654
2 0.498065 0.612796 0.025193 0.038389
2 0.510661 0.617061 0.019194 0.038389
2 0.531055 0.619194 0.035989 0.051185
2 0.550849 0.637322 0.058783 0.070379
