9 0.278912 0.103656 0.020894 0.047391
9 0.526908 0.209965 0.053315 0.034583
9 0.564372 0.358268 0.017291 0.038425
9 0.602557 0.353145 0.008646 0.020493
9 0.525827 0.374919 0.006484 0.020493
9 0.513579 0.384525 0.006484 0.011528
9 0.458103 0.389008 0.007925 0.015370
9 0.449818 0.390289 0.007205 0.012808
9 0.296358 0.335853 0.008646 0.016651
9 0.295637 0.364032 0.017291 0.039706
9 0.240727 0.380682 0.009366 0.024336
8 0.432784 0.133756 0.018012 0.069165
8 0.640999 0.277850 0.012248 0.057638
8 0.250968 0.109420 0.021614 0.071727
8 0.793070 0.265041 0.017291 0.062761
8 0.771816 0.268884 0.016571 0.060199
8 0.766413 0.332285 0.008646 0.020493
8 0.642852 0.343172 0.013689 0.026898
2 0.135016 0.397571 0.012968 0.015370
2 0.122048 0.398212 0.011528 0.011528
3 0.106918 0.391807 0.020173 0.029459
2 0.359442 0.410380 0.015130 0.030740
2 0.316574 0.442400 0.106630 0.128084
2 0.709591 0.418705 0.058358 0.057638
2 0.935746 0.440479 0.126803 0.113994
2 0.989061 0.461613 0.020173 0.076850
2 0.092580 0.504009 0.183720 0.470066
