9 0.718921 0.336200 0.024370 0.024262
9 0.715022 0.298075 0.032169 0.041592
9 0.716971 0.263415 0.022421 0.020796
9 0.715996 0.227022 0.022421 0.024262
9 0.715022 0.189763 0.018521 0.039859
9 0.713559 0.158569 0.021446 0.019063
9 0.730618 0.204493 0.034118 0.041592
9 0.684803 0.335334 0.020471 0.025995
9 0.686265 0.297208 0.021446 0.036393
9 0.684315 0.263415 0.023395 0.020796
9 0.682365 0.226155 0.019496 0.025995
9 0.684315 0.191496 0.023395 0.036393
9 0.686265 0.157702 0.027295 0.024262
9 0.407470 0.414185 0.007798 0.010398
9 0.383587 0.428049 0.012673 0.010398
9 0.386511 0.420250 0.012673 0.012131
2 0.465958 0.440180 0.007798 0.010398
2 0.457672 0.439313 0.008773 0.012131
2 0.439151 0.447112 0.008773 0.013864
2 0.416730 0.454910 0.010723 0.015597
2 0.407957 0.455777 0.008773 0.017330
2 0.393691 0.456027 0.020805 0.027227
2 0.364578 0.460976 0.015597 0.013864
2 0.349956 0.459243 0.011698 0.020796
2 0.331922 0.464442 0.020471 0.034660
2 0.296829 0.474840 0.049715 0.055456
2 0.261249 0.475706 0.019496 0.036393
2 0.228592 0.483505 0.041917 0.038126
2 0.140372 0.490437 0.058488 0.069320
2 0.058001 0.505167 0.114053 0.268614
0 0.500564 0.462709 0.008773 0.041592
0 0.511774 0.463575 0.011698 0.046791
