2 0.557436 0.492694 0.010518 0.024307
2 0.544815 0.497369 0.014725 0.026177
2 0.524831 0.503913 0.027346 0.039266
2 0.573213 0.497369 0.014725 0.022438
2 0.610025 0.520741 0.063106 0.095360
9 0.625801 0.452493 0.014725 0.022438
9 0.706787 0.204744 0.054692 0.102839
9 0.476976 0.462777 0.013673 0.031787
9 0.417551 0.355263 0.012621 0.082272
0 0.744125 0.505596 0.015776 0.063573
0 0.757272 0.499986 0.016828 0.093490
0 0.766738 0.474744 0.006311 0.035526
3 0.409588 0.504047 0.109384 0.097230
2 0.325522 0.509522 0.110435 0.132756
2 0.204043 0.521676 0.212457 0.198200
0 0.987609 0.489947 0.018932 0.112303
