8 0.783286 0.398906 0.031641 0.056250
8 0.741758 0.407109 0.017139 0.044531
9 0.752964 0.261797 0.050098 0.039844
9 0.781968 0.233672 0.026367 0.030469
0 0.854478 0.641484 0.068555 0.316406
0 0.797129 0.641484 0.080420 0.274219
2 0.471313 0.578906 0.090967 0.112500
0 0.400122 0.546093 0.014502 0.051562
2 0.159521 0.527343 0.023730 0.037500
2 0.138428 0.529687 0.026367 0.042187
2 0.114038 0.530859 0.043506 0.044531
3 0.274878 0.513281 0.025049 0.051562
2 0.568394 0.603984 0.176660 0.157031
2 0.222325 0.548906 0.106787 0.201562
2 0.039073 0.537187 0.030322 0.051562
4 0.328453 0.506718 0.087012 0.178125
2 0.013274 0.544218 0.026548 0.126562
