9 0.386234 0.246327 0.052191 0.074227
9 0.469160 0.414369 0.034794 0.035052
8 0.585139 0.395812 0.016237 0.026804
8 0.672704 0.400967 0.012758 0.032990
8 0.861750 0.411276 0.015077 0.028866
8 0.827536 0.400967 0.011598 0.020619
2 0.829276 0.494781 0.035954 0.047423
2 0.804920 0.500967 0.024356 0.035052
2 0.784044 0.491688 0.019716 0.024742
2 0.766067 0.487565 0.018557 0.032990
2 0.751570 0.490657 0.015077 0.026804
2 0.737072 0.486534 0.011598 0.030928
2 0.724894 0.485503 0.012758 0.028866
2 0.711557 0.482410 0.009278 0.022680
2 0.696479 0.481379 0.023196 0.020619
2 0.670384 0.475193 0.017397 0.020619
8 0.583979 0.445296 0.013918 0.014433
8 0.657626 0.448389 0.008119 0.020619
2 0.512652 0.492719 0.028995 0.022680
2 0.516711 0.469008 0.023196 0.016495
2 0.533528 0.473132 0.019716 0.020619
2 0.554405 0.472101 0.012758 0.022680
2 0.567742 0.471070 0.020876 0.028866
2 0.197188 0.488595 0.047552 0.047423
2 0.267356 0.489626 0.037113 0.032990
2 0.298670 0.487565 0.027835 0.032990
2 0.333464 0.481379 0.025515 0.032990
2 0.310268 0.485503 0.016237 0.037113
8 0.071350 0.432925 0.018557 0.035052
2 0.598477 0.498905 0.028995 0.059794
2 0.597317 0.461791 0.024356 0.043299
2 0.463941 0.488595 0.026675 0.047423
