8 0.522251 0.512109 0.007910 0.035156
8 0.366026 0.509765 0.006592 0.035156
8 0.372618 0.509765 0.006592 0.039844
8 0.358116 0.515625 0.006592 0.042187
8 0.515659 0.512109 0.005273 0.035156
8 0.528184 0.509765 0.006592 0.039844
9 0.544663 0.503906 0.013184 0.023437
9 0.569053 0.514453 0.017139 0.021094
8 0.580918 0.554296 0.017139 0.025781
8 0.354161 0.578906 0.006592 0.023437
2 0.579600 0.637500 0.080420 0.103125
2 0.383824 0.629296 0.031641 0.053906
2 0.329771 0.633984 0.063281 0.091406
2 0.288902 0.653906 0.047461 0.093750
2 0.234849 0.667968 0.084375 0.107812
2 0.125425 0.673828 0.155566 0.171094
2 0.044346 0.753749 0.088330 0.279375
2 0.480723 0.664453 0.156885 0.255469
2 0.712095 0.685546 0.205664 0.213281
9 0.543345 0.554765 0.015820 0.016406
9 0.288902 0.525468 0.013184 0.018750
