8 0.451401 0.758184 0.013777 0.025995
8 0.548970 0.825810 0.008190 0.029122
8 0.594603 0.760286 0.010531 0.039522
8 0.557746 0.829276 0.007020 0.024961
8 0.585827 0.761672 0.011701 0.039522
8 0.603378 0.760632 0.009361 0.029122
9 0.467650 0.832050 0.014041 0.033282
0 0.305596 0.935016 0.024571 0.089445
2 0.539610 0.929122 0.092436 0.141448
2 0.855528 0.938483 0.062014 0.118567
4 0.769611 0.849166 0.119901 0.083184
2 0.403296 0.935363 0.184871 0.128968
2 0.653691 0.883360 0.271456 0.232974
2 0.922808 0.944723 0.152109 0.110247
2 0.775379 0.939523 0.063184 0.112327
0 0.089133 0.942297 0.033932 0.112327
