9 0.727694 0.576220 0.016572 0.022529
9 0.621440 0.556290 0.024370 0.024262
2 0.530783 0.596149 0.012673 0.013864
2 0.512749 0.599615 0.009748 0.006932
2 0.497152 0.602215 0.015597 0.015597
2 0.470832 0.597016 0.013647 0.025995
2 0.439638 0.608280 0.064337 0.048524
4 0.368340 0.593805 0.069912 0.085427
4 0.241265 0.585751 0.170591 0.152503
2 0.626801 0.611746 0.033143 0.055456
2 0.672617 0.620411 0.072136 0.100514
2 0.576599 0.619545 0.067262 0.105712
2 0.793006 0.694063 0.172541 0.168100
9 0.597528 0.559554 0.021061 0.016641
2 0.584657 0.548113 0.021061 0.018721
