8 0.301426 0.265312 0.009229 0.042187
8 0.439854 0.185625 0.011865 0.060937
8 0.179478 0.402422 0.007910 0.039844
8 0.179478 0.435234 0.007910 0.021094
8 0.317246 0.267656 0.009229 0.037500
8 0.210459 0.427031 0.009229 0.018750
8 0.455674 0.191484 0.017139 0.053906
8 0.795811 0.373125 0.017139 0.023437
9 0.110264 0.394218 0.017139 0.028125
9 0.311314 0.295781 0.029004 0.018750
9 0.312632 0.329765 0.018457 0.044531
9 0.384483 0.214922 0.061963 0.025781
9 0.785264 0.289922 0.030322 0.025781
9 0.793833 0.265312 0.021094 0.018750
9 0.785264 0.122344 0.017139 0.065625
9 0.656724 0.397734 0.013184 0.016406
9 0.649473 0.369609 0.017139 0.030469
9 0.569712 0.396562 0.015820 0.023437
9 0.512364 0.408281 0.006592 0.037500
9 0.508408 0.386015 0.017139 0.021094
9 0.484019 0.373125 0.013184 0.032812
9 0.483360 0.425859 0.011865 0.025781
0 0.234849 0.475078 0.010547 0.044531
0 0.968516 0.489140 0.043506 0.161719
2 0.109605 0.483281 0.060644 0.037500
2 0.215733 0.466875 0.032959 0.037500
2 0.389657 0.462015 0.017337 0.037156
2 0.456333 0.466875 0.021094 0.032812
2 0.474790 0.466875 0.015820 0.032812
2 0.483360 0.468047 0.014502 0.039844
2 0.498521 0.465703 0.031641 0.049219
2 0.520933 0.471562 0.029004 0.051562
2 0.670567 0.484453 0.127881 0.166406
2 0.425352 0.483281 0.056689 0.093750
2 0.553233 0.483281 0.056689 0.075000
2 0.770103 0.660234 0.458789 0.367968
0 0.015342 0.486797 0.009229 0.044531
2 0.327134 0.463359 0.015820 0.035156
2 0.039073 0.488906 0.035596 0.037500
9 0.145372 0.424565 0.011005 0.030237
9 0.162880 0.430791 0.010005 0.024901
