2 0.835193 0.457937 0.019134 0.017858
2 0.911729 0.462614 0.011959 0.017008
2 0.900368 0.462614 0.015546 0.017008
2 0.859708 0.457299 0.017938 0.023386
2 0.880038 0.454110 0.020330 0.029764
2 0.700060 0.411591 0.014350 0.021260
2 0.688102 0.420095 0.014350 0.021260
2 0.490186 0.446669 0.049031 0.027638
9 0.157854 0.192402 0.308534 0.189213
9 0.543521 0.404362 0.025113 0.017008
9 0.566841 0.405000 0.023917 0.023386
9 0.707953 0.353976 0.038268 0.044646
9 0.763561 0.350787 0.037072 0.042520
2 0.615273 0.524055 0.166225 0.210472
8 0.123174 0.416693 0.011959 0.017008
