8 0.317227 0.389369 0.013918 0.061856
8 0.455242 0.396585 0.011598 0.059794
8 0.633271 0.391430 0.015077 0.061856
8 0.176892 0.373905 0.016237 0.068041
9 0.949314 0.557410 0.013918 0.030928
9 0.664585 0.562565 0.033634 0.074227
9 0.623992 0.560503 0.022036 0.032990
9 0.598477 0.561534 0.022036 0.039175
9 0.068451 0.550193 0.022036 0.016495
9 0.175152 0.549162 0.024356 0.018557
9 0.221544 0.545039 0.022036 0.022680
9 0.122961 0.547101 0.028995 0.022680
9 0.270255 0.549162 0.019716 0.026804
9 0.317807 0.542977 0.022036 0.022680
9 0.359559 0.546070 0.024356 0.020619
9 0.401312 0.540915 0.024356 0.022680
9 0.447704 0.541946 0.019716 0.012371
2 0.121801 0.618235 0.031314 0.024742
2 0.637910 0.608956 0.052191 0.035052
2 0.600796 0.608956 0.035954 0.030928
2 0.447124 0.606894 0.020876 0.022680
2 0.405371 0.609987 0.013918 0.020619
2 0.891905 0.601740 0.077706 0.086598
2 0.560783 0.619266 0.055670 0.068041
4 0.243000 0.602771 0.009278 0.022680
2 0.988747 0.605864 0.018557 0.041237
