8 0.363389 0.270000 0.006592 0.023437
8 0.528843 0.274687 0.007910 0.023437
8 0.369322 0.268828 0.007910 0.025781
8 0.534116 0.277031 0.007910 0.018750
9 0.254624 0.306328 0.018457 0.016406
9 0.683750 0.274687 0.019775 0.037500
3 0.273081 0.377812 0.058008 0.093750
2 0.499180 0.381328 0.046143 0.077344
2 0.535435 0.368437 0.010547 0.018750
2 0.547300 0.366093 0.013184 0.028125
2 0.595420 0.376640 0.017139 0.044531
2 0.617832 0.371953 0.048779 0.063281
2 0.740440 0.390703 0.125244 0.142969
2 0.826792 0.424687 0.137109 0.159375
2 0.557188 0.373125 0.019775 0.023437
2 0.636948 0.387187 0.055371 0.060937
2 0.199913 0.424687 0.141064 0.140625
2 0.421397 0.374297 0.133154 0.246094
2 0.020525 0.443437 0.041050 0.098437
2 0.928306 0.407109 0.142383 0.292969
