2 0.151731 0.544171 0.301878 0.559116
2 0.493977 0.498190 0.087755 0.122727
2 0.548385 0.491950 0.035102 0.064484
2 0.561841 0.461788 0.012871 0.024961
2 0.572957 0.462828 0.009361 0.027042
2 0.607474 0.477389 0.015211 0.018721
2 0.629120 0.473228 0.014041 0.014561
2 0.601038 0.458668 0.009361 0.014561
2 0.615664 0.455547 0.005850 0.016641
9 0.665977 0.343162 0.050313 0.029004
8 0.190610 0.189025 0.013507 0.083738
9 0.197949 0.320339 0.038612 0.033282
9 0.264988 0.342053 0.021542 0.043427
9 0.351228 0.291217 0.024571 0.074884
8 0.613909 0.428506 0.007020 0.016641
8 0.567106 0.433706 0.007020 0.018721
9 0.158973 0.266139 0.041186 0.027458
9 0.220753 0.294359 0.025742 0.022881
