8 0.162847 0.153929 0.015211 0.058243
8 0.481691 0.048883 0.014041 0.060324
8 0.574127 0.227774 0.011701 0.052003
8 0.180398 0.151849 0.015211 0.054083
8 0.460045 0.333860 0.010531 0.018721
8 0.360004 0.343221 0.009361 0.016641
8 0.437228 0.374422 0.009361 0.016641
9 0.819841 0.120647 0.063184 0.037442
8 0.864304 0.191371 0.044463 0.074884
9 0.203214 0.340100 0.011701 0.027042
9 0.582902 0.276657 0.017551 0.012481
9 0.572957 0.307858 0.028082 0.016641
8 0.568861 0.332820 0.012871 0.024961
9 0.473501 0.371302 0.011701 0.010401
9 0.319051 0.371302 0.011701 0.014561
9 0.458875 0.391063 0.010531 0.016641
2 0.448344 0.400424 0.015211 0.027042
2 0.454779 0.410825 0.011701 0.027042
2 0.361174 0.410825 0.023401 0.027042
2 0.341868 0.409785 0.015211 0.033282
2 0.313786 0.408745 0.010531 0.018721
2 0.327242 0.414985 0.023401 0.035362
2 0.297405 0.401464 0.022231 0.020801
2 0.306181 0.424345 0.023401 0.033282
2 0.472916 0.416025 0.026912 0.033282
2 0.409147 0.442027 0.084245 0.135208
2 0.254112 0.429546 0.113497 0.147689
2 0.828032 0.543953 0.341660 0.359862
2 0.028478 0.605316 0.056956 0.253775
2 0.128330 0.435786 0.028082 0.031202
0 0.109609 0.416025 0.009361 0.074884
0 0.126575 0.409785 0.008190 0.020801
9 0.517963 0.338020 0.009361 0.014561
