9 0.388942 0.401087 0.028014 0.053360
9 0.905247 0.466897 0.018009 0.019565
9 0.457026 0.501581 0.014007 0.028459
9 0.481038 0.510474 0.012006 0.021344
9 0.493044 0.531818 0.008004 0.017787
9 0.594594 0.508696 0.011005 0.028459
8 0.527661 0.527905 0.008004 0.014229
8 0.546170 0.532352 0.009004 0.016008
2 0.525510 0.554941 0.015007 0.019565
2 0.538516 0.553162 0.015007 0.023123
2 0.551522 0.553162 0.015007 0.019565
2 0.567530 0.554941 0.017008 0.023123
2 0.581537 0.554052 0.013006 0.021344
8 0.376486 0.435771 0.017008 0.024901
