9 0.083563 0.135812 0.071203 0.141772
9 0.136728 0.268302 0.046519 0.059072
9 0.099702 0.387289 0.061709 0.067511
9 0.096380 0.427795 0.030380 0.047257
9 0.344164 0.356065 0.028481 0.075949
9 0.338468 0.432858 0.030380 0.074262
9 0.574782 0.550211 0.012342 0.027004
9 0.568137 0.563713 0.016139 0.023629
9 0.937915 0.511392 0.018987 0.037131
9 0.938390 0.549367 0.019937 0.042194
9 0.951206 0.583122 0.017089 0.021941
9 0.848734 0.664979 0.008544 0.015190
9 0.845886 0.671730 0.010443 0.015190
8 0.749254 0.659795 0.012342 0.021941
0 0.025158 0.610367 0.027532 0.116456
0 0.061709 0.583363 0.015190 0.079325
0 0.085443 0.592646 0.011392 0.057384
0 0.099209 0.598553 0.023734 0.092827
0 0.148576 0.646654 0.038924 0.148523
0 0.004747 0.599437 0.009494 0.126582
0 0.173390 0.648101 0.054114 0.209283
2 0.764656 0.699578 0.012342 0.025316
2 0.749940 0.693671 0.017089 0.033755
2 0.734750 0.688607 0.013291 0.047257
2 0.722883 0.689451 0.012342 0.045570
2 0.714339 0.689451 0.018038 0.042194
2 0.705320 0.688607 0.022785 0.043882
2 0.693453 0.687763 0.016139 0.048945
2 0.678738 0.688607 0.028481 0.060759
2 0.660700 0.685232 0.030380 0.067511
2 0.618580 0.677757 0.074051 0.094515
2 0.853322 0.704922 0.019937 0.043882
2 0.880945 0.710669 0.040823 0.052321
2 0.916805 0.725685 0.036076 0.096202
2 0.954430 0.736146 0.087342 0.173840
