2 0.057514 0.567555 0.115027 0.105712
2 0.533220 0.506900 0.050690 0.067587
2 0.304627 0.513832 0.026320 0.032927
2 0.402596 0.497369 0.015597 0.017330
2 0.494228 0.502568 0.025345 0.051990
2 0.330460 0.507767 0.017547 0.034660
2 0.348494 0.500835 0.010723 0.027728
2 0.364091 0.501701 0.012673 0.019063
2 0.462546 0.495636 0.024370 0.034660
2 0.445975 0.499102 0.012673 0.027728
2 0.432327 0.495636 0.012673 0.024262
8 0.432327 0.430648 0.012673 0.022529
8 0.333872 0.432381 0.010723 0.022529
9 0.633138 0.392523 0.022421 0.036393
9 0.633625 0.414185 0.023395 0.024262
9 0.452311 0.428915 0.019496 0.019063
8 0.376763 0.455777 0.016572 0.013864
8 0.383099 0.471374 0.009748 0.013864
8 0.417218 0.468774 0.009748 0.015597
8 0.857831 0.340533 0.021446 0.046791
8 0.904134 0.331001 0.028269 0.058922
9 0.879277 0.218357 0.058488 0.027728
9 0.473757 0.467908 0.009748 0.013864
