8 0.545982 0.480937 0.007910 0.023437
8 0.453697 0.462187 0.005273 0.018750
8 0.433921 0.451640 0.007910 0.021094
8 0.399644 0.452812 0.007910 0.018750
8 0.475449 0.459843 0.006592 0.018750
9 0.415464 0.449297 0.018457 0.011719
9 0.572349 0.509062 0.010547 0.032812
9 0.586851 0.472734 0.044824 0.039844
2 0.321861 0.514922 0.044824 0.049219
2 0.416783 0.503203 0.015820 0.016406
2 0.433262 0.505547 0.014502 0.016406
2 0.464243 0.509062 0.007910 0.018750
2 0.481382 0.509062 0.007910 0.018750
2 0.733189 0.545390 0.042187 0.049219
2 0.793833 0.545390 0.092285 0.072656
2 0.813608 0.561796 0.081738 0.063281
2 0.860410 0.571171 0.098877 0.082031
2 0.918418 0.587578 0.098877 0.086719
2 0.955991 0.596953 0.087012 0.091406
2 0.988291 0.620390 0.022412 0.067969
2 0.406895 0.511406 0.014502 0.018750
2 0.444468 0.510234 0.018457 0.025781
2 0.472154 0.512578 0.018457 0.030469
2 0.492588 0.513750 0.017139 0.023437
2 0.373936 0.510000 0.014502 0.023437
2 0.973387 0.527387 0.033525 0.026335
