2 0.045160 0.464901 0.090320 0.178808
2 0.549466 0.423775 0.065377 0.078675
2 0.454921 0.399636 0.031180 0.037550
2 0.416701 0.397848 0.023133 0.026821
2 0.310589 0.403212 0.024139 0.033974
2 0.110939 0.441656 0.109632 0.128742
2 0.167264 0.423775 0.083481 0.107285
2 0.515771 0.413940 0.042243 0.059007
2 0.492135 0.414834 0.041238 0.067947
8 0.397591 0.303973 0.007041 0.032185
8 0.328694 0.302185 0.008046 0.028609
8 0.245716 0.348675 0.007041 0.028609
9 0.282427 0.321854 0.024139 0.017881
9 0.426256 0.313808 0.022127 0.016093
9 0.587686 0.277152 0.023133 0.042914
9 0.591709 0.323642 0.015087 0.046490
9 0.615848 0.238709 0.017099 0.019669
9 0.617860 0.270000 0.027156 0.032185
9 0.332717 0.352252 0.012070 0.014305
2 0.390213 0.392941 0.019491 0.023563
8 0.310299 0.370072 0.007796 0.013860
8 0.352400 0.348588 0.004678 0.015246
9 0.398399 0.356904 0.010915 0.012474
