2 0.037250 0.459730 0.072859 0.135000
2 0.861375 0.545473 0.276244 0.405000
3 0.688876 0.471588 0.210367 0.246284
2 0.092664 0.456081 0.095435 0.116757
2 0.215293 0.451520 0.022576 0.052905
2 0.292257 0.438750 0.032838 0.052905
2 0.571378 0.472500 0.065676 0.120405
2 0.531357 0.466115 0.049257 0.100338
2 0.485692 0.447872 0.044126 0.082095
2 0.457985 0.445135 0.035916 0.047432
2 0.436948 0.439662 0.020524 0.040135
2 0.405137 0.439662 0.028733 0.036486
2 0.342882 0.447865 0.058152 0.082082
9 0.128289 0.344797 0.024185 0.047432
9 0.234790 0.355743 0.016419 0.021892
9 0.492362 0.351182 0.018471 0.027365
9 0.548194 0.340800 0.019306 0.043087
2 0.180403 0.453345 0.071833 0.056554
8 0.354341 0.368678 0.009236 0.029518
2 0.255943 0.451406 0.055371 0.075000
8 0.405576 0.355312 0.006592 0.023437
