8 0.021275 0.197344 0.023730 0.117187
8 0.456333 0.282890 0.013184 0.063281
8 0.047642 0.207890 0.018457 0.082031
9 0.607945 0.434062 0.036914 0.032812
8 0.414146 0.487968 0.010547 0.028125
2 0.174205 0.570000 0.055371 0.060937
2 0.095103 0.580546 0.089648 0.077344
2 0.450401 0.559453 0.011865 0.049219
2 0.462266 0.561796 0.017139 0.044531
2 0.473472 0.558281 0.018457 0.056250
2 0.487974 0.561796 0.021094 0.053906
2 0.501817 0.561796 0.025049 0.067969
2 0.541367 0.580546 0.061963 0.086719
3 0.944126 0.541875 0.110742 0.126562
2 0.311314 0.694218 0.305859 0.440625
2 0.791196 0.718828 0.416601 0.396093
0 0.619810 0.558281 0.018457 0.051562
0 0.599375 0.564140 0.019775 0.082031
0 0.042369 0.557109 0.013184 0.058594
9 0.954014 0.285234 0.064600 0.035156
