8 0.093126 0.084844 0.022412 0.103125
8 0.189366 0.500859 0.022412 0.039844
8 0.587510 0.268828 0.017139 0.063281
8 0.736484 0.483281 0.025049 0.037500
8 0.077305 0.101250 0.022412 0.098437
8 0.121470 0.101250 0.023730 0.098437
8 0.568394 0.270000 0.015820 0.065625
9 0.715391 0.452812 0.032959 0.023437
9 0.728574 0.416484 0.025049 0.016406
9 0.714072 0.485625 0.017139 0.023437
9 0.214415 0.437578 0.030322 0.021094
9 0.308677 0.505547 0.010547 0.025781
2 0.364707 0.595781 0.046143 0.089062
2 0.445786 0.550078 0.026367 0.025781
2 0.470176 0.589921 0.046143 0.077344
2 0.510386 0.567656 0.018457 0.028125
2 0.561802 0.566484 0.010547 0.025781
2 0.569712 0.575859 0.015820 0.039844
2 0.578281 0.577031 0.019775 0.056250
2 0.605967 0.586406 0.048779 0.075000
2 0.537412 0.580546 0.046143 0.082031
2 0.636289 0.608671 0.072510 0.086719
2 0.415464 0.607500 0.079102 0.103125
2 0.313291 0.612187 0.085693 0.117187
2 0.039641 0.712968 0.079283 0.262500
2 0.961924 0.629765 0.075146 0.124219
