2 0.394310 0.416563 0.041917 0.079122
2 0.440613 0.423197 0.023395 0.034660
2 0.581960 0.427529 0.021446 0.039859
2 0.645238 0.431057 0.027125 0.036037
2 0.501051 0.419731 0.011698 0.034660
2 0.541018 0.425796 0.013647 0.043325
2 0.481555 0.414532 0.009748 0.013864
2 0.375788 0.408466 0.016572 0.046791
2 0.299753 0.425796 0.053614 0.067587
2 0.147196 0.420597 0.076035 0.071053
2 0.609255 0.444859 0.046791 0.060655
2 0.558565 0.424930 0.029244 0.055456
2 0.520547 0.428396 0.031194 0.055456
2 0.954337 0.581765 0.087733 0.327535
9 0.329972 0.180578 0.063363 0.228755
9 0.533707 0.327016 0.010723 0.012131
9 0.557590 0.344345 0.031194 0.029461
9 0.520060 0.344345 0.038018 0.032927
9 0.821763 0.348678 0.021446 0.051990
9 0.424041 0.385937 0.029244 0.015597
9 0.381150 0.377272 0.017547 0.025995
2 0.426478 0.416265 0.008773 0.020796
