8 0.153705 0.707061 0.015597 0.027728
8 0.418365 0.726124 0.012673 0.017330
8 0.398869 0.719192 0.012673 0.020796
8 0.472954 0.754718 0.008773 0.019063
8 0.461257 0.750385 0.008773 0.017330
8 0.376936 0.747786 0.009748 0.022529
8 0.300901 0.764249 0.007798 0.017330
8 0.226328 0.771181 0.004874 0.017330
9 0.056224 0.703595 0.015597 0.013864
9 0.493913 0.758473 0.029244 0.024262
2 0.867264 0.915020 0.261249 0.166367
2 0.332095 0.866496 0.097481 0.145571
2 0.052152 0.792410 0.067262 0.060655
4 0.264173 0.775947 0.066287 0.041592
2 0.008773 0.786345 0.017547 0.038126
