1 0.149337 0.351382 0.033186 0.168316
1 0.127376 0.377410 0.047827 0.227313
1 0.080525 0.392159 0.049779 0.222108
1 0.825747 0.285443 0.046851 0.192609
1 0.786704 0.281105 0.035138 0.180463
3 0.519264 0.261150 0.009761 0.053792
3 0.575387 0.266356 0.032210 0.053792
3 0.621750 0.287178 0.054659 0.085026
3 0.627118 0.305398 0.040018 0.086761
3 0.650544 0.314074 0.038066 0.131877
3 0.539761 0.263753 0.039042 0.048586
4 0.558794 0.229049 0.045875 0.048586
3 0.543665 0.288046 0.040995 0.069409
4 0.490958 0.253342 0.048803 0.111054
4 0.435323 0.257680 0.046851 0.161375
4 0.363582 0.271562 0.139577 0.220373
4 0.771620 0.287986 0.254662 0.371217
