10 0.016477 0.171934 0.030088 0.028019
10 0.012895 0.239434 0.025790 0.035660
9 0.009313 0.203774 0.018626 0.030566
9 0.219932 0.025472 0.018626 0.050943
9 0.199873 0.026745 0.018626 0.053491
10 0.073788 0.253444 0.021492 0.048396
9 0.532996 0.150283 0.014328 0.056038
9 0.396738 0.318397 0.012895 0.025472
10 0.880303 0.326038 0.048715 0.050943
10 0.717682 0.262359 0.024357 0.025472
10 0.726422 0.312029 0.022925 0.068774
3 0.300168 0.375708 0.024357 0.043302
3 0.281542 0.387170 0.018626 0.061132
1 0.212052 0.361698 0.028656 0.127359
3 0.236409 0.369340 0.077370 0.112076
3 0.353898 0.389717 0.123219 0.208868
3 0.463506 0.322279 0.090265 0.038084
3 0.571681 0.416463 0.051580 0.073868
3 0.648908 0.455682 0.170501 0.178826
3 0.459924 0.468680 0.191993 0.270000
