3 0.331822 0.373327 0.056108 0.100882
3 0.355732 0.371060 0.015940 0.062343
3 0.300626 0.383407 0.065672 0.113350
3 0.475964 0.381706 0.015302 0.055542
3 0.484253 0.383973 0.025504 0.060076
3 0.521233 0.381706 0.073961 0.103149
3 0.544187 0.405510 0.045907 0.109950
3 0.566184 0.348268 0.010839 0.015869
3 0.631856 0.398847 0.165137 0.225291
3 0.197867 0.405038 0.189153 0.247103
3 0.810070 0.481683 0.354276 0.302377
4 0.416756 0.324408 0.117955 0.278841
3 0.086800 0.463474 0.173426 0.435915
3 0.970352 0.604413 0.059296 0.355059
9 0.347011 0.264956 0.007651 0.021537
10 0.217101 0.166625 0.012114 0.028338
10 0.263326 0.268640 0.014027 0.019270
10 0.852464 0.155290 0.068860 0.053275
10 0.846406 0.070277 0.068223 0.128086
10 0.608903 0.268451 0.024229 0.032872
10 0.608265 0.214610 0.026779 0.074811
1 0.869451 0.319728 0.036343 0.071411
