9 0.414987 0.144757 0.013765 0.015295
10 0.286226 0.181973 0.010897 0.020393
3 0.417568 0.237034 0.013192 0.020393
3 0.434487 0.240093 0.021795 0.030589
3 0.336984 0.234995 0.024089 0.030589
3 0.320925 0.243661 0.024089 0.029569
3 0.379140 0.234485 0.012044 0.015295
3 0.392045 0.235504 0.012618 0.013255
3 0.362794 0.232445 0.012618 0.015295
3 0.501931 0.248250 0.051046 0.081571
3 0.565308 0.250259 0.080296 0.116178
1 0.955919 0.278746 0.062517 0.175378
1 0.929822 0.300668 0.042442 0.135612
1 0.233229 0.317637 0.069973 0.268165
