10 0.317848 0.356008 0.015922 0.023952
3 0.381692 0.498931 0.062155 0.082137
10 0.624660 0.390847 0.012248 0.010887
10 0.693607 0.393614 0.012965 0.022772
10 0.625885 0.451815 0.019597 0.041371
9 0.541986 0.370161 0.003674 0.030484
9 0.468498 0.393024 0.006124 0.019597
9 0.113519 0.374211 0.015272 0.049774
9 0.146965 0.423994 0.022094 0.031690
9 0.240073 0.414798 0.007349 0.023952
9 0.537888 0.371760 0.007597 0.030389
9 0.544487 0.369972 0.010920 0.030863
9 0.474010 0.393024 0.004899 0.028306
3 0.719652 0.479811 0.027730 0.019584
3 0.614862 0.518226 0.046542 0.056613
3 0.687737 0.536875 0.131053 0.141815
3 0.375849 0.545585 0.043738 0.124395
3 0.274980 0.540839 0.197193 0.250902
3 0.501041 0.610484 0.245392 0.356566
