3 0.555082 0.500230 0.008581 0.016780
3 0.547093 0.501864 0.010297 0.015254
3 0.539371 0.501864 0.008581 0.021356
3 0.533364 0.506441 0.013729 0.024407
3 0.525642 0.511780 0.013729 0.028983
3 0.519549 0.515186 0.010123 0.029695
3 0.509768 0.518644 0.012871 0.030508
3 0.500666 0.521774 0.011829 0.033718
3 0.486757 0.518055 0.022393 0.051334
3 0.454292 0.520735 0.046072 0.077403
3 0.433426 0.532722 0.035947 0.086954
3 0.405593 0.538220 0.042746 0.104237
3 0.328348 0.540756 0.129868 0.144928
3 0.140798 0.586883 0.279412 0.214370
4 0.680777 0.495305 0.087521 0.160169
4 0.858923 0.416393 0.282153 0.636102
3 0.571870 0.495669 0.010135 0.015569
