10 0.019984 0.048524 0.039967 0.076252
10 0.195449 0.416287 0.026320 0.016417
10 0.523472 0.283344 0.083833 0.029461
10 0.670284 0.402839 0.022627 0.019227
10 0.657393 0.432820 0.036298 0.035515
10 0.531758 0.532895 0.008773 0.022529
9 0.184239 0.069320 0.025345 0.103980
9 0.411761 0.258664 0.016381 0.073682
9 0.166205 0.077985 0.014622 0.093582
9 0.209096 0.082317 0.018521 0.105712
9 0.395073 0.258372 0.018097 0.072704
9 0.175959 0.474919 0.016584 0.033616
9 0.189600 0.475706 0.006824 0.029461
9 0.678954 0.496502 0.020471 0.032927
1 0.935469 0.717814 0.129063 0.515720
4 0.411856 0.564955 0.203735 0.284211
3 0.266043 0.581239 0.120489 0.139935
3 0.335171 0.589958 0.019170 0.040110
3 0.352891 0.573421 0.018029 0.017980
3 0.539556 0.567555 0.034118 0.029461
