10 0.366685 0.463359 0.010547 0.016406
3 0.349546 0.523125 0.023730 0.070312
3 0.378550 0.525468 0.065918 0.093750
3 0.553892 0.512578 0.015820 0.025781
3 0.538072 0.518437 0.018457 0.056250
3 0.507749 0.521953 0.063281 0.091406
3 0.779827 0.505490 0.043180 0.051854
3 0.793963 0.507890 0.045083 0.049219
3 0.809450 0.506718 0.052328 0.051562
3 0.823395 0.504450 0.048577 0.061087
4 0.528184 0.484453 0.035596 0.044531
5 0.783945 0.480937 0.061963 0.042187
3 0.441172 0.545390 0.101514 0.119531
3 0.652769 0.538359 0.218848 0.335156
3 0.852500 0.511406 0.064600 0.112500
3 0.994224 0.545390 0.010547 0.175781
3 0.164885 0.601640 0.329771 0.405468
