3 0.299004 0.214955 0.011602 0.020625
3 0.286875 0.222455 0.012656 0.020625
3 0.276328 0.230893 0.012656 0.022500
3 0.265781 0.234643 0.018984 0.022500
3 0.244160 0.247768 0.022148 0.037500
3 0.226230 0.250580 0.013711 0.031875
3 0.190371 0.241205 0.022148 0.020625
3 0.176660 0.256205 0.034805 0.046875
3 0.208301 0.250580 0.036914 0.024375
3 0.317461 0.218705 0.008437 0.020625
3 0.334336 0.230893 0.012656 0.015000
3 0.332226 0.240268 0.014766 0.018750
3 0.360703 0.231830 0.014766 0.020625
3 0.360703 0.254330 0.016875 0.024375
3 0.268945 0.270268 0.027422 0.041250
3 0.257871 0.280580 0.032695 0.043125
3 0.215156 0.321830 0.088594 0.151875
3 0.095977 0.349018 0.191953 0.221250
3 0.324316 0.258080 0.022148 0.031875
3 0.200918 0.225000 0.026367 0.018750
3 0.149766 0.225937 0.023203 0.031875
3 0.176660 0.225000 0.017930 0.022500
3 0.063809 0.219375 0.060117 0.048750
3 0.050625 0.222187 0.052734 0.043125
3 0.030059 0.229687 0.060117 0.054375
3 0.426094 0.351161 0.037969 0.056250
3 0.367558 0.306161 0.076992 0.048750
3 0.340137 0.445848 0.203555 0.294375
3 0.755457 0.324643 0.046406 0.045000
3 0.675301 0.399643 0.196172 0.138750
3 0.880965 0.363080 0.067500 0.031875
3 0.977996 0.405268 0.040078 0.063750
3 0.959012 0.433393 0.078047 0.127500
3 0.811883 0.458036 0.309023 0.221250
1 0.122871 0.235848 0.009492 0.035625
1 0.291094 0.245625 0.008437 0.026250
3 0.310605 0.230223 0.011602 0.016875
1 0.419238 0.304419 0.009492 0.054375
1 0.455625 0.307232 0.010547 0.045000
1 0.477246 0.301607 0.009492 0.030000
1 0.452461 0.385312 0.021094 0.065625
1 0.470918 0.370312 0.015820 0.099375
1 0.486211 0.367500 0.018984 0.105000
1 0.500449 0.381562 0.030586 0.118125
1 0.553861 0.432723 0.031641 0.076875
1 0.579701 0.435536 0.024258 0.116250
1 0.594467 0.433661 0.026367 0.101250
1 0.606068 0.446786 0.041133 0.123750
9 0.022676 0.065893 0.017930 0.018750
9 0.004746 0.064687 0.009492 0.016875
9 0.311660 0.174375 0.022148 0.018750
9 0.373887 0.200625 0.009492 0.041250
9 0.494648 0.257812 0.014766 0.028125
9 0.502031 0.130312 0.014766 0.024375
9 0.485156 0.132187 0.012656 0.024375
10 0.107578 0.007232 0.033750 0.011250
10 0.445078 0.228750 0.037969 0.063750
10 0.441387 0.285000 0.015820 0.060000
10 0.508887 0.046339 0.047461 0.090000
