3 0.872033 0.806673 0.254944 0.379774
3 0.009884 0.687243 0.018711 0.112269
3 0.055883 0.660215 0.109150 0.163552
3 0.110582 0.623869 0.103161 0.132441
3 0.171660 0.613090 0.045999 0.108111
3 0.199727 0.602002 0.025728 0.080390
3 0.222727 0.588834 0.023389 0.070688
3 0.238710 0.586755 0.014813 0.049897
3 0.249235 0.582597 0.012474 0.041581
3 0.292895 0.558342 0.006237 0.012474
3 0.300691 0.557649 0.009356 0.013860
3 0.310827 0.552798 0.009356 0.012474
3 0.310827 0.564579 0.010915 0.019405
3 0.320183 0.567351 0.010915 0.016632
3 0.337335 0.572202 0.023389 0.026335
3 0.358385 0.586062 0.021830 0.054055
3 0.372029 0.583290 0.017932 0.067916
3 0.398927 0.588834 0.046779 0.092864
1 0.409062 0.603388 0.023389 0.094250
3 0.440638 0.617941 0.052236 0.123357
3 0.508077 0.643583 0.112269 0.180185
3 0.691943 0.667146 0.340705 0.388090
3 0.273794 0.561114 0.013254 0.015246
9 0.288607 0.535010 0.003898 0.011088
1 0.094257 0.645045 0.044595 0.187387
