9 0.205799 0.157502 0.013765 0.053021
9 0.112311 0.277310 0.010324 0.033648
9 0.624227 0.335939 0.009177 0.026511
9 0.099693 0.321664 0.012618 0.022432
10 0.115752 0.322174 0.019501 0.023452
10 0.613486 0.306095 0.022368 0.014275
10 0.457116 0.374498 0.008030 0.014275
10 0.448226 0.380106 0.007456 0.013255
9 0.220274 0.156601 0.014339 0.051007
9 0.470308 0.210013 0.009177 0.039766
10 0.318974 0.341287 0.009177 0.006118
10 0.321555 0.347915 0.012044 0.007137
1 0.054200 0.397149 0.021795 0.094826
10 0.119871 0.215653 0.016633 0.019373
9 0.379687 0.333421 0.005735 0.018353
3 0.398997 0.387462 0.012618 0.016314
3 0.388933 0.390011 0.013137 0.019373
3 0.373761 0.388482 0.006883 0.010196
3 0.467612 0.399596 0.016633 0.023452
3 0.429471 0.392458 0.006883 0.013255
3 0.437214 0.392968 0.008603 0.018353
10 0.881623 0.059159 0.033266 0.036707
10 0.883344 0.092807 0.040148 0.030589
10 0.866137 0.207516 0.035560 0.033648
10 0.863057 0.247302 0.046457 0.025491
9 0.875675 0.285538 0.028104 0.040785
9 0.845277 0.286048 0.025810 0.039766
3 0.866087 0.459386 0.218847 0.235536
3 0.668862 0.459177 0.272434 0.340559
3 0.347128 0.392793 0.023311 0.032432
3 0.485216 0.400919 0.026866 0.034197
3 0.447694 0.395037 0.017206 0.024471
3 0.376437 0.395279 0.011471 0.018353
3 0.258710 0.390918 0.041869 0.026709
9 0.303887 0.342356 0.006829 0.024281
9 0.315667 0.372707 0.008536 0.019424
1 0.145456 0.397595 0.012292 0.060701
3 0.982852 0.463586 0.027316 0.075270
