9 0.659417 0.363270 0.007198 0.017062
9 0.700205 0.365403 0.009597 0.021327
3 0.665729 0.422194 0.024622 0.070928
3 0.586238 0.421919 0.031191 0.061848
3 0.630025 0.427251 0.061182 0.102370
3 0.538253 0.436848 0.079176 0.117299
3 0.708602 0.415521 0.035989 0.044787
4 0.720599 0.390995 0.045586 0.068246
3 0.791404 0.425118 0.040841 0.051185
3 0.986862 0.542417 0.026277 0.145024
10 0.391296 0.306753 0.027592 0.053318
8 0.445880 0.465639 0.028791 0.076777
2 0.442881 0.437914 0.015595 0.093839
1 0.423087 0.416587 0.009597 0.055450
1 0.361305 0.443246 0.022793 0.121564
1 0.334913 0.447512 0.015595 0.117299
1 0.321117 0.414455 0.009597 0.055450
1 0.301923 0.447512 0.021594 0.134360
1 0.274331 0.453910 0.023993 0.142891
1 0.254537 0.463507 0.022793 0.140758
1 0.243140 0.411256 0.016795 0.066114
1 0.226945 0.457109 0.029991 0.140758
1 0.189756 0.460308 0.037189 0.159953
1 0.204752 0.447512 0.016795 0.134360
8 0.098583 0.518957 0.101970 0.174881
2 0.096184 0.454976 0.082775 0.277251
1 0.058395 0.395260 0.026392 0.081043
1 0.032603 0.417117 0.027592 0.077477
1 0.013002 0.375000 0.026005 0.083175
3 0.053790 0.590402 0.107581 0.360426
1 0.158973 0.433745 0.025742 0.114407
9 0.922639 0.219423 0.018877 0.061017
1 0.014696 0.406306 0.025338 0.066667
