3 0.486527 0.525562 0.012445 0.031125
3 0.479777 0.525937 0.011602 0.016875
3 0.405633 0.532312 0.027422 0.069375
3 0.428308 0.522000 0.028477 0.052500
3 0.449402 0.522937 0.017930 0.039375
3 0.380320 0.536062 0.059062 0.091875
3 0.377683 0.547312 0.036914 0.069375
3 0.346781 0.550125 0.052734 0.108750
3 0.495914 0.528937 0.018984 0.031875
3 0.510152 0.534562 0.020039 0.035625
3 0.527027 0.542062 0.034805 0.058125
3 0.660551 0.562687 0.127617 0.166875
3 0.277910 0.570887 0.136055 0.155524
3 0.469019 0.523312 0.011602 0.016875
3 0.564785 0.547687 0.062227 0.076875
3 0.747438 0.617875 0.199719 0.216501
3 0.087162 0.602518 0.174324 0.467036
10 0.203555 0.331875 0.027422 0.037500
9 0.479004 0.507187 0.007383 0.016875
