10 0.660275 0.024623 0.030088 0.040755
10 0.683199 0.122689 0.030088 0.022925
10 0.925340 0.029717 0.018626 0.030566
10 0.905997 0.102311 0.005731 0.022925
10 0.684871 0.151981 0.011462 0.045849
4 0.121787 0.410095 0.243573 0.300566
3 0.370948 0.284010 0.018626 0.028019
3 0.327248 0.285283 0.028656 0.040755
3 0.447876 0.278152 0.012010 0.039735
3 0.248731 0.326038 0.045849 0.076415
3 0.861390 0.227972 0.088833 0.089151
3 0.919418 0.244529 0.024357 0.050943
3 0.297876 0.308208 0.041551 0.056038
3 0.343725 0.304387 0.055879 0.068774
3 0.465851 0.281463 0.040118 0.058585
3 0.769835 0.271274 0.204888 0.129906
