1 0.252648 0.447112 0.071161 0.207959
1 0.843227 0.461842 0.035078 0.119576
3 0.468080 0.516432 0.396747 0.440180
3 0.657681 0.421983 0.029244 0.046791
10 0.731279 0.411586 0.010723 0.025995
10 0.679126 0.405520 0.009748 0.027728
10 0.331607 0.162901 0.080909 0.041592
10 0.388146 0.103980 0.014622 0.090116
10 0.280917 0.199294 0.036068 0.024262
10 0.287254 0.226155 0.017547 0.032927
10 0.957271 0.165501 0.029244 0.019063
10 0.978230 0.209692 0.039967 0.031194
10 0.990415 0.145860 0.017547 0.025995
9 0.964258 0.090116 0.016572 0.069320
9 0.444685 0.083184 0.020471 0.083184
9 0.466618 0.088383 0.023395 0.079718
9 0.302850 0.320603 0.029244 0.041592
9 0.943624 0.343132 0.029244 0.048524
