9 0.276059 0.176208 0.020487 0.077698
9 0.244646 0.164067 0.025950 0.101979
9 0.515071 0.389877 0.015024 0.063130
9 0.526922 0.401690 0.011410 0.047907
10 0.628355 0.506215 0.023066 0.014293
10 0.615456 0.537642 0.024584 0.014568
9 0.630992 0.561691 0.013658 0.024281
3 0.350323 0.611871 0.034145 0.038849
3 0.372176 0.605801 0.025950 0.036421
3 0.389248 0.600945 0.021853 0.036421
3 0.410418 0.607015 0.020487 0.024281
3 0.485536 0.803688 0.285449 0.388490
3 0.929243 0.821665 0.139238 0.353653
9 0.193854 0.517951 0.014041 0.029122
10 0.083818 0.445755 0.053013 0.084057
