3 0.583724 0.478146 0.019673 0.030311
3 0.648645 0.491161 0.041969 0.055576
3 0.465031 0.478146 0.028854 0.048964
1 0.350272 0.490970 0.014427 0.046632
1 0.239647 0.504959 0.033702 0.097927
3 0.355960 0.481849 0.055511 0.064208
3 0.432242 0.495300 0.057707 0.074611
3 0.506999 0.487804 0.065576 0.124904
3 0.735205 0.533771 0.149514 0.165544
3 0.554214 0.475753 0.044592 0.099716
4 0.241415 0.465174 0.124595 0.153516
3 0.126281 0.496133 0.160756 0.164212
3 0.038784 0.527918 0.076069 0.129855
10 0.588314 0.406366 0.020984 0.018653
10 0.416504 0.402868 0.020984 0.016321
10 0.604053 0.411029 0.013115 0.018653
9 0.437488 0.402036 0.010492 0.023316
9 0.567986 0.405533 0.006558 0.025648
