9 0.569331 0.218701 0.007910 0.045312
9 0.396626 0.205420 0.008789 0.043750
9 0.271822 0.264014 0.008789 0.035937
9 0.379048 0.296045 0.008789 0.021875
9 0.445406 0.277295 0.007910 0.021875
9 0.518355 0.276514 0.006152 0.023437
9 0.440572 0.308545 0.005273 0.015625
9 0.397505 0.303857 0.007031 0.021875
10 0.626900 0.228076 0.019336 0.026562
10 0.756978 0.250732 0.010547 0.021875
10 0.747749 0.256982 0.011426 0.015625
10 0.727535 0.278857 0.014941 0.034375
10 0.657222 0.313232 0.007910 0.015625
10 0.266548 0.210889 0.019336 0.014062
3 0.456831 0.339795 0.014941 0.034375
3 0.402779 0.349170 0.042187 0.068750
3 0.555184 0.348389 0.048171 0.085937
3 0.353999 0.369482 0.116895 0.168750
3 0.492156 0.363232 0.080317 0.156250
3 0.619429 0.355420 0.032520 0.056250
3 0.635575 0.341399 0.019496 0.017330
9 0.681391 0.300674 0.009748 0.015597
