10 0.449082 0.366093 0.009229 0.023437
3 0.387119 0.388359 0.011865 0.025781
3 0.375913 0.394218 0.015820 0.028125
3 0.306700 0.420000 0.027686 0.060937
3 0.279673 0.434062 0.036914 0.070312
3 0.231553 0.443437 0.064600 0.117187
3 0.439195 0.396562 0.013184 0.023437
3 0.451060 0.404765 0.021094 0.039844
3 0.474790 0.412968 0.036914 0.046875
3 0.495225 0.432890 0.027686 0.082031
3 0.549278 0.439922 0.114697 0.189844
3 0.350205 0.406432 0.035596 0.052553
3 0.144542 0.476250 0.162158 0.164062
3 0.613877 0.486797 0.180615 0.227344
