3 0.310492 0.491704 0.020201 0.034281
3 0.283951 0.515840 0.032138 0.055502
3 0.249058 0.514208 0.046830 0.068561
3 0.217838 0.528900 0.048666 0.075091
3 0.176518 0.529716 0.056012 0.086518
3 0.103060 0.529218 0.114779 0.144289
3 0.032815 0.552811 0.064276 0.151618
3 0.392674 0.493337 0.026629 0.037545
3 0.415171 0.491704 0.011019 0.017956
3 0.425905 0.494619 0.011937 0.019589
3 0.443275 0.498700 0.019283 0.031016
3 0.459344 0.494619 0.020201 0.052237
3 0.472658 0.500333 0.030302 0.060399
3 0.476790 0.505230 0.020201 0.057134
3 0.505255 0.514208 0.047748 0.078356
3 0.647842 0.516688 0.200661 0.246493
3 0.882418 0.601814 0.233230 0.365659
3 0.542724 0.523305 0.041320 0.114268
