9 0.434277 0.437580 0.008773 0.029461
9 0.508850 0.449711 0.005849 0.022529
9 0.500076 0.448845 0.005849 0.020796
9 0.501051 0.527696 0.007798 0.015597
9 0.456697 0.525096 0.006824 0.013864
10 0.470345 0.558023 0.008773 0.013864
10 0.443538 0.526829 0.009748 0.010398
10 0.389923 0.438447 0.023395 0.017330
10 0.372864 0.495636 0.012673 0.006932
10 0.364578 0.510366 0.007798 0.008665
10 0.595608 0.492170 0.013647 0.013864
10 0.604381 0.470507 0.011698 0.008665
9 0.577086 0.525096 0.011698 0.017330
9 0.366040 0.528562 0.012673 0.017330
3 0.454748 0.577086 0.024370 0.024262
3 0.432327 0.576220 0.018521 0.022529
3 0.404545 0.574487 0.029244 0.032927
3 0.348981 0.584885 0.046791 0.067587
3 0.294392 0.593969 0.072136 0.080612
3 0.145246 0.613479 0.120876 0.152503
3 0.046303 0.621236 0.092607 0.195911
3 0.496177 0.575353 0.009748 0.013864
3 0.518110 0.572754 0.010723 0.029461
3 0.536632 0.570154 0.022421 0.041592
3 0.556128 0.571021 0.022421 0.050257
3 0.573187 0.578819 0.031194 0.069320
3 0.588297 0.583152 0.036068 0.095315
3 0.616079 0.588351 0.066287 0.123042
3 0.704299 0.597991 0.154994 0.183915
10 0.568581 0.501937 0.011005 0.028459
10 0.972280 0.280494 0.042021 0.097826
