10 0.575056 0.363629 0.013473 0.026129
9 0.543823 0.378871 0.007349 0.021774
9 0.492382 0.383226 0.007349 0.017419
3 0.492382 0.415887 0.022046 0.030484
3 0.468498 0.412621 0.030620 0.041371
3 0.528513 0.437661 0.074713 0.117581
3 0.418281 0.410444 0.025721 0.050081
3 0.385824 0.421331 0.044093 0.050081
3 0.299620 0.453992 0.103819 0.124113
5 0.086355 0.503959 0.172709 0.176144
3 0.674877 0.426566 0.063690 0.073615
1 0.638625 0.429375 0.011263 0.048750
3 0.832263 0.456728 0.143301 0.122996
3 0.918662 0.457265 0.043993 0.067969
3 0.970690 0.492097 0.057614 0.117581
