9 0.533189 0.547481 0.008608 0.027204
9 0.463850 0.560233 0.007651 0.013602
9 0.436115 0.595939 0.009564 0.013602
9 0.578139 0.541531 0.006695 0.027204
9 0.571444 0.544081 0.008608 0.025504
9 0.713787 0.548048 0.007651 0.020403
9 0.433246 0.613621 0.013389 0.022103
9 0.856258 0.595769 0.012433 0.020403
9 0.797918 0.599169 0.006695 0.013602
10 0.531754 0.563917 0.026779 0.017003
10 0.945075 0.621726 0.012433 0.034005
10 0.794571 0.589988 0.007651 0.017003
10 0.845259 0.577236 0.009564 0.022103
9 0.511351 0.591688 0.009564 0.034005
9 0.506820 0.544931 0.008608 0.030362
10 0.753637 0.546631 0.014346 0.013602
1 0.966434 0.622293 0.011477 0.045907
1 0.435637 0.659698 0.007651 0.035705
1 0.429420 0.658848 0.009564 0.057809
1 0.476762 0.659698 0.010520 0.062909
1 0.445201 0.659698 0.008608 0.049307
9 0.583877 0.604440 0.010520 0.020403
9 0.575270 0.606140 0.006695 0.017003
3 0.625480 0.589138 0.007651 0.017003
3 0.634088 0.589988 0.009564 0.015302
3 0.647478 0.593388 0.011477 0.018703
3 0.655607 0.589138 0.012433 0.020403
3 0.656085 0.601039 0.011477 0.017003
3 0.633610 0.602740 0.008608 0.018703
3 0.644130 0.605290 0.008608 0.017003
3 0.659911 0.607840 0.011477 0.015302
3 0.667084 0.591688 0.010520 0.013602
3 0.677923 0.595939 0.010520 0.015302
3 0.685096 0.597639 0.009564 0.018703
3 0.694181 0.609541 0.012433 0.018703
3 0.698007 0.615492 0.012433 0.017003
3 0.665968 0.629094 0.011477 0.023804
3 0.669315 0.636745 0.008608 0.025504
3 0.700876 0.636745 0.014346 0.025504
3 0.754912 0.635895 0.019128 0.030605
3 0.682067 0.643262 0.025823 0.040806
3 0.725902 0.663665 0.065035 0.081612
3 0.873345 0.653464 0.067904 0.078212
3 0.782488 0.650913 0.058340 0.073111
3 0.830308 0.655164 0.035387 0.057809
1 0.923397 0.645246 0.016259 0.073111
3 0.616873 0.617192 0.011477 0.023804
3 0.613047 0.624843 0.011477 0.018703
3 0.625481 0.635409 0.017215 0.030605
3 0.596311 0.656662 0.046863 0.069710
3 0.533189 0.648997 0.039212 0.081640
3 0.310281 0.711556 0.174063 0.195529
1 0.107594 0.642696 0.014346 0.025504
1 0.148719 0.645246 0.012433 0.020403
3 0.144937 0.776623 0.289874 0.255953
3 0.005381 0.858898 0.010763 0.161575
