9 0.350443 0.439313 0.016572 0.025995
9 0.468395 0.367394 0.010723 0.020796
9 0.862319 0.181615 0.018319 0.118542
9 0.768149 0.463575 0.009748 0.015597
9 0.467420 0.447112 0.008773 0.013864
9 0.391873 0.492170 0.007798 0.013864
10 0.575624 0.446245 0.016572 0.039859
10 0.629726 0.439313 0.007798 0.029461
10 0.375788 0.480905 0.006824 0.015597
10 0.419655 0.458376 0.006824 0.019063
10 0.444025 0.474840 0.020471 0.027728
10 0.641424 0.468774 0.013647 0.015597
10 0.703324 0.473107 0.012673 0.010398
9 0.680903 0.468774 0.008773 0.019063
3 0.258503 0.515565 0.050332 0.053723
3 0.290005 0.517298 0.026320 0.043325
3 0.319737 0.515565 0.035093 0.050257
5 0.377251 0.486971 0.079934 0.100514
3 0.668718 0.560623 0.107229 0.116110
5 0.805191 0.507767 0.179365 0.093582
3 0.942152 0.533761 0.049715 0.048524
3 0.923143 0.500835 0.050690 0.045058
3 0.433789 0.512099 0.017547 0.025995
3 0.450849 0.510366 0.010723 0.025995
3 0.461572 0.520764 0.018521 0.043325
5 0.524934 0.462709 0.053614 0.038126
3 0.530133 0.606547 0.175790 0.256483
10 0.352393 0.370860 0.012673 0.024262
9 0.025345 0.393389 0.007798 0.041592
10 0.023883 0.357863 0.006824 0.015597
9 0.267585 0.258216 0.014622 0.062388
