9 0.206659 0.272946 0.013647 0.060655
9 0.136473 0.289410 0.011698 0.027728
9 0.371889 0.278145 0.010723 0.025995
9 0.402596 0.392523 0.005849 0.019063
9 0.127700 0.378659 0.013647 0.025995
10 0.139283 0.230893 0.026771 0.047594
10 0.540836 0.299107 0.015955 0.046229
10 0.521053 0.301778 0.024407 0.052464
10 0.451667 0.415252 0.003237 0.005599
9 0.323149 0.386457 0.010723 0.017330
9 0.387974 0.412452 0.005849 0.013864
9 0.417705 0.402054 0.006824 0.017330
3 0.415268 0.421117 0.021446 0.024262
3 0.348932 0.429307 0.014833 0.017365
9 0.491791 0.372593 0.010723 0.017330
10 0.473757 0.328402 0.017547 0.015597
10 0.457185 0.301541 0.009748 0.017330
10 0.126725 0.330135 0.023395 0.012131
