3 0.469256 0.544928 0.022735 0.029072
3 0.438239 0.540902 0.022546 0.038542
3 0.529584 0.572547 0.092159 0.143424
3 0.413933 0.544799 0.012926 0.016051
3 0.370914 0.545026 0.041917 0.043325
3 0.349956 0.551091 0.015597 0.024262
3 0.326744 0.550667 0.028877 0.032042
3 0.189113 0.533761 0.109178 0.107445
1 0.057026 0.545026 0.014622 0.050257
1 0.026807 0.535494 0.030219 0.083184
3 0.398209 0.545026 0.012673 0.019063
9 0.297804 0.429782 0.008773 0.031194
9 0.424529 0.501701 0.006824 0.019063
9 0.479118 0.442779 0.010723 0.022529
9 0.490816 0.502568 0.008773 0.013864
9 0.452311 0.509500 0.005849 0.013864
9 0.467420 0.523364 0.004874 0.013864
9 0.269534 0.508633 0.010723 0.012131
10 0.196424 0.455777 0.016572 0.013864
10 0.621927 0.308473 0.019496 0.020796
10 0.611205 0.255616 0.011698 0.022529
10 0.614129 0.509500 0.015597 0.055456
