10 0.098252 0.249643 0.035947 0.023964
10 0.131391 0.251973 0.029581 0.017973
10 0.389009 0.327861 0.010110 0.023299
10 0.457158 0.326862 0.010859 0.025296
10 0.524184 0.318541 0.014603 0.028624
10 0.594299 0.308556 0.013854 0.029956
10 0.669937 0.288253 0.019846 0.043935
10 0.752589 0.242654 0.023789 0.057914
10 0.862870 0.174088 0.067400 0.125814
5 0.031181 0.276616 0.049427 0.021967
3 0.171786 0.298916 0.026586 0.015976
3 0.445318 0.402763 0.026211 0.035947
3 0.617188 0.410085 0.054669 0.086538
3 0.516462 0.409087 0.047180 0.072559
3 0.577310 0.428391 0.070021 0.097855
3 0.295165 0.336860 0.031453 0.035947
10 0.508850 0.352193 0.008612 0.011317
