3 0.608436 0.376711 0.011701 0.027042
3 0.614872 0.376711 0.012871 0.027042
3 0.624817 0.389191 0.025742 0.043683
3 0.640028 0.400632 0.023401 0.054083
3 0.539987 0.375671 0.010531 0.024961
3 0.548178 0.373590 0.008190 0.016641
3 0.194817 0.424345 0.176681 0.141448
3 0.360967 0.402504 0.083075 0.085285
3 0.454572 0.411865 0.087755 0.128968
3 0.525362 0.376503 0.018721 0.024961
3 0.676301 0.426426 0.084245 0.108166
3 0.574504 0.373382 0.011701 0.014561
3 0.558709 0.374422 0.010531 0.016641
10 0.057365 0.219655 0.021125 0.050559
10 0.602001 0.313059 0.031592 0.022881
9 0.589130 0.316179 0.005850 0.016641
