10 0.694468 0.441869 0.021010 0.046245
10 0.773507 0.414300 0.017008 0.055138
9 0.557025 0.421542 0.011005 0.030237
3 0.602298 0.505731 0.016008 0.024901
3 0.560277 0.498617 0.018009 0.028459
3 0.542768 0.506621 0.025012 0.040909
3 0.526760 0.508399 0.025012 0.033794
3 0.481738 0.507510 0.041020 0.056917
3 0.456225 0.521739 0.048024 0.056917
3 0.627310 0.508399 0.034017 0.048024
3 0.706683 0.537451 0.076038 0.151186
3 0.774549 0.557016 0.149074 0.229447
3 0.888025 0.621344 0.223950 0.469565
3 0.288543 0.552806 0.096047 0.120949
3 0.156978 0.581265 0.203100 0.184980
3 0.031716 0.586601 0.063431 0.273913
