10 0.024370 0.535494 0.044841 0.079718
10 0.102209 0.471687 0.031307 0.048524
10 0.142322 0.478306 0.007798 0.031194
10 0.184171 0.507409 0.007933 0.024978
10 0.356780 0.480039 0.013647 0.027728
10 0.202273 0.544159 0.018521 0.027728
9 0.386024 0.157702 0.027295 0.086650
9 0.583774 0.283376 0.024122 0.066848
9 0.581449 0.428563 0.024831 0.040361
9 0.411712 0.155932 0.018809 0.086576
1 0.385049 0.556290 0.015597 0.051990
1 0.400050 0.556715 0.018739 0.090966
1 0.420624 0.553957 0.022410 0.088915
1 0.492072 0.575712 0.035506 0.140002
1 0.531758 0.550225 0.032169 0.112644
1 0.952387 0.551627 0.035093 0.120237
1 0.157431 0.586618 0.038018 0.126508
8 0.129649 0.586618 0.033143 0.060655
8 0.127212 0.597016 0.030219 0.043325
8 0.126238 0.599615 0.020471 0.034660
8 0.098456 0.592683 0.046791 0.069320
8 0.091145 0.608280 0.065312 0.058922
8 0.088220 0.606547 0.053614 0.038126
1 0.992517 0.527696 0.014622 0.105712
3 0.276531 0.540693 0.015597 0.020796
4 0.253623 0.525963 0.032169 0.036393
3 0.288709 0.547796 0.018535 0.022765
3 0.265808 0.559401 0.029244 0.041146
3 0.230227 0.538383 0.041917 0.020796
3 0.233968 0.564987 0.053931 0.071634
3 0.321164 0.535283 0.051105 0.047792
3 0.328011 0.575102 0.060069 0.090769
1 0.749303 0.509719 0.010926 0.041277
1 0.556262 0.562223 0.021994 0.080091
