3 0.047847 0.496969 0.095693 0.278374
3 0.907597 0.590755 0.182531 0.324499
3 0.216059 0.504387 0.149822 0.144754
3 0.310861 0.501310 0.079565 0.112327
3 0.360004 0.481549 0.060844 0.085285
3 0.396276 0.487789 0.025742 0.056163
3 0.427868 0.480509 0.039782 0.054083
3 0.461215 0.486749 0.029252 0.041602
3 0.808961 0.528101 0.132688 0.108668
3 0.724365 0.519072 0.094544 0.093445
3 0.675923 0.500270 0.049143 0.060324
3 0.647256 0.500270 0.031592 0.052003
3 0.634970 0.503390 0.030422 0.058243
3 0.622685 0.502350 0.019891 0.031202
3 0.614494 0.497150 0.017551 0.029122
3 0.484616 0.483629 0.017551 0.022881
3 0.500997 0.491950 0.015211 0.031202
3 0.552480 0.492990 0.022231 0.029122
10 0.371119 0.388983 0.024571 0.037442
10 0.741234 0.409785 0.028507 0.045763
10 0.738521 0.445147 0.012871 0.016641
10 0.616249 0.465948 0.011701 0.016641
9 0.536099 0.460748 0.005850 0.022881
