10 0.474086 0.043683 0.083075 0.087365
10 0.402711 0.041602 0.057333 0.074884
10 0.341868 0.056163 0.062014 0.104006
3 0.195024 0.019761 0.086585 0.035362
9 0.527324 0.200732 0.007020 0.031202
9 0.327242 0.223613 0.009361 0.035362
9 0.439569 0.234014 0.007020 0.031202
9 0.378725 0.243375 0.009361 0.029122
9 0.374045 0.255855 0.009361 0.029122
3 0.296820 0.323459 0.018721 0.031202
3 0.657787 0.333860 0.033932 0.039522
3 0.629120 0.335940 0.028082 0.035362
3 0.601038 0.324499 0.025742 0.016641
3 0.575297 0.331780 0.023401 0.022881
3 0.546630 0.330740 0.026912 0.037442
3 0.518548 0.330740 0.029252 0.029122
3 0.491052 0.328660 0.023401 0.041602
3 0.320221 0.323459 0.023401 0.027042
3 0.348888 0.327620 0.026912 0.031202
3 0.379310 0.332820 0.024571 0.033282
3 0.406807 0.329700 0.023401 0.039522
3 0.465310 0.330740 0.028082 0.037442
3 0.436058 0.329700 0.025742 0.039522
9 0.586412 0.280817 0.008190 0.029122
3 0.660712 0.360902 0.025742 0.018721
3 0.639651 0.368182 0.025742 0.029122
3 0.657881 0.388861 0.057144 0.045518
3 0.599868 0.395224 0.049143 0.083205
3 0.481691 0.377543 0.030422 0.043683
3 0.439569 0.375463 0.023401 0.039522
3 0.449514 0.383783 0.029252 0.039522
3 0.409732 0.382743 0.040952 0.074884
3 0.378140 0.385863 0.031592 0.081125
3 0.343623 0.399384 0.079565 0.133128
3 0.065731 0.398344 0.111157 0.164330
3 0.709855 0.341140 0.014041 0.041602
3 0.708100 0.388983 0.012871 0.049923
3 0.207358 0.409746 0.239767 0.270339
3 0.534327 0.414211 0.105340 0.150301
1 0.032969 0.356741 0.010531 0.039522
3 0.012286 0.396264 0.024571 0.076965
