10 0.480278 0.252041 0.031856 0.018367
10 0.508259 0.288776 0.022385 0.064286
10 0.458323 0.289541 0.077487 0.056633
10 0.345966 0.292857 0.021524 0.038776
10 0.260730 0.288010 0.057685 0.041327
10 0.551738 0.387500 0.019802 0.013776
10 0.554239 0.410204 0.020663 0.030612
3 0.431346 0.423980 0.016358 0.013776
3 0.419723 0.427806 0.008610 0.012245
3 0.400351 0.428572 0.014636 0.013776
3 0.383562 0.429337 0.012054 0.009184
3 0.483004 0.437755 0.009471 0.019898
3 0.456744 0.430102 0.010332 0.010714
3 0.437373 0.442347 0.014636 0.016837
3 0.444260 0.449235 0.011193 0.018367
3 0.470089 0.440051 0.009471 0.015306
3 0.457605 0.446939 0.013776 0.022959
3 0.421445 0.449235 0.015497 0.027551
3 0.377535 0.446174 0.022385 0.021429
3 0.369787 0.458419 0.029273 0.039796
4 0.492536 0.428900 0.018080 0.029082
4 0.506250 0.422449 0.018080 0.027551
3 0.189618 0.441582 0.021524 0.019898
3 0.116435 0.440817 0.031856 0.024490
3 0.054015 0.440003 0.048214 0.021429
3 0.200449 0.473677 0.022385 0.052041
3 0.034361 0.502619 0.068721 0.214286
4 0.272927 0.410970 0.147226 0.215816
3 0.153970 0.463521 0.066295 0.062755
3 0.501802 0.453572 0.014636 0.021429
3 0.464780 0.471174 0.033578 0.050510
3 0.401929 0.455868 0.030134 0.035204
3 0.321859 0.509020 0.124841 0.151348
