10 0.334728 0.304331 0.040232 0.107285
10 0.306063 0.401781 0.031180 0.023245
4 0.308578 0.644066 0.052301 0.100132
9 0.255774 0.597576 0.007041 0.021457
9 0.260803 0.595788 0.005029 0.025033
3 0.064270 0.632444 0.128541 0.112649
3 0.181848 0.641384 0.128742 0.130530
3 0.382001 0.688768 0.024139 0.025033
3 0.413180 0.697709 0.012070 0.017881
3 0.426256 0.688768 0.012070 0.017881
3 0.436314 0.686980 0.014081 0.021457
3 0.446372 0.688768 0.018104 0.025033
3 0.456430 0.692344 0.018104 0.025033
3 0.467996 0.690556 0.019110 0.028609
3 0.486101 0.696815 0.027156 0.037550
3 0.603779 0.702563 0.071411 0.072542
10 0.897471 0.477775 0.021122 0.017881
10 0.925130 0.483139 0.024139 0.035762
10 0.910043 0.439331 0.024139 0.044702
