1 0.445000 0.489570 0.012673 0.057189
10 0.353368 0.445379 0.010723 0.024262
9 0.333872 0.356996 0.006824 0.034660
9 0.326219 0.356674 0.008482 0.027083
9 0.161331 0.356996 0.008773 0.041592
9 0.171566 0.359596 0.007798 0.036393
3 0.252164 0.484371 0.020748 0.036393
3 0.371402 0.504301 0.019496 0.051990
3 0.202833 0.490155 0.037969 0.031757
3 0.179365 0.496502 0.019496 0.029461
3 0.163280 0.499102 0.022421 0.034660
3 0.147683 0.503434 0.014622 0.025995
3 0.134523 0.524230 0.037043 0.046791
3 0.319250 0.532028 0.104304 0.169833
3 0.066287 0.589217 0.130624 0.266881
5 0.697475 0.402921 0.478631 0.469641
