3 0.029791 0.567125 0.059582 0.262230
3 0.340934 0.545273 0.142041 0.213669
3 0.213820 0.506341 0.069655 0.065007
3 0.268547 0.508852 0.040974 0.063130
5 0.351177 0.424737 0.102434 0.148112
1 0.087581 0.518217 0.020487 0.063130
1 0.059582 0.524287 0.010926 0.050989
1 0.138115 0.497579 0.009560 0.050989
1 0.127189 0.493937 0.012292 0.019424
1 0.455659 0.455088 0.013658 0.038849
1 0.492536 0.467228 0.010926 0.063130
1 0.504828 0.472084 0.010926 0.063130
1 0.711744 0.446590 0.023218 0.128687
1 0.561678 0.464973 0.010926 0.082554
1 0.571922 0.463759 0.009560 0.080126
1 0.582848 0.457689 0.012292 0.087410
1 0.521388 0.462545 0.012292 0.072842
10 0.652332 0.141868 0.032779 0.063130
10 0.522754 0.396988 0.020487 0.036421
9 0.265816 0.372881 0.008195 0.029137
9 0.220062 0.440866 0.006829 0.029137
9 0.106190 0.451619 0.009560 0.026709
9 0.425608 0.424284 0.009211 0.020600
9 0.296238 0.402572 0.009560 0.024281
10 0.109433 0.391958 0.023218 0.009712
10 0.096288 0.382015 0.028681 0.014568
