3 0.098823 0.368441 0.197646 0.256059
3 0.285266 0.392624 0.157636 0.221918
3 0.631346 0.412540 0.139232 0.233298
5 0.475310 0.347814 0.052812 0.098156
4 0.443702 0.353504 0.008802 0.041254
3 0.375287 0.374842 0.036808 0.058325
3 0.399692 0.371997 0.021605 0.038409
3 0.411695 0.370574 0.008802 0.032719
3 0.428899 0.373420 0.024006 0.035564
10 0.589963 0.221918 0.016458 0.031296
10 0.592937 0.267440 0.022405 0.048367
1 0.911410 0.416807 0.036809 0.170706
1 0.760976 0.396892 0.024006 0.125184
1 0.516119 0.383377 0.011203 0.044099
3 0.206448 0.383377 0.028807 0.103846
