10 0.633337 0.386391 0.020201 0.031016
9 0.485043 0.431282 0.008264 0.019589
9 0.408830 0.433730 0.006428 0.021221
3 0.268429 0.484553 0.020201 0.034281
3 0.285416 0.498428 0.028465 0.045707
3 0.381830 0.490266 0.024792 0.032648
3 0.367598 0.487001 0.020201 0.039178
3 0.351529 0.490266 0.022956 0.039178
3 0.327655 0.494347 0.030302 0.040810
3 0.224813 0.513936 0.039484 0.053869
3 0.180279 0.528628 0.067949 0.076723
3 0.103148 0.535973 0.093659 0.097944
3 0.031067 0.550665 0.061521 0.153446
3 0.478550 0.469861 0.013773 0.017956
3 0.487273 0.472310 0.011019 0.022854
3 0.497833 0.477207 0.011937 0.022854
3 0.508393 0.478839 0.011019 0.029383
3 0.522166 0.478839 0.012855 0.039178
3 0.532267 0.481288 0.018365 0.034281
3 0.578178 0.478839 0.012855 0.026119
3 0.593788 0.482104 0.011019 0.029383
3 0.603888 0.480472 0.016528 0.032648
3 0.623171 0.477207 0.018365 0.035913
3 0.432333 0.475574 0.010101 0.019589
3 0.419018 0.480472 0.016528 0.022854
3 0.450697 0.472310 0.015610 0.022854
3 0.554457 0.482104 0.030302 0.042443
3 0.733304 0.478839 0.088652 0.078356
