3 0.406054 0.521484 0.015820 0.021094
3 0.389575 0.522656 0.017139 0.028125
3 0.369140 0.523828 0.026367 0.049219
3 0.334204 0.529687 0.056689 0.070312
3 0.229296 0.552447 0.187404 0.263855
3 0.051416 0.534375 0.102832 0.107812
3 0.442968 0.526172 0.021094 0.039844
3 0.462085 0.526172 0.014502 0.021094
3 0.483838 0.525000 0.029004 0.028125
3 0.520092 0.533203 0.014502 0.021094
3 0.531958 0.540234 0.017139 0.025781
3 0.572827 0.540937 0.085693 0.117187
3 0.626220 0.544453 0.034277 0.058594
4 0.682464 0.554950 0.088756 0.140526
4 0.858911 0.435937 0.280810 0.543750
9 0.361230 0.433593 0.013184 0.018750
9 0.429126 0.451172 0.009229 0.021094
9 0.481860 0.451172 0.011865 0.021094
10 0.505590 0.458203 0.022412 0.016406
10 0.523388 0.473437 0.013184 0.023437
10 0.343432 0.437109 0.019775 0.016406
