9 0.498127 0.148171 0.007798 0.050257
9 0.378225 0.143838 0.009748 0.048524
9 0.108204 0.155103 0.013647 0.057189
9 0.061413 0.069320 0.019496 0.058922
9 0.573187 0.036393 0.021446 0.072786
9 0.070186 0.289410 0.011698 0.020796
9 0.403765 0.319044 0.007798 0.008665
3 0.287203 0.362938 0.033143 0.034660
3 0.313988 0.404927 0.065268 0.087444
3 0.260274 0.391656 0.050690 0.062388
3 0.363603 0.365661 0.015597 0.024262
3 0.378225 0.363928 0.007798 0.017330
3 0.372864 0.362195 0.010723 0.020796
3 0.413319 0.370860 0.013647 0.020796
3 0.481555 0.385591 0.042892 0.064121
3 0.427453 0.364795 0.006824 0.019063
3 0.435739 0.364795 0.009748 0.022529
3 0.460597 0.386457 0.018521 0.041592
4 0.450849 0.363928 0.026320 0.069320
3 0.865895 0.428832 0.263198 0.180173
3 0.965753 0.479118 0.067142 0.145571
1 0.554713 0.415522 0.017985 0.090908
1 0.130137 0.354397 0.014622 0.036393
1 0.504950 0.374326 0.005849 0.034660
1 0.535657 0.387324 0.008773 0.050257
1 0.509337 0.376059 0.004874 0.034660
1 0.578061 0.408120 0.015597 0.095315
1 0.151452 0.380244 0.016291 0.074224
1 0.185711 0.383858 0.016572 0.081451
1 0.205737 0.379020 0.009439 0.054915
1 0.166891 0.373119 0.011155 0.061017
9 0.616232 0.309661 0.006006 0.021356
10 0.848764 0.202881 0.023167 0.015254
