3 0.089906 0.479982 0.179813 0.373369
3 0.135350 0.373382 0.056163 0.056163
3 0.180398 0.392104 0.057333 0.068644
3 0.262888 0.454507 0.189551 0.218413
3 0.342453 0.413945 0.081905 0.137288
3 0.391596 0.419145 0.035102 0.097766
3 0.413827 0.407704 0.056163 0.091525
3 0.446589 0.413945 0.025742 0.062404
3 0.459460 0.410825 0.028082 0.060324
3 0.479351 0.403544 0.018721 0.033282
3 0.554235 0.414985 0.023401 0.047843
3 0.573542 0.420185 0.040952 0.058243
3 0.512113 0.419145 0.058504 0.085285
3 0.672466 0.440628 0.167230 0.232257
9 0.364684 0.210093 0.009361 0.037442
9 0.356494 0.209053 0.011701 0.043683
9 0.610399 0.234014 0.009361 0.031202
9 0.601038 0.236094 0.011701 0.043683
9 0.926903 0.276657 0.024571 0.049923
10 0.902331 0.125848 0.045633 0.027042
10 0.895311 0.216333 0.012871 0.066564
10 0.155827 0.266256 0.026912 0.016641
9 0.517963 0.343221 0.007020 0.020801
9 0.517713 0.351541 0.006521 0.020801
9 0.577972 0.347641 0.006350 0.017161
10 0.689903 0.260907 0.016381 0.045763
10 0.401480 0.324351 0.012871 0.022881
3 0.915726 0.436678 0.098286 0.089445
1 0.829141 0.438758 0.021061 0.139368
1 0.784678 0.428357 0.011701 0.068644
1 0.795794 0.444998 0.017551 0.101926
1 0.816855 0.434597 0.019891 0.126888
1 0.877699 0.409636 0.012871 0.043683
1 0.854882 0.428357 0.011701 0.072804
10 0.168051 0.227625 0.018721 0.029122
10 0.148745 0.226585 0.010531 0.018721
10 0.167932 0.225439 0.022785 0.023629
9 0.140401 0.295482 0.024684 0.028692
