9 0.325157 0.128203 0.030322 0.105469
9 0.557188 0.225469 0.019775 0.089062
9 0.724619 0.377812 0.017139 0.032812
9 0.058848 0.396562 0.019775 0.037500
9 0.078624 0.228984 0.027686 0.072656
9 0.208482 0.123516 0.026367 0.100781
10 0.713413 0.319219 0.029004 0.023437
10 0.711436 0.265312 0.038232 0.079687
10 0.631675 0.234844 0.073828 0.028125
9 0.569712 0.423515 0.007910 0.025781
9 0.514341 0.427031 0.010547 0.032812
9 0.477427 0.430547 0.010547 0.030469
10 0.595120 0.431716 0.010723 0.028130
3 0.521592 0.478593 0.014502 0.051562
3 0.535435 0.480937 0.023730 0.042187
3 0.461607 0.496172 0.031641 0.058594
3 0.416783 0.510234 0.055371 0.077344
3 0.495225 0.500859 0.048779 0.077344
3 0.361411 0.509062 0.052734 0.060937
3 0.563120 0.487968 0.034277 0.056250
3 0.760853 0.579450 0.379645 0.379838
10 0.239463 0.369609 0.022412 0.021094
