9 0.438161 0.311858 0.007796 0.016632
9 0.502092 0.311165 0.010915 0.020791
9 0.389823 0.349281 0.006237 0.013860
9 0.533278 0.352746 0.007796 0.018018
9 0.558616 0.375616 0.008576 0.011088
10 0.355908 0.277207 0.010135 0.024949
10 0.532498 0.318095 0.009356 0.006930
10 0.354934 0.340272 0.010915 0.019405
3 0.396328 0.390788 0.036399 0.050045
3 0.371891 0.396406 0.014034 0.038809
3 0.356688 0.399872 0.035084 0.095637
3 0.524623 0.398485 0.022610 0.062372
3 0.542165 0.408881 0.020271 0.080390
3 0.567894 0.426206 0.053016 0.120585
3 0.639231 0.446997 0.136438 0.181571
3 0.824085 0.505903 0.347722 0.360369
3 0.040290 0.565272 0.077965 0.242556
3 0.469095 0.436139 0.130980 0.199589
3 0.179392 0.431928 0.261486 0.260468
10 0.335460 0.308350 0.010915 0.016632
3 0.312162 0.405405 0.064865 0.129730
