3 0.282822 0.585496 0.034680 0.051024
3 0.425728 0.585496 0.021526 0.046772
3 0.343214 0.594000 0.064577 0.093543
3 0.138123 0.645386 0.276245 0.407890
3 0.498078 0.629079 0.144700 0.218976
4 0.846838 0.422433 0.303750 0.780236
10 0.194328 0.382677 0.068164 0.021260
10 0.242761 0.374173 0.019134 0.046772
10 0.594346 0.346536 0.019134 0.029764
10 0.516614 0.497480 0.009567 0.034016
9 0.269070 0.381083 0.011959 0.046772
9 0.279235 0.381083 0.010763 0.042520
9 0.328564 0.542658 0.007175 0.017008
9 0.388956 0.526713 0.010763 0.014882
9 0.445161 0.527776 0.010763 0.021260
9 0.564449 0.355571 0.014350 0.025512
9 0.549501 0.342815 0.013155 0.038268
9 0.679850 0.517677 0.013155 0.023386
9 0.067731 0.517040 0.013155 0.017008
10 0.751169 0.227906 0.021526 0.038268
3 0.635005 0.575079 0.028701 0.027638
1 0.013682 0.569369 0.019257 0.115315
3 0.373986 0.572973 0.036486 0.057658
3 0.396284 0.572072 0.028378 0.045045
