9 0.335044 0.075469 0.015820 0.065625
9 0.553892 0.128203 0.015820 0.058594
9 0.238804 0.016875 0.021094 0.032812
9 0.652110 0.275859 0.011865 0.025781
9 0.938193 0.291094 0.014502 0.028125
10 0.685068 0.219609 0.017139 0.067969
10 0.735166 0.238359 0.009229 0.035156
10 0.776035 0.101316 0.135791 0.098306
10 0.422894 0.260359 0.011507 0.019281
10 0.574986 0.224297 0.015820 0.044531
3 0.137950 0.346172 0.035596 0.053906
3 0.804380 0.332109 0.063281 0.053906
3 0.832065 0.407109 0.113379 0.147656
3 0.089830 0.348515 0.058008 0.053906
3 0.217710 0.389531 0.163476 0.187500
3 0.437876 0.380156 0.116016 0.178125
3 0.019866 0.347344 0.039732 0.056250
3 0.912485 0.457500 0.174023 0.384375
