2 0.111738 0.525501 0.223476 0.437051
2 0.757498 0.509719 0.248573 0.264658
2 0.579946 0.456302 0.071021 0.089838
2 0.459757 0.467228 0.076484 0.121403
2 0.366884 0.462372 0.060094 0.077698
2 0.204185 0.443121 0.020487 0.026709
2 0.257450 0.441907 0.039608 0.033993
2 0.313447 0.439479 0.036876 0.024281
2 0.338714 0.439479 0.016389 0.019424
2 0.394711 0.454047 0.024584 0.058273
2 0.403589 0.441907 0.009560 0.024281
2 0.417247 0.447977 0.023218 0.036421
2 0.419296 0.430981 0.021853 0.016996
2 0.492365 0.444335 0.012292 0.029137
2 0.531973 0.446763 0.012292 0.024281
2 0.546313 0.454047 0.019121 0.029137
2 0.518998 0.446763 0.035510 0.058273
2 0.657852 0.428957 0.032779 0.024281
2 0.623025 0.421673 0.012292 0.019424
2 0.901645 0.414389 0.116092 0.058273
2 0.977446 0.406295 0.043705 0.053417
9 0.819015 0.248067 0.062826 0.133543
9 0.935789 0.036016 0.127018 0.072032
9 0.331885 0.388894 0.019121 0.026709
