2 0.496177 0.388190 0.019496 0.025995
2 0.510312 0.388190 0.018521 0.022529
2 0.522984 0.386457 0.012673 0.029461
2 0.524934 0.389057 0.012673 0.027728
2 0.530783 0.392523 0.014622 0.038126
3 0.571237 0.401188 0.087733 0.131707
2 0.442075 0.397722 0.012673 0.017330
2 0.430865 0.397722 0.015597 0.024262
2 0.416730 0.398588 0.016572 0.025995
2 0.401621 0.401188 0.015597 0.027728
2 0.386511 0.405520 0.020471 0.036393
2 0.359217 0.413319 0.045816 0.062388
2 0.308527 0.427182 0.049715 0.065854
2 0.146709 0.483505 0.112103 0.124775
2 0.228592 0.501701 0.184239 0.185430
0 0.107351 0.439190 0.018521 0.076252
0 0.597679 0.394998 0.008773 0.022529
9 0.722454 0.257225 0.030219 0.020796
9 0.702958 0.273689 0.006824 0.022529
9 0.188747 0.316147 0.029244 0.031194
9 0.018339 0.307482 0.036677 0.069320
9 0.025954 0.307482 0.017547 0.034660
