8 0.394678 0.486598 0.003479 0.016495
8 0.281598 0.468041 0.004639 0.020619
8 0.476443 0.504124 0.006959 0.018557
8 0.398969 0.484949 0.006959 0.020619
8 0.288789 0.467423 0.006959 0.022680
9 0.501611 0.500516 0.013918 0.014433
9 0.493840 0.520619 0.016237 0.026804
9 0.541392 0.486598 0.016237 0.028866
2 0.133376 0.564949 0.046392 0.049485
2 0.275683 0.550516 0.031314 0.061856
2 0.391662 0.556701 0.010438 0.028866
2 0.442693 0.558763 0.017397 0.032990
2 0.446173 0.562887 0.012758 0.032990
2 0.462990 0.563918 0.027835 0.051546
2 0.467049 0.570103 0.035954 0.043299
2 0.495464 0.581443 0.046392 0.086598
2 0.528518 0.592784 0.052191 0.113402
2 0.546495 0.600000 0.055670 0.123711
2 0.625941 0.610309 0.147294 0.193814
2 0.812711 0.653196 0.371134 0.437113
2 0.940676 0.864507 0.114820 0.268041
2 0.049871 0.565979 0.083505 0.080412
2 0.213286 0.591753 0.144974 0.181443
2 0.417758 0.561856 0.041753 0.063918
2 0.376585 0.557732 0.028995 0.051546
3 0.310593 0.538144 0.025515 0.053608
3 0.356985 0.537113 0.020876 0.043299
3 0.333789 0.536083 0.034794 0.065979
