2 0.515431 0.472150 0.007869 0.020984
2 0.523300 0.475648 0.013115 0.023316
2 0.530513 0.481477 0.011804 0.025648
2 0.537071 0.484974 0.011804 0.027979
2 0.546907 0.483808 0.018361 0.039637
2 0.561334 0.486140 0.028854 0.062953
2 0.582319 0.491969 0.036723 0.079275
2 0.617730 0.509456 0.073446 0.100259
2 0.495102 0.468653 0.006558 0.023316
2 0.503627 0.476813 0.013115 0.020984
3 0.481331 0.463990 0.026231 0.060622
2 0.393919 0.505039 0.076990 0.085207
2 0.112791 0.664119 0.225583 0.333420
0 0.453789 0.481477 0.007869 0.030311
9 0.320013 0.379275 0.013115 0.023316
9 0.704947 0.224611 0.035411 0.060622
9 0.718062 0.309715 0.019673 0.016321
9 0.706258 0.373446 0.035411 0.020984
9 0.609861 0.430570 0.007869 0.041969
2 0.317792 0.491604 0.034387 0.030566
2 0.292001 0.497972 0.020059 0.038208
9 0.333552 0.434293 0.014328 0.012736
9 0.309911 0.426651 0.015761 0.007642
