2 0.447661 0.657973 0.057694 0.048973
2 0.506654 0.657973 0.022870 0.034189
2 0.526665 0.662593 0.024429 0.034189
2 0.544337 0.658897 0.012994 0.024949
2 0.555512 0.657049 0.010395 0.019405
2 0.590567 0.656125 0.016632 0.021253
2 0.782339 0.667957 0.012474 0.015708
2 0.732182 0.657331 0.010915 0.020329
2 0.690341 0.649477 0.006237 0.013860
2 0.680206 0.651325 0.008836 0.010164
2 0.741278 0.667159 0.018712 0.027721
2 0.715550 0.650065 0.007796 0.015708
4 0.901318 0.652669 0.180878 0.228234
2 0.015853 0.678877 0.028587 0.060062
2 0.703657 0.648481 0.008316 0.012936
9 0.763221 0.638963 0.011435 0.006468
9 0.066998 0.615863 0.019231 0.036037
