8 0.623392 0.401781 0.010058 0.048278
8 0.187380 0.350821 0.011064 0.064371
8 0.424244 0.526947 0.010058 0.023245
8 0.004928 0.484927 0.009857 0.025033
9 0.004425 0.444695 0.008851 0.019669
9 0.580645 0.499232 0.015087 0.032185
9 0.697317 0.490291 0.029168 0.014305
9 0.680722 0.446483 0.018104 0.016093
2 0.611322 0.622609 0.018104 0.064371
2 0.428770 0.595788 0.011064 0.017881
2 0.441343 0.594000 0.010058 0.021457
2 0.454921 0.593106 0.015087 0.023245
2 0.469002 0.598470 0.023133 0.044702
2 0.408654 0.587742 0.015087 0.033974
2 0.392059 0.595788 0.016093 0.028609
3 0.314110 0.575225 0.117678 0.198477
2 0.056727 0.636914 0.113454 0.225298
2 0.020106 0.736152 0.039849 0.241391
2 0.539408 0.616351 0.131759 0.205629
2 0.965879 0.644066 0.067236 0.078675
0 0.931165 0.644066 0.018104 0.121589
0 0.911049 0.656583 0.030174 0.168079
0 0.875846 0.627079 0.020116 0.091192
0 0.857239 0.618139 0.011064 0.059007
0 0.828071 0.627973 0.019110 0.082252
0 0.801920 0.627973 0.017099 0.082252
0 0.765711 0.626185 0.017099 0.071523
0 0.676699 0.622609 0.020116 0.078675
0 0.692288 0.620821 0.011064 0.060795
0 0.721456 0.604728 0.011064 0.050066
0 0.743081 0.601152 0.012070 0.050066
0 0.791359 0.619927 0.014081 0.076887
0 0.775267 0.612775 0.012070 0.066159
0 0.843158 0.619033 0.013075 0.071523
0 0.224091 0.610093 0.026151 0.075099
0 0.165252 0.588636 0.009052 0.035762
0 0.143125 0.587742 0.019110 0.030397
0 0.127535 0.603834 0.012070 0.069735
8 0.207823 0.362344 0.022412 0.056250
8 0.687705 0.549843 0.011865 0.023437
8 0.669907 0.554531 0.013184 0.018750
