2 0.458717 0.582709 0.015649 0.021963
2 0.481367 0.584173 0.019767 0.030748
2 0.516370 0.591494 0.032121 0.036605
2 0.622205 0.599547 0.036239 0.061497
2 0.672858 0.581977 0.066713 0.087852
2 0.737100 0.590030 0.068360 0.068818
2 0.781987 0.592958 0.041181 0.080531
2 0.856524 0.606868 0.122719 0.146421
2 0.941768 0.585637 0.057653 0.071746
2 0.955770 0.622243 0.082362 0.168384
2 0.244038 0.582755 0.010707 0.023427
2 0.252686 0.584951 0.013178 0.019035
2 0.193797 0.581290 0.020590 0.032213
2 0.227565 0.594468 0.040357 0.052711
2 0.338342 0.595933 0.029650 0.038069
2 0.385700 0.593736 0.023885 0.033677
2 0.365109 0.577630 0.020590 0.033677
2 0.401760 0.584951 0.019767 0.016106
2 0.414115 0.579826 0.011531 0.017570
2 0.569366 0.601057 0.096363 0.115672
3 0.081169 0.553471 0.160191 0.257701
9 0.696450 0.512473 0.009883 0.038069
9 0.487590 0.550054 0.009883 0.014642
