0 0.481609 0.450405 0.027316 0.191817
0 0.515071 0.449191 0.034145 0.208813
0 0.560825 0.475900 0.040974 0.169964
0 0.622968 0.479542 0.031413 0.167536
0 0.853102 0.534173 0.068289 0.393346
2 0.172942 0.450232 0.325056 0.237950
2 0.464741 0.424325 0.071979 0.161857
2 0.544435 0.422309 0.128384 0.099550
2 0.642089 0.435663 0.077850 0.072842
2 0.682380 0.436877 0.060094 0.060701
2 0.724719 0.440519 0.038242 0.048561
2 0.749986 0.438091 0.028681 0.038849
2 0.866760 0.536428 0.262230 0.284083
9 0.986949 0.366464 0.010926 0.016996
2 0.363867 0.427500 0.137109 0.180000
