9 0.728396 0.298578 0.046786 0.034123
9 0.682210 0.332701 0.026392 0.025592
9 0.703204 0.374289 0.049185 0.031991
9 0.702604 0.418009 0.038389 0.034123
2 0.925080 0.694194 0.149840 0.236730
0 0.486668 0.656872 0.026392 0.132227
2 0.193355 0.621682 0.010797 0.027725
2 0.167563 0.616350 0.009597 0.012796
2 0.158565 0.621682 0.010797 0.019194
2 0.146569 0.627014 0.015595 0.017062
2 0.133973 0.625947 0.011996 0.019194
2 0.124376 0.627014 0.023993 0.038389
2 0.110580 0.634478 0.020394 0.044787
2 0.099783 0.640876 0.025193 0.066114
2 0.082988 0.649407 0.032390 0.070379
2 0.067992 0.654739 0.035989 0.098104
2 0.210150 0.624881 0.020394 0.038389
2 0.216748 0.633412 0.019194 0.038389
2 0.259935 0.671801 0.098371 0.149289
