8 0.406830 0.282833 0.009984 0.014421
8 0.500738 0.277287 0.006864 0.018858
8 0.516337 0.319994 0.005616 0.008874
8 0.467044 0.328868 0.005616 0.011093
8 0.482019 0.321658 0.004368 0.012202
2 0.511346 0.323876 0.006864 0.009984
2 0.514154 0.333860 0.012479 0.014421
2 0.504170 0.330532 0.011232 0.018858
2 0.539424 0.351609 0.015599 0.021076
2 0.543480 0.360483 0.016223 0.023295
2 0.632396 0.352163 0.040558 0.037716
2 0.583414 0.377677 0.052414 0.079869
2 0.609933 0.391543 0.065517 0.085415
2 0.691674 0.416502 0.107947 0.153081
2 0.837740 0.440906 0.295253 0.310600
2 0.463300 0.371021 0.016847 0.026623
2 0.349425 0.385996 0.021215 0.047699
2 0.383431 0.386551 0.056782 0.075431
2 0.480147 0.370466 0.018095 0.036606
2 0.519145 0.367139 0.027455 0.041044
9 0.550032 0.284497 0.024335 0.013311
9 0.526945 0.277287 0.013103 0.014421
9 0.553464 0.309456 0.008736 0.025514
9 0.529441 0.321658 0.015599 0.007765
9 0.408390 0.338852 0.011855 0.022186
0 0.718618 0.325540 0.011855 0.024404
0 0.727354 0.326095 0.011855 0.027732
0 0.734841 0.327204 0.010608 0.029951
0 0.742329 0.328314 0.010608 0.025514
0 0.592888 0.326650 0.008736 0.022186
0 0.588520 0.326650 0.008736 0.022186
2 0.946056 0.551229 0.107323 0.368283
9 0.353146 0.313682 0.014355 0.024244
