9 0.620157 0.298019 0.035820 0.020377
9 0.007880 0.289104 0.015761 0.022925
8 0.073788 0.271698 0.012895 0.040755
8 0.085967 0.269151 0.011462 0.040755
8 0.105310 0.391415 0.012895 0.020377
8 0.422433 0.365944 0.007164 0.020377
8 0.431746 0.367217 0.008597 0.022925
8 0.578367 0.288255 0.008597 0.033113
8 0.724034 0.312453 0.014328 0.040755
9 0.649529 0.331557 0.017193 0.012736
8 0.655976 0.368491 0.015761 0.020377
8 0.741943 0.353208 0.018626 0.025472
8 0.588636 0.289953 0.007164 0.028019
8 0.425537 0.302264 0.008597 0.025472
2 0.378403 0.409167 0.046145 0.043993
2 0.339570 0.420283 0.025790 0.035660
2 0.310198 0.420283 0.018626 0.035660
2 0.293004 0.421557 0.018626 0.033113
2 0.270796 0.422831 0.028656 0.030566
2 0.246439 0.404151 0.022925 0.011887
2 0.217783 0.430472 0.031521 0.040755
2 0.759853 0.454246 0.111757 0.122264
2 0.697527 0.436415 0.087400 0.101887
2 0.845638 0.485287 0.154375 0.143389
2 0.417657 0.417312 0.012895 0.022925
2 0.506728 0.371463 0.011462 0.017830
2 0.521772 0.368915 0.015761 0.022925
2 0.534667 0.382925 0.010029 0.020377
2 0.541831 0.386746 0.012895 0.022925
2 0.522489 0.394387 0.014328 0.022925
2 0.592695 0.412217 0.031521 0.053491
2 0.506728 0.416038 0.028656 0.045849
2 0.565472 0.421132 0.045849 0.076415
2 0.614903 0.422406 0.038685 0.048396
2 0.945399 0.518774 0.107459 0.188491
2 0.183874 0.441510 0.038208 0.050943
2 0.244529 0.424953 0.025790 0.028019
0 0.876703 0.407736 0.018120 0.043926
2 0.851994 0.409200 0.082362 0.043926
