8 0.630875 0.143529 0.008190 0.070724
8 0.399786 0.202812 0.009361 0.076965
8 0.641991 0.153929 0.011701 0.066564
8 0.618589 0.152889 0.011701 0.064484
8 0.411487 0.208012 0.018721 0.074884
8 0.391011 0.203852 0.012871 0.079045
2 0.270721 0.453878 0.136443 0.265435
2 0.506848 0.575154 0.286667 0.426426
2 0.142371 0.529392 0.283157 0.592836
2 0.831771 0.589985 0.334637 0.331279
9 0.340965 0.231830 0.016875 0.039375
9 0.257118 0.276830 0.015820 0.016875
2 0.335918 0.455491 0.017930 0.054375
2 0.365976 0.455491 0.027422 0.054375
8 0.278965 0.347143 0.020039 0.030000
8 0.722235 0.399643 0.013711 0.030000
8 0.175605 0.242411 0.007383 0.041250
8 0.981688 0.359598 0.011602 0.035625
9 0.973778 0.277098 0.031641 0.073125
