2 0.512460 0.528554 0.027592 0.040521
2 0.492066 0.533886 0.022793 0.034123
2 0.463875 0.536019 0.023993 0.029858
2 0.449479 0.533886 0.021594 0.029858
2 0.430885 0.536019 0.020394 0.034123
2 0.414090 0.536019 0.020394 0.038389
2 0.404492 0.538151 0.020394 0.038389
2 0.387697 0.545616 0.025193 0.036256
2 0.372702 0.547748 0.026392 0.044787
2 0.342711 0.552014 0.043187 0.053318
2 0.258736 0.549881 0.105569 0.117298
2 0.124376 0.573341 0.134360 0.130095
2 0.555048 0.539218 0.011996 0.019194
2 0.564645 0.542417 0.016795 0.025592
2 0.577241 0.543483 0.015595 0.027725
2 0.586838 0.546682 0.015595 0.025592
2 0.606033 0.542417 0.037189 0.051185
2 0.739193 0.584004 0.125963 0.134360
8 0.564045 0.497630 0.008398 0.021327
