8 0.481555 0.421983 0.007798 0.019063
8 0.426966 0.418518 0.007798 0.019063
8 0.478631 0.448845 0.005849 0.013864
8 0.438664 0.445379 0.007798 0.010398
2 0.430865 0.473107 0.015597 0.031194
2 0.417218 0.476573 0.019496 0.041592
2 0.392666 0.489471 0.031557 0.040058
2 0.349956 0.495636 0.023395 0.041592
2 0.318762 0.503434 0.042892 0.053723
2 0.482042 0.474840 0.010723 0.031194
2 0.496177 0.486104 0.023395 0.039859
2 0.516648 0.499102 0.046791 0.048524
2 0.570750 0.496502 0.051665 0.067587
2 0.676517 0.530295 0.120876 0.152503
3 0.843696 0.500835 0.102355 0.072786
2 0.936303 0.629942 0.123801 0.223556
2 0.061413 0.571021 0.122826 0.168100
0 0.014135 0.477439 0.028269 0.046791
9 0.029732 0.390790 0.036068 0.025995
9 0.266123 0.387324 0.015597 0.012131
9 0.154020 0.395122 0.023395 0.017330
9 0.727207 0.376059 0.031194 0.024262
9 0.730131 0.348331 0.019496 0.017330
9 0.740854 0.331001 0.031194 0.017330
2 0.455705 0.479400 0.024806 0.031296
