2 0.505844 0.658435 0.007651 0.014452
2 0.501345 0.654609 0.005260 0.010202
2 0.525733 0.657584 0.010999 0.022953
2 0.532188 0.659285 0.008608 0.021253
2 0.462372 0.658435 0.009564 0.016152
2 0.456394 0.659710 0.008129 0.018703
3 0.442288 0.653759 0.022953 0.037406
2 0.415943 0.678915 0.046863 0.060359
4 0.476587 0.648658 0.019128 0.035705
2 0.491564 0.662260 0.021519 0.034005
2 0.515473 0.660560 0.011955 0.023804
2 0.541296 0.662260 0.016737 0.025504
9 0.682929 0.590502 0.011955 0.017853
8 0.449857 0.616837 0.007749 0.007653
