9 0.561977 0.525096 0.036068 0.031194
9 0.574649 0.556290 0.010723 0.024262
9 0.526396 0.551091 0.019496 0.024262
8 0.340695 0.454044 0.010723 0.027728
8 0.472782 0.454044 0.011698 0.034660
8 0.248576 0.444512 0.009748 0.029461
8 0.449386 0.560623 0.003899 0.019063
8 0.471320 0.557157 0.004874 0.015597
2 0.221281 0.625610 0.196911 0.211425
2 0.062388 0.625610 0.120876 0.131707
2 0.426966 0.584885 0.015597 0.015597
2 0.448412 0.580552 0.015597 0.013864
9 0.550766 0.583152 0.007798 0.012131
9 0.574649 0.581419 0.010723 0.012131
