2 0.270069 0.495647 0.084202 0.119199
2 0.331661 0.470698 0.082642 0.094250
2 0.374932 0.448521 0.063151 0.091478
2 0.459913 0.428424 0.019491 0.045739
2 0.487200 0.422880 0.045999 0.045739
2 0.557369 0.328629 0.011695 0.023563
2 0.540216 0.367438 0.011695 0.020791
2 0.592063 0.342490 0.018711 0.020791
2 0.595961 0.348727 0.012474 0.013860
2 0.599469 0.361894 0.013254 0.023563
2 0.636659 0.396545 0.035864 0.051283
2 0.667065 0.415257 0.054575 0.066530
2 0.780815 0.434661 0.158268 0.207905
2 0.885677 0.485944 0.226097 0.296612
2 0.433525 0.429869 0.038982 0.066530
2 0.590623 0.450660 0.097456 0.141376
3 0.518952 0.392248 0.035864 0.072074
2 0.113828 0.522074 0.227656 0.249487
2 0.984432 0.619096 0.028067 0.246714
