2 0.044411 0.481536 0.086102 0.087165
2 0.382244 0.534685 0.127958 0.121181
8 0.452800 0.402874 0.013155 0.031890
8 0.535913 0.465591 0.004783 0.017008
8 0.623809 0.405000 0.010763 0.019134
8 0.599294 0.470906 0.009567 0.010630
8 0.710509 0.469843 0.009567 0.012756
9 0.857601 0.452835 0.016742 0.025512
9 0.891683 0.470906 0.015546 0.031890
2 0.952074 0.557008 0.093278 0.123307
2 0.752962 0.514488 0.070556 0.068032
2 0.660881 0.513425 0.037072 0.027638
2 0.635170 0.505984 0.014350 0.021260
2 0.624407 0.504921 0.009567 0.014882
2 0.826508 0.518740 0.043051 0.042520
2 0.901250 0.531496 0.037072 0.051024
2 0.471336 0.502795 0.038268 0.040394
2 0.501232 0.502795 0.023917 0.027638
9 0.815246 0.418105 0.017551 0.010401
9 0.757328 0.422265 0.011701 0.022881
