2 0.442432 0.477155 0.011078 0.034019
2 0.423296 0.476260 0.021150 0.039390
2 0.402147 0.484317 0.033235 0.034019
2 0.468617 0.473574 0.027192 0.062666
2 0.485235 0.471784 0.008057 0.016114
2 0.497824 0.467308 0.011078 0.017905
2 0.505377 0.474470 0.010071 0.014324
2 0.539620 0.469993 0.028200 0.012533
2 0.356322 0.518336 0.036257 0.094894
2 0.646375 0.504907 0.062442 0.071618
2 0.822119 0.548773 0.188333 0.155769
2 0.939450 0.600696 0.120855 0.198740
4 0.182592 0.435080 0.343431 0.447613
4 0.421282 0.454775 0.025178 0.028647
9 0.369415 0.418966 0.020143 0.014324
9 0.685150 0.375100 0.017121 0.016114
9 0.682128 0.319596 0.021150 0.048342
9 0.601558 0.340186 0.023164 0.028647
9 0.397111 0.363462 0.019135 0.010743
9 0.509406 0.412699 0.030214 0.019695
9 0.606594 0.434184 0.013093 0.012533
9 0.611126 0.427023 0.018128 0.008952
8 0.694717 0.435080 0.018128 0.025066
8 0.438403 0.352719 0.005036 0.025066
8 0.577891 0.343767 0.006043 0.028647
8 0.572855 0.341081 0.008057 0.041180
8 0.428835 0.352719 0.006043 0.028647
