8 0.302745 0.252422 0.009229 0.049219
8 0.192662 0.327422 0.010547 0.044531
8 0.290220 0.243047 0.010547 0.035156
8 0.307359 0.241875 0.007910 0.046875
9 0.194639 0.362578 0.017139 0.021094
9 0.322520 0.239531 0.014502 0.018750
9 0.054234 0.369609 0.018457 0.030469
9 0.052256 0.350859 0.011865 0.016406
9 0.544004 0.259453 0.019775 0.025781
9 0.738462 0.025078 0.023730 0.030469
9 0.776035 0.026250 0.035596 0.051562
0 0.058189 0.412968 0.021094 0.056250
2 0.521592 0.408281 0.030322 0.037500
2 0.274400 0.425859 0.058008 0.067969
2 0.023912 0.442265 0.031641 0.044531
2 0.675181 0.502031 0.279492 0.304687
4 0.398326 0.352031 0.216211 0.300000
2 0.006682 0.446953 0.013365 0.039844
