8 0.271776 0.405711 0.011191 0.041211
8 0.591114 0.427737 0.007194 0.028421
8 0.305748 0.495947 0.008793 0.028421
8 0.263383 0.405000 0.005595 0.048316
8 0.280569 0.407132 0.004796 0.029842
8 0.582721 0.424895 0.007993 0.031263
8 0.747385 0.421342 0.012789 0.044053
8 0.768967 0.461842 0.014388 0.025579
9 0.178253 0.410684 0.022382 0.017053
9 0.190643 0.297711 0.029576 0.063947
9 0.659457 0.420632 0.015987 0.028421
3 0.381286 0.525079 0.030375 0.027000
2 0.336923 0.564158 0.027977 0.039789
2 0.371295 0.565579 0.053556 0.059684
2 0.577525 0.551369 0.021582 0.054000
2 0.551147 0.556342 0.034372 0.117947
0 0.705020 0.544974 0.011191 0.052579
2 0.804138 0.535737 0.047961 0.036947
2 0.226614 0.586895 0.087128 0.105158
2 0.176255 0.610342 0.096720 0.126474
2 0.775362 0.606790 0.169461 0.147790
2 0.091525 0.730421 0.183049 0.534316
2 0.472154 0.585000 0.150293 0.271875
2 0.393052 0.594375 0.010547 0.070312
9 0.805039 0.352031 0.019775 0.032812
9 0.816245 0.381328 0.018457 0.021094
9 0.799107 0.380156 0.015820 0.018750
