2 0.508754 0.430374 0.006829 0.024281
2 0.517632 0.431588 0.008195 0.026709
2 0.318910 0.436444 0.012292 0.036421
2 0.299107 0.435230 0.021853 0.048561
2 0.278620 0.438872 0.021853 0.050989
2 0.226037 0.454654 0.080581 0.072842
2 0.362616 0.444942 0.069655 0.077698
2 0.463683 0.442514 0.055997 0.077698
2 0.542899 0.436444 0.039608 0.046133
2 0.420661 0.426731 0.024584 0.041277
8 0.952975 0.200823 0.020487 0.033794
8 0.056339 0.285297 0.027316 0.041277
8 0.635300 0.082554 0.019382 0.043705
8 0.761923 0.259322 0.019891 0.083205
