3 0.468414 0.483158 0.023980 0.031974
2 0.452927 0.493816 0.014988 0.024868
2 0.449430 0.500921 0.011990 0.028421
2 0.401470 0.508026 0.011990 0.035526
2 0.386482 0.508026 0.021982 0.042632
2 0.365999 0.509803 0.028976 0.046184
2 0.346015 0.517796 0.034971 0.051513
2 0.295557 0.513355 0.067944 0.081711
2 0.247097 0.528454 0.040966 0.083487
2 0.099218 0.511579 0.028976 0.035526
2 0.178153 0.556875 0.146879 0.165197
3 0.514327 0.476053 0.022981 0.044408
2 0.496768 0.462730 0.010991 0.012434
2 0.422329 0.500921 0.039967 0.049737
2 0.491273 0.476053 0.007993 0.014211
2 0.497268 0.492928 0.015987 0.026645
3 0.628283 0.551546 0.231809 0.321513
2 0.866087 0.574638 0.267780 0.278882
2 0.948519 0.721184 0.102915 0.262895
2 0.069843 0.693651 0.139685 0.509803
2 0.079447 0.505167 0.073111 0.050257
