8 0.166692 0.362195 0.013647 0.045058
8 0.389923 0.368261 0.011698 0.036393
8 0.374814 0.460976 0.010723 0.020796
8 0.296342 0.471374 0.007798 0.017330
8 0.176440 0.363928 0.009748 0.041592
8 0.158406 0.363928 0.008773 0.041592
8 0.380662 0.368261 0.008773 0.036393
8 0.400159 0.373460 0.006824 0.032927
8 0.108691 0.510366 0.012673 0.022529
8 0.481068 0.456643 0.012673 0.019063
9 0.413319 0.446245 0.011698 0.025995
9 0.586834 0.364795 0.035093 0.025995
2 0.652634 0.473973 0.030219 0.036393
2 0.665794 0.496502 0.019496 0.025995
2 0.625827 0.486971 0.058488 0.065854
2 0.550766 0.473107 0.060438 0.027728
2 0.478631 0.507767 0.033143 0.041592
2 0.368477 0.489570 0.017547 0.019063
2 0.338746 0.502568 0.022421 0.027728
2 0.319250 0.506034 0.014622 0.020796
2 0.359704 0.506034 0.029244 0.027728
2 0.381637 0.518165 0.010723 0.034660
2 0.406495 0.505167 0.044841 0.077985
2 0.266610 0.504301 0.022421 0.031194
2 0.262711 0.523364 0.030219 0.048524
2 0.238341 0.537227 0.026320 0.041592
2 0.215920 0.549358 0.039967 0.051990
2 0.167180 0.571887 0.063363 0.062388
2 0.292442 0.519031 0.042892 0.067587
2 0.431840 0.525096 0.052640 0.079718
2 0.555153 0.559756 0.114053 0.145571
2 0.844184 0.624744 0.309989 0.469641
2 0.029244 0.621278 0.058488 0.123042
9 0.598045 0.324069 0.028269 0.017330
0 0.503488 0.515565 0.010723 0.053723
0 0.478143 0.512099 0.008773 0.043325
9 0.278308 0.472240 0.024370 0.008665
