8 0.258700 0.305137 0.015204 0.032719
8 0.368325 0.316518 0.012003 0.021338
8 0.355122 0.428188 0.008002 0.017071
9 0.378645 0.356959 0.020805 0.032719
9 0.380645 0.397501 0.023205 0.039831
9 0.344237 0.390389 0.044810 0.036986
2 0.357082 0.457350 0.011203 0.012803
2 0.347880 0.459484 0.013603 0.011380
2 0.330676 0.461618 0.011203 0.018493
2 0.321074 0.464463 0.011203 0.018493
2 0.284266 0.452371 0.046411 0.031296
2 0.270262 0.564041 0.146434 0.200580
4 0.106625 0.448103 0.209648 0.324342
4 0.220651 0.465174 0.015204 0.088198
8 0.271434 0.363735 0.009004 0.033794
