2 0.050203 0.527176 0.100405 0.187163
2 0.885126 0.448325 0.159868 0.209692
2 0.228105 0.498582 0.109178 0.102247
2 0.541018 0.454390 0.068237 0.090116
2 0.675054 0.423197 0.061413 0.090116
0 0.188625 0.462189 0.018521 0.064121
0 0.289518 0.431862 0.011698 0.024262
0 0.328510 0.431862 0.013647 0.024262
0 0.350443 0.429262 0.012673 0.022529
0 0.364091 0.437061 0.008773 0.020796
2 0.304627 0.479519 0.065312 0.088383
2 0.353855 0.471720 0.038992 0.062388
2 0.588297 0.434461 0.034118 0.067587
2 0.637037 0.430995 0.024370 0.046791
2 0.618516 0.432728 0.016572 0.046791
2 0.785695 0.442259 0.109178 0.142105
2 0.503488 0.414532 0.014622 0.031194
3 0.538581 0.380738 0.036068 0.060655
4 0.440126 0.410199 0.075060 0.143838
8 0.571237 0.366008 0.007798 0.017330
8 0.629726 0.363408 0.007798 0.015597
8 0.631675 0.393736 0.007798 0.013864
9 0.655071 0.346945 0.011698 0.006932
8 0.783746 0.228235 0.027295 0.050257
8 0.789107 0.284557 0.016572 0.065854
