9 0.077985 0.464442 0.035093 0.034660
9 0.203247 0.406387 0.020471 0.025995
9 0.209584 0.446245 0.015597 0.012131
9 0.167180 0.467908 0.034118 0.020796
9 0.394310 0.497369 0.022421 0.017330
9 0.803242 0.381258 0.029244 0.048524
9 0.804704 0.428049 0.022421 0.017330
8 0.279282 0.389057 0.014622 0.046791
8 0.169617 0.542426 0.025345 0.045058
8 0.190088 0.455777 0.015597 0.069320
8 0.387486 0.504301 0.008773 0.038126
8 0.378225 0.544159 0.011698 0.020796
8 0.535170 0.388190 0.005849 0.038126
8 0.652146 0.411586 0.007798 0.036393
8 0.541993 0.389057 0.005849 0.039859
8 0.514699 0.537227 0.003899 0.013864
8 0.632163 0.506900 0.004874 0.015597
8 0.594145 0.507767 0.006824 0.017330
8 0.823225 0.499102 0.012673 0.024262
8 0.813477 0.499968 0.008773 0.022529
8 0.532245 0.543293 0.003899 0.015597
0 0.271971 0.672401 0.035093 0.131707
0 0.490328 0.636008 0.027295 0.121309
0 0.528346 0.629942 0.035093 0.119576
3 0.898285 0.525963 0.201785 0.691464
2 0.069302 0.680199 0.138241 0.105712
2 0.624852 0.668935 0.136473 0.207959
2 0.793494 0.592683 0.116977 0.103980
2 0.677742 0.574161 0.020944 0.035740
2 0.557590 0.584018 0.035093 0.062388
3 0.561002 0.545892 0.043866 0.069320
2 0.590246 0.564955 0.010723 0.024262
2 0.724282 0.568421 0.019496 0.020796
3 0.614616 0.553691 0.022421 0.025995
3 0.632163 0.553691 0.012673 0.022529
