9 0.478407 0.505589 0.052114 0.047647
9 0.465750 0.543971 0.011912 0.039706
9 0.328765 0.496324 0.017868 0.013235
8 0.312684 0.497647 0.005956 0.021176
8 0.349908 0.495000 0.005956 0.021176
8 0.373732 0.504265 0.002978 0.023824
8 0.395322 0.501618 0.004467 0.023824
2 0.440438 0.554559 0.011912 0.018529
2 0.423315 0.554559 0.016379 0.018529
2 0.409169 0.562500 0.020846 0.034412
2 0.336954 0.570442 0.025313 0.039706
2 0.315364 0.571765 0.032757 0.058235
2 0.302708 0.578383 0.028290 0.060882
2 0.447883 0.555883 0.017868 0.021176
2 0.593951 0.566471 0.072960 0.047647
2 0.929416 0.528089 0.032757 0.034412
2 0.910059 0.529412 0.047647 0.031765
2 0.880280 0.532059 0.053603 0.042353
2 0.775308 0.590295 0.159320 0.090000
3 0.353482 0.540000 0.035735 0.052941
2 0.269504 0.588971 0.068493 0.082059
2 0.375072 0.565147 0.055092 0.097941
2 0.987486 0.504265 0.023824 0.023824
2 0.985253 0.518824 0.028290 0.026471
2 0.971107 0.532059 0.053603 0.037059
2 0.901126 0.619412 0.196544 0.142941
3 0.070407 0.547374 0.140814 0.590295
