9 0.429403 0.222689 0.047766 0.050257
9 0.540044 0.267747 0.023395 0.025995
9 0.653121 0.064121 0.068237 0.031194
9 0.650197 0.120443 0.089682 0.084917
9 0.777897 0.233087 0.027295 0.064121
9 0.480580 0.273813 0.009748 0.017330
9 0.372377 0.260815 0.007798 0.025995
2 0.487404 0.400321 0.138423 0.211425
2 0.677004 0.377792 0.131599 0.138639
2 0.562464 0.325802 0.046791 0.062388
2 0.595120 0.315404 0.022421 0.027728
2 0.415756 0.303274 0.026320 0.031194
2 0.126725 0.267747 0.124775 0.077985
2 0.220794 0.270347 0.063363 0.051990
2 0.289518 0.282478 0.040942 0.038126
2 0.330947 0.282478 0.041917 0.038126
