2 0.230863 0.310949 0.013673 0.016828
2 0.244010 0.317493 0.016828 0.018698
2 0.150928 0.285707 0.017880 0.014958
2 0.178800 0.287576 0.010518 0.014958
2 0.199836 0.295990 0.012621 0.013089
2 0.188266 0.299730 0.018932 0.020568
2 0.089400 0.338061 0.025242 0.018698
2 0.067313 0.337126 0.014725 0.020568
2 0.221397 0.325346 0.015776 0.026177
2 0.273459 0.319737 0.014725 0.022438
2 0.311323 0.314128 0.018932 0.018698
2 0.342350 0.326281 0.015776 0.016828
2 0.319211 0.350589 0.026294 0.035526
2 0.357601 0.349654 0.029449 0.044875
2 0.386524 0.361808 0.041019 0.057964
2 0.440690 0.365547 0.046278 0.072922
2 0.257157 0.376766 0.083090 0.087881
2 0.148299 0.365547 0.100970 0.099100
2 0.043348 0.417768 0.086696 0.186981
9 0.330255 0.233165 0.079934 0.054224
9 0.331306 0.196704 0.027346 0.014958
9 0.417025 0.203248 0.028398 0.016828
9 0.411241 0.228490 0.048381 0.026177
9 0.411767 0.249058 0.045226 0.018698
9 0.252950 0.235035 0.019984 0.046745
9 0.500641 0.256164 0.012621 0.026177
9 0.550074 0.216898 0.033657 0.082272
9 0.555333 0.103774 0.031553 0.031787
9 0.895203 0.280605 0.039967 0.095360
