8 0.404058 0.119576 0.010723 0.045058
8 0.598532 0.085783 0.011698 0.039859
8 0.297804 0.222689 0.008773 0.019063
8 0.650684 0.302407 0.010723 0.025995
9 0.319250 0.120443 0.022421 0.036393
9 0.775460 0.110911 0.034118 0.048524
9 0.768636 0.178498 0.024370 0.045058
8 0.392360 0.120443 0.008773 0.039859
8 0.168154 0.125642 0.008773 0.025995
8 0.159381 0.124775 0.008773 0.031194
9 0.158894 0.044191 0.033143 0.025995
9 0.891462 0.248684 0.030219 0.036393
8 0.582448 0.097048 0.014622 0.055456
8 0.610230 0.090982 0.013647 0.053723
2 0.398209 0.302407 0.010723 0.015597
2 0.411856 0.313672 0.016572 0.031194
2 0.330947 0.305873 0.135498 0.091849
0 0.518598 0.335334 0.015597 0.036393
0 0.598045 0.357863 0.014622 0.057189
0 0.432815 0.311939 0.013647 0.055456
0 0.852957 0.436714 0.021446 0.110911
0 0.826150 0.435847 0.020471 0.102247
