10 0.622685 0.483955 0.050313 0.090098
10 0.477011 0.522111 0.018721 0.037442
10 0.420262 0.543953 0.010531 0.018721
10 0.430793 0.544993 0.010531 0.020801
3 0.385160 0.555393 0.012871 0.020801
3 0.395691 0.559554 0.015211 0.029122
3 0.405051 0.565794 0.017551 0.033282
3 0.413827 0.574114 0.021061 0.041602
3 0.436643 0.586595 0.036272 0.049923
3 0.479351 0.600116 0.037442 0.081125
3 0.519133 0.596996 0.074884 0.104006
3 0.564181 0.617797 0.108817 0.128968
3 0.221350 0.618837 0.111157 0.131048
3 0.348303 0.556433 0.014041 0.014561
3 0.334847 0.560594 0.012871 0.014561
3 0.366439 0.562674 0.010531 0.014561
3 0.354738 0.565794 0.015211 0.016641
10 0.865474 0.205932 0.046803 0.037442
10 0.816167 0.190580 0.021050 0.059600
