9 0.173131 0.242495 0.018019 0.025932
9 0.349890 0.263851 0.014587 0.025932
9 0.427972 0.325630 0.012871 0.027458
9 0.630901 0.366817 0.012013 0.021356
9 0.781489 0.385884 0.014587 0.025932
9 0.472591 0.435461 0.007722 0.021356
9 0.704265 0.330207 0.009439 0.012203
9 0.343454 0.375969 0.008581 0.018305
9 0.388073 0.381308 0.008581 0.016780
9 0.154683 0.318003 0.006864 0.018305
9 0.175705 0.042664 0.026600 0.047288
9 0.074884 0.141817 0.015445 0.032034
10 0.106632 0.322579 0.054915 0.079322
10 0.176992 0.295884 0.029174 0.019831
10 0.236198 0.337071 0.022309 0.016780
10 0.235340 0.360715 0.018877 0.030508
10 0.364906 0.407240 0.027458 0.022881
10 0.751886 0.221901 0.020593 0.054915
10 0.734725 0.359952 0.042903 0.035085
10 0.713274 0.422495 0.022309 0.025932
9 0.768618 0.446139 0.007722 0.015254
10 0.070165 0.433447 0.064354 0.084446
10 0.160689 0.391223 0.022309 0.039661
10 0.233624 0.417156 0.010297 0.021356
10 0.562686 0.439274 0.018019 0.025932
3 0.689249 0.541478 0.108114 0.129661
3 0.793931 0.525461 0.036038 0.085424
3 0.836833 0.544528 0.104682 0.129661
3 0.914487 0.579613 0.169036 0.175424
3 0.586283 0.557495 0.161314 0.180000
3 0.460496 0.490424 0.008581 0.025932
3 0.474654 0.485085 0.023167 0.042712
3 0.435184 0.491186 0.048909 0.067119
3 0.369543 0.478220 0.032606 0.056441
3 0.393139 0.480508 0.016303 0.033559
10 0.071370 0.366864 0.023167 0.047288
10 0.972600 0.084661 0.050625 0.102203
