3 0.049118 0.661139 0.096676 0.194045
3 0.086930 0.640349 0.173861 0.182957
3 0.158658 0.612628 0.092778 0.138604
3 0.214792 0.623716 0.083422 0.138604
3 0.265859 0.626488 0.049897 0.099795
3 0.263910 0.614014 0.070948 0.097023
3 0.314587 0.618172 0.063151 0.085934
3 0.342264 0.611935 0.054575 0.079004
3 0.398009 0.607084 0.072507 0.052669
3 0.430754 0.600847 0.031965 0.051283
3 0.438676 0.595431 0.054047 0.053798
3 0.513786 0.602926 0.014034 0.016632
3 0.391130 0.607777 0.049897 0.073460
3 0.395808 0.564117 0.034304 0.019405
3 0.610990 0.606391 0.009356 0.034651
3 0.619566 0.607777 0.012474 0.048511
3 0.643346 0.614014 0.038203 0.052669
5 0.572398 0.591376 0.052236 0.094250
3 0.686096 0.626950 0.029627 0.074846
3 0.712604 0.635267 0.067050 0.091478
3 0.757824 0.648434 0.082642 0.109497
3 0.850082 0.676848 0.174641 0.180185
9 0.522890 0.523922 0.004678 0.022177
9 0.591499 0.524615 0.004678 0.023563
10 0.458959 0.417197 0.017152 0.036037
9 0.428943 0.420662 0.008576 0.015246
9 0.446095 0.422741 0.008576 0.019405
10 0.674921 0.569661 0.007796 0.013860
