3 0.301710 0.461730 0.080376 0.091706
3 0.427073 0.435071 0.019194 0.025592
3 0.478058 0.440403 0.017995 0.027725
3 0.500851 0.438270 0.027592 0.027725
3 0.518246 0.435071 0.011996 0.017062
3 0.451066 0.445734 0.047986 0.051185
3 0.376688 0.448933 0.100770 0.100237
5 0.529643 0.426007 0.015595 0.031991
5 0.554835 0.408192 0.034790 0.050559
4 0.596223 0.419076 0.035989 0.074644
3 0.599822 0.446445 0.021594 0.041232
3 0.622615 0.442535 0.035989 0.061848
3 0.652006 0.448578 0.056383 0.081043
3 0.726384 0.469905 0.123563 0.153554
3 0.549737 0.451066 0.057583 0.076777
3 0.889236 0.521445 0.220734 0.456398
3 0.009297 0.448933 0.017995 0.196208
