1 0.886124 0.318750 0.013711 0.052500
1 0.827061 0.354375 0.022148 0.078750
1 0.807022 0.354375 0.020039 0.090000
4 0.985789 0.313125 0.027416 0.116250
3 0.960476 0.525000 0.078041 0.232500
9 0.731085 0.197812 0.011602 0.043125
9 0.721065 0.198750 0.008437 0.041250
9 0.187921 0.073125 0.017930 0.075000
9 0.169991 0.071250 0.015820 0.067500
9 0.047381 0.259453 0.021616 0.028594
9 0.511710 0.282187 0.009492 0.028125
9 0.453175 0.288750 0.008437 0.026250
3 0.546515 0.325312 0.015820 0.028125
3 0.533331 0.343125 0.012656 0.048750
3 0.220089 0.346875 0.078047 0.112500
3 0.346651 0.350625 0.044297 0.071250
3 0.180538 0.373125 0.047461 0.097500
3 0.089308 0.400312 0.166641 0.193125
3 0.574464 0.345000 0.052734 0.082500
3 0.663585 0.386250 0.129727 0.165000
1 0.723175 0.339375 0.016875 0.056250
4 0.421007 0.329062 0.060117 0.118125
4 0.379347 0.318750 0.052734 0.120000
4 0.334523 0.329062 0.049570 0.129375
3 0.301300 0.364687 0.067500 0.084375
3 0.490616 0.382500 0.100195 0.165000
3 0.042017 0.440625 0.084034 0.198750
9 0.740440 0.275625 0.011865 0.023437
9 0.727915 0.275625 0.013184 0.028125
