3 0.523457 0.417403 0.033094 0.027032
3 0.519070 0.430389 0.016100 0.038163
3 0.488212 0.445495 0.052772 0.100177
3 0.184850 0.453314 0.162787 0.183661
3 0.102115 0.533865 0.204229 0.438048
3 0.375066 0.514399 0.232553 0.294170
4 0.275337 0.365735 0.156526 0.189732
5 0.626253 0.389046 0.169048 0.241696
1 0.772940 0.447880 0.015205 0.069965
1 0.739399 0.445760 0.010733 0.060424
1 0.731349 0.448940 0.010733 0.060424
3 0.888235 0.544888 0.220750 0.566101
9 0.422471 0.295760 0.007155 0.025442
9 0.330344 0.259187 0.007155 0.031802
9 0.427838 0.296555 0.005367 0.023852
