9 0.782156 0.547993 0.011990 0.019539
9 0.886570 0.553322 0.016986 0.015987
9 0.848102 0.591513 0.013988 0.017763
9 0.895563 0.593289 0.014988 0.014211
9 0.874580 0.607500 0.010991 0.014211
3 0.542853 0.654572 0.036970 0.058618
3 0.491812 0.664342 0.075104 0.081711
3 0.418955 0.676776 0.082932 0.088816
3 0.337522 0.680329 0.093923 0.106579
3 0.222117 0.710453 0.226813 0.166828
3 0.607900 0.660983 0.096720 0.091982
3 0.728700 0.667895 0.130892 0.166974
3 0.895563 0.640362 0.026978 0.030197
3 0.959698 0.700129 0.075060 0.311939
3 0.797393 0.643806 0.021446 0.032927
