3 0.071161 0.481772 0.142322 0.221823
3 0.369940 0.401188 0.030219 0.091849
3 0.961648 0.376059 0.075060 0.100514
4 0.770586 0.344865 0.117952 0.107445
3 0.705761 0.357863 0.027295 0.050257
3 0.691626 0.355263 0.034118 0.055456
3 0.637524 0.355263 0.015597 0.031194
3 0.620465 0.356130 0.020471 0.029461
3 0.602431 0.353530 0.017547 0.024262
3 0.584397 0.350064 0.020471 0.027728
3 0.571725 0.350064 0.014622 0.024262
3 0.898285 0.337067 0.069211 0.071053
3 0.076522 0.392523 0.057514 0.053723
3 0.125263 0.401188 0.051665 0.067587
3 0.322174 0.379525 0.043866 0.083184
3 0.328998 0.347465 0.022421 0.022529
3 0.343620 0.347465 0.012673 0.019063
10 0.367503 0.326669 0.009748 0.019063
10 0.214945 0.202760 0.026320 0.038126
9 0.660920 0.025128 0.015597 0.050257
9 0.663844 0.203627 0.029244 0.050257
9 0.299266 0.157702 0.011698 0.051990
9 0.224693 0.306244 0.008773 0.018320
9 0.210558 0.308473 0.011698 0.020796
9 0.047278 0.292009 0.010723 0.025995
9 0.017547 0.188030 0.007798 0.029461
9 0.647760 0.200161 0.008773 0.032927
10 0.815914 0.275546 0.009748 0.024262
10 0.051177 0.349198 0.004874 0.015597
10 0.666281 0.305007 0.006824 0.031194
10 0.613154 0.317137 0.005849 0.017330
10 0.593658 0.333168 0.006824 0.017330
10 0.630701 0.307173 0.004874 0.020796
3 0.242362 0.456520 0.206659 0.239153
3 0.477778 0.401930 0.190088 0.348331
10 0.217991 0.277155 0.015597 0.025995
