3 0.805469 0.374384 0.358173 0.428495
3 0.151090 0.311627 0.084679 0.078109
3 0.612042 0.296050 0.116092 0.177248
3 0.557410 0.287552 0.031413 0.092266
3 0.543070 0.271769 0.027316 0.080126
3 0.529412 0.264485 0.021853 0.060701
3 0.516437 0.258415 0.015024 0.029137
3 0.508242 0.252345 0.012292 0.031565
3 0.224159 0.302120 0.066923 0.063130
3 0.272645 0.292408 0.032779 0.053417
3 0.382283 0.268058 0.025950 0.029137
3 0.402394 0.260843 0.019121 0.029137
3 0.421515 0.254773 0.013658 0.026709
3 0.436539 0.245061 0.016389 0.012140
3 0.465220 0.249917 0.013658 0.031565
9 0.495950 0.211415 0.006829 0.026709
3 0.938253 0.571021 0.121851 0.289410
