10 0.470832 0.271213 0.037043 0.019063
9 0.258811 0.259949 0.014622 0.041592
9 0.425016 0.258216 0.009748 0.031194
10 0.344595 0.334467 0.014622 0.006932
9 0.321687 0.336200 0.007798 0.020796
10 0.455723 0.362195 0.010723 0.020796
4 0.711187 0.467632 0.199965 0.229983
9 0.617541 0.360462 0.010723 0.020796
3 0.077985 0.409853 0.042892 0.039859
5 0.170168 0.373460 0.072982 0.064121
4 0.094556 0.389057 0.085783 0.057189
3 0.224206 0.388190 0.023395 0.020796
3 0.243702 0.385591 0.019496 0.022529
9 0.372377 0.349198 0.007798 0.015597
9 0.345569 0.364795 0.006824 0.015597
