3 0.665385 0.403727 0.011462 0.022925
3 0.683295 0.406274 0.021492 0.028019
3 0.706936 0.402453 0.022925 0.030566
3 0.732010 0.405000 0.024357 0.035660
3 0.758516 0.406274 0.031521 0.038208
3 0.797201 0.407548 0.045849 0.040755
3 0.586582 0.419010 0.042984 0.043302
3 0.225664 0.444482 0.170501 0.104434
3 0.376822 0.446402 0.065908 0.085309
3 0.453476 0.443717 0.095997 0.152830
1 0.030088 0.442316 0.037252 0.120480
3 0.641171 0.415189 0.038685 0.045849
3 0.934990 0.439887 0.128816 0.149186
9 0.622092 0.263383 0.005956 0.029118
9 0.611967 0.262059 0.005956 0.031765
9 0.628942 0.327177 0.017868 0.026471
9 0.649043 0.324530 0.016379 0.026471
10 0.121351 0.344118 0.016379 0.021176
10 0.179421 0.324265 0.022335 0.039706
10 0.499550 0.322941 0.016379 0.015882
