9 0.343301 0.014062 0.015820 0.028125
9 0.160840 0.191250 0.017930 0.082500
9 0.036914 0.274687 0.016875 0.035625
9 0.760957 0.164062 0.017930 0.069375
9 0.887519 0.225000 0.015820 0.026250
9 0.043770 0.182812 0.015820 0.050625
9 0.901230 0.115312 0.022148 0.065625
10 0.751465 0.044062 0.070664 0.031875
10 0.910195 0.189375 0.029531 0.033750
10 0.678164 0.283125 0.012656 0.052500
3 0.407637 0.402187 0.015820 0.016875
3 0.552656 0.375937 0.014766 0.046875
3 0.326953 0.407812 0.033750 0.031875
3 0.276855 0.391875 0.051680 0.056250
3 0.375996 0.382500 0.053789 0.071250
3 0.650670 0.378809 0.050769 0.059881
3 0.595216 0.365339 0.066135 0.075572
3 0.492012 0.375000 0.114961 0.165000
3 0.135000 0.477187 0.270000 0.301875
3 0.871699 0.498039 0.254180 0.411078
