10 0.221281 0.394429 0.017547 0.027728
10 0.457185 0.497369 0.011698 0.013864
10 0.479605 0.458376 0.011698 0.008665
10 0.487404 0.476573 0.005849 0.020796
10 0.599507 0.447978 0.015597 0.008665
10 0.601456 0.466175 0.011698 0.020796
10 0.654096 0.448845 0.023395 0.013864
10 0.653609 0.470507 0.022421 0.022529
10 0.714534 0.442779 0.037043 0.043325
10 0.784233 0.522497 0.008773 0.032927
10 0.884053 0.357863 0.053614 0.029461
10 0.908911 0.405520 0.038992 0.010398
10 0.731008 0.480905 0.020471 0.008665
9 0.016084 0.486104 0.022421 0.039859
9 0.223497 0.442725 0.013647 0.048524
9 0.896664 0.455316 0.014746 0.066774
9 0.030219 0.379525 0.025345 0.090116
9 0.908911 0.532895 0.033143 0.032927
1 0.062388 0.638607 0.025345 0.164634
1 0.200323 0.637741 0.024370 0.110911
1 0.398331 0.640836 0.040942 0.136906
1 0.085905 0.643311 0.014622 0.143838
1 0.071283 0.636379 0.014622 0.147304
3 0.527371 0.483505 0.007798 0.013864
3 0.528833 0.503434 0.010723 0.022529
3 0.537607 0.493036 0.006824 0.015597
3 0.546867 0.508633 0.009748 0.015597
3 0.552716 0.515565 0.009748 0.019063
3 0.568313 0.512966 0.017547 0.013864
3 0.571715 0.529940 0.022400 0.024973
3 0.582935 0.539471 0.027295 0.030174
3 0.552716 0.598749 0.054589 0.084917
3 0.583422 0.589217 0.043866 0.055456
3 0.679197 0.655071 0.239803 0.213158
3 0.876596 0.681066 0.172541 0.136906
3 0.912779 0.721190 0.170334 0.186632
1 0.331069 0.544036 0.011698 0.060655
1 0.358851 0.553567 0.008773 0.058922
3 0.425796 0.547625 0.037043 0.045058
3 0.631643 0.524384 0.027288 0.027721
3 0.607084 0.551412 0.045219 0.031879
