9 0.352183 0.398437 0.005273 0.023437
9 0.305381 0.396093 0.003955 0.018750
9 0.389756 0.408984 0.003955 0.021094
9 0.374595 0.421875 0.005273 0.018750
3 0.356138 0.455859 0.031641 0.035156
3 0.331089 0.448828 0.015820 0.016406
3 0.315269 0.447656 0.013184 0.028125
3 0.291538 0.446484 0.026367 0.035156
3 0.273081 0.445312 0.013184 0.023437
3 0.211778 0.447656 0.046143 0.032812
3 0.033140 0.462747 0.065918 0.086432
1 0.021275 0.425390 0.015820 0.049219
1 0.054893 0.429140 0.017139 0.033281
1 0.070713 0.448828 0.009229 0.058594
1 0.099058 0.445781 0.013184 0.056250
1 0.114219 0.442968 0.009229 0.051562
1 0.126085 0.441797 0.009229 0.049219
1 0.134654 0.446484 0.010547 0.044531
1 0.162339 0.441797 0.007910 0.035156
1 0.325816 0.426562 0.010547 0.018750
3 0.379869 0.447656 0.010547 0.014062
3 0.395689 0.450000 0.015820 0.028125
3 0.464243 0.453750 0.026367 0.035625
1 0.516978 0.471562 0.015820 0.051562
1 0.488633 0.462187 0.009229 0.051562
1 0.482700 0.459843 0.010547 0.046875
