9 0.372392 0.443383 0.007445 0.029118
9 0.422272 0.443383 0.008934 0.023824
10 0.433737 0.430147 0.022335 0.018529
10 0.467239 0.427500 0.011912 0.013235
3 0.369414 0.484412 0.019357 0.021176
3 0.312833 0.487059 0.013401 0.021176
3 0.286776 0.498971 0.014890 0.023824
3 0.265930 0.496324 0.032757 0.034412
3 0.243447 0.497647 0.031268 0.042353
3 0.161553 0.506912 0.058070 0.060882
3 0.103484 0.521471 0.067004 0.074118
3 0.439396 0.476471 0.013401 0.021176
3 0.445351 0.479118 0.019357 0.031765
3 0.459497 0.481765 0.026801 0.026471
3 0.478853 0.487059 0.029779 0.031765
3 0.494487 0.491030 0.037224 0.039706
3 0.515333 0.488383 0.049136 0.055588
3 0.541390 0.500294 0.056581 0.068824
3 0.576381 0.508236 0.055092 0.084706
3 0.627750 0.508462 0.080404 0.138101
3 0.217390 0.501618 0.041691 0.050294
3 0.742252 0.513530 0.201011 0.227647
3 0.036480 0.530664 0.072960 0.110733
