3 0.088520 0.727890 0.177040 0.414490
3 0.194112 0.627616 0.167991 0.204228
3 0.285619 0.593487 0.080581 0.145684
3 0.323178 0.578919 0.046437 0.111691
3 0.351860 0.569207 0.038242 0.072842
3 0.373030 0.570421 0.023218 0.070414
3 0.691871 0.671793 0.146663 0.151910
3 0.592238 0.616554 0.073752 0.109263
3 0.558776 0.604413 0.020487 0.065558
3 0.545118 0.605627 0.020487 0.053417
3 0.531460 0.601985 0.023218 0.050989
3 0.519168 0.594701 0.023218 0.046133
3 0.505511 0.592273 0.017755 0.050989
3 0.491853 0.588631 0.025950 0.033993
5 0.460135 0.570387 0.024324 0.041209
3 0.445416 0.564350 0.006829 0.029137
3 0.436539 0.565564 0.010926 0.016996
9 0.406491 0.481276 0.008195 0.026709
9 0.486390 0.483704 0.009560 0.026709
10 0.641406 0.483704 0.019121 0.021853
3 0.395772 0.568421 0.015597 0.034660
3 0.407957 0.561489 0.012673 0.027728
10 0.645810 0.541560 0.016572 0.036393
10 0.477168 0.533761 0.006824 0.020796
3 0.469764 0.578378 0.023311 0.032432
