3 0.291385 0.508543 0.035473 0.060392
3 0.259553 0.517390 0.064677 0.082338
3 0.176672 0.522399 0.125035 0.129976
3 0.342616 0.486851 0.034680 0.021260
3 0.374306 0.484193 0.028701 0.029764
10 0.490903 0.434232 0.017938 0.023386
3 0.445562 0.485671 0.029897 0.031890
3 0.470270 0.487387 0.024324 0.030631
3 0.554392 0.488593 0.036486 0.053445
3 0.587799 0.488431 0.064943 0.060976
3 0.655348 0.489837 0.053493 0.105011
3 0.704745 0.500828 0.110780 0.158704
3 0.823329 0.509078 0.181721 0.271935
3 0.499956 0.484769 0.037926 0.043075
3 0.064865 0.544552 0.129730 0.168553
3 0.906081 0.581998 0.186486 0.490058
10 0.374904 0.454961 0.010763 0.017008
3 0.619764 0.493694 0.035473 0.072072
