10 0.064418 0.502042 0.023389 0.048511
10 0.118993 0.500656 0.014034 0.029107
10 0.571243 0.474321 0.011695 0.026335
3 0.558324 0.627875 0.122404 0.152464
3 0.389141 0.569661 0.064711 0.121971
3 0.117824 0.609163 0.088100 0.092864
3 0.173081 0.597844 0.049897 0.069302
3 0.214792 0.572202 0.053796 0.087320
3 0.251825 0.579825 0.026508 0.047125
3 0.269368 0.581904 0.010135 0.037423
3 0.284181 0.573588 0.021050 0.029107
3 0.300943 0.572202 0.012474 0.031879
3 0.314197 0.568044 0.012474 0.029107
3 0.329010 0.565272 0.015593 0.023563
3 0.341875 0.562500 0.008576 0.018018
3 0.349281 0.560421 0.006237 0.022177
3 0.356688 0.561807 0.007017 0.019405
3 0.428025 0.559035 0.018711 0.030493
3 0.445567 0.556263 0.010135 0.019405
3 0.450245 0.558342 0.008576 0.026335
3 0.455313 0.561114 0.012474 0.029107
3 0.467527 0.561807 0.015593 0.033265
3 0.485069 0.565272 0.033525 0.048511
1 0.923620 0.617479 0.049897 0.170482
1 0.964551 0.618172 0.050677 0.149692
