3 0.435685 0.412770 0.046437 0.043705
3 0.401540 0.433409 0.054631 0.094694
3 0.344177 0.438265 0.101068 0.148112
3 0.269742 0.467401 0.173455 0.189389
3 0.632221 0.430738 0.061460 0.111691
3 0.707339 0.436808 0.146139 0.191817
3 0.858736 0.469708 0.277254 0.334829
3 0.954341 0.557240 0.086044 0.259802
3 0.125994 0.511107 0.251304 0.347213
3 0.507730 0.427338 0.110628 0.172392
10 0.310033 0.324146 0.030047 0.046133
10 0.671146 0.312006 0.030047 0.050989
10 0.719631 0.273157 0.023218 0.021853
10 0.578956 0.361781 0.012292 0.024281
10 0.355650 0.352069 0.016389 0.024281
