3 0.012484 0.491633 0.024968 0.067347
3 0.039174 0.492398 0.014636 0.047449
3 0.064142 0.493929 0.023246 0.038265
3 0.091263 0.490868 0.048214 0.044388
3 0.125788 0.485817 0.026001 0.042245
3 0.166167 0.483214 0.039605 0.035204
3 0.378568 0.464541 0.017047 0.032143
3 0.370475 0.461633 0.009471 0.018367
3 0.334745 0.473112 0.015497 0.029082
3 0.281968 0.466225 0.014636 0.024490
3 0.263887 0.470051 0.012915 0.022959
3 0.247615 0.473112 0.024796 0.026020
3 0.193460 0.477704 0.019802 0.029082
3 0.221872 0.476174 0.023246 0.032143
3 0.213693 0.476174 0.012054 0.029082
3 0.462513 0.455510 0.012054 0.027551
3 0.470692 0.460868 0.012915 0.038265
3 0.633674 0.447092 0.013776 0.029082
3 0.620329 0.446327 0.019802 0.030612
3 0.609136 0.445561 0.012915 0.026020
3 0.692650 0.447092 0.016358 0.032143
3 0.699968 0.447857 0.015497 0.033673
3 0.724076 0.440970 0.013776 0.044388
3 0.760753 0.445561 0.036161 0.044388
3 0.795967 0.456123 0.024968 0.036735
3 0.354806 0.472500 0.030134 0.038265
3 0.421445 0.485510 0.085236 0.140816
3 0.491183 0.464082 0.047353 0.067347
3 0.568154 0.490868 0.093846 0.114796
3 0.676636 0.448776 0.024968 0.033673
3 0.301081 0.469439 0.012915 0.022959
3 0.311413 0.468674 0.012915 0.018367
10 0.232634 0.408674 0.015497 0.042857
10 0.441936 0.390306 0.026690 0.030612
10 0.514257 0.413265 0.012915 0.015306
10 0.480938 0.408674 0.008610 0.018367
