10 0.169584 0.335721 0.019009 0.030237
10 0.440718 0.455781 0.013006 0.021344
10 0.360678 0.446887 0.011005 0.014229
3 0.423209 0.516522 0.026013 0.053360
3 0.387316 0.521369 0.065783 0.114279
3 0.506450 0.534842 0.154076 0.275692
3 0.192272 0.554673 0.271030 0.310474
3 0.852639 0.575023 0.293370 0.276980
1 0.590792 0.509140 0.013006 0.078261
1 0.614804 0.507362 0.015007 0.081818
1 0.697845 0.504694 0.021010 0.112055
1 0.634814 0.502026 0.019009 0.085376
1 0.670331 0.499358 0.022011 0.080040
1 0.719355 0.495801 0.026013 0.104941
1 0.758375 0.460227 0.016008 0.030237
1 0.770381 0.443330 0.016008 0.028459
1 0.789890 0.442441 0.011005 0.012451
1 0.822907 0.425544 0.031015 0.035573
1 0.904113 0.422134 0.034017 0.053360
1 0.058828 0.624196 0.089101 0.329986
