3 0.090049 0.455313 0.169183 0.095637
3 0.282621 0.451155 0.074066 0.048511
3 0.350061 0.446997 0.029627 0.034651
3 0.394111 0.444225 0.028847 0.023563
3 0.377738 0.442146 0.011695 0.027721
3 0.417500 0.442146 0.011695 0.022177
3 0.287689 0.415118 0.051457 0.037423
4 0.399958 0.424127 0.023389 0.022177
3 0.429974 0.444918 0.008576 0.013860
3 0.436991 0.443532 0.013254 0.016632
3 0.447127 0.438681 0.013254 0.015246
3 0.645936 0.456699 0.047558 0.056827
3 0.607734 0.455313 0.028847 0.051283
3 0.721172 0.460164 0.074846 0.091478
3 0.541464 0.452541 0.021050 0.040195
3 0.526651 0.450462 0.013254 0.030493
3 0.491566 0.489964 0.083422 0.123357
3 0.697783 0.501745 0.124743 0.127515
10 0.552769 0.314630 0.082642 0.052669
10 0.442839 0.310472 0.040542 0.063758
10 0.441564 0.346732 0.034873 0.014306
10 0.409314 0.282058 0.031186 0.026335
10 0.405026 0.325719 0.036643 0.060986
10 0.334858 0.349974 0.035084 0.018018
10 0.334858 0.311165 0.055355 0.062372
10 0.428025 0.375616 0.029627 0.019405
10 0.786662 0.351360 0.054575 0.106725
10 0.771849 0.273742 0.024949 0.018018
10 0.612412 0.344430 0.010135 0.006930
3 0.570263 0.452657 0.048740 0.076252
