10 0.604636 0.346411 0.016964 0.012156
10 0.575926 0.344642 0.016902 0.012226
3 0.550766 0.382991 0.025345 0.031194
3 0.532245 0.376926 0.015597 0.025995
3 0.455235 0.370860 0.017547 0.024262
3 0.432327 0.366528 0.018521 0.022529
3 0.411369 0.367394 0.025345 0.024262
3 0.389923 0.365661 0.019496 0.020796
3 0.345569 0.359596 0.030219 0.032927
3 0.271971 0.355263 0.070186 0.051990
3 0.215433 0.353530 0.052640 0.051990
3 0.584397 0.403787 0.061413 0.100514
3 0.511774 0.374326 0.017547 0.027728
3 0.489841 0.375193 0.022421 0.029461
