9 0.394797 0.558890 0.009748 0.015597
9 0.472294 0.610880 0.010723 0.015597
3 0.457185 0.636874 0.013647 0.022529
3 0.439638 0.668068 0.033143 0.053723
3 0.499589 0.645539 0.012673 0.022529
3 0.510312 0.648139 0.012673 0.027728
3 0.414293 0.662869 0.025345 0.064121
3 0.396259 0.669801 0.014622 0.081451
3 0.375347 0.672324 0.041033 0.086496
3 0.333384 0.697725 0.054589 0.106104
3 0.109178 0.725257 0.089682 0.109178
3 0.033143 0.716592 0.066287 0.157702
3 0.024858 0.835302 0.047766 0.201027
3 0.619490 0.665469 0.030219 0.065854
3 0.636062 0.663736 0.010723 0.034660
3 0.647272 0.646406 0.019496 0.038126
3 0.480800 0.654706 0.032704 0.058191
3 0.694551 0.678466 0.106254 0.126508
4 0.553923 0.602215 0.077520 0.168100
3 0.218357 0.727857 0.193012 0.211425
3 0.354830 0.623877 0.019496 0.020796
3 0.316325 0.621278 0.028269 0.025995
3 0.286594 0.611746 0.029244 0.017330
1 0.762300 0.651605 0.015597 0.090116
1 0.779359 0.646406 0.020471 0.083184
1 0.596582 0.668068 0.025345 0.095315
