9 0.522498 0.127122 0.022157 0.093103
9 0.547677 0.140550 0.026185 0.087732
9 0.522498 0.196950 0.020143 0.057294
9 0.947507 0.326757 0.048342 0.069828
9 0.884561 0.350033 0.017121 0.051923
9 0.538109 0.448508 0.009064 0.041180
9 0.555734 0.532659 0.010071 0.019695
9 0.544655 0.532659 0.008057 0.019695
9 0.328123 0.585478 0.006043 0.017905
9 0.391572 0.580106 0.004029 0.014324
3 0.401643 0.610544 0.012086 0.010743
3 0.371933 0.608753 0.009064 0.017905
3 0.351125 0.629722 0.024495 0.034775
3 0.290859 0.625763 0.006043 0.016114
3 0.283809 0.625763 0.006043 0.019695
3 0.269124 0.629530 0.012294 0.018054
3 0.209781 0.647587 0.061443 0.065570
3 0.028703 0.860202 0.057406 0.266777
3 0.390190 0.630892 0.036346 0.051439
3 0.414736 0.609649 0.010071 0.019695
3 0.421899 0.617114 0.007830 0.023883
3 0.431353 0.619496 0.011078 0.028647
3 0.444446 0.622182 0.015107 0.034019
3 0.448498 0.632098 0.015060 0.039527
3 0.473040 0.624041 0.038488 0.055641
3 0.610119 0.611439 0.136970 0.087732
3 0.920314 0.585478 0.128912 0.071618
3 0.911876 0.838859 0.176248 0.322281
1 0.879526 0.559516 0.015107 0.044761
1 0.758670 0.606068 0.031221 0.127122
3 0.279013 0.628105 0.006414 0.015204
