1 0.036286 0.502043 0.019984 0.039266
1 0.047855 0.491759 0.015776 0.037396
1 0.009992 0.557202 0.019984 0.142105
1 0.099392 0.524481 0.013673 0.080402
1 0.108332 0.523546 0.016828 0.074792
1 0.112013 0.488955 0.009466 0.028047
1 0.168809 0.544114 0.019984 0.112188
1 0.186689 0.545049 0.017880 0.087881
1 0.157765 0.538504 0.014725 0.112188
1 0.231914 0.547853 0.026294 0.145845
1 0.208776 0.560942 0.032605 0.183241
1 0.139885 0.558137 0.048381 0.207549
1 0.080986 0.588989 0.065210 0.302909
1 0.253476 0.558137 0.033657 0.185111
1 0.273459 0.551593 0.027346 0.172022
1 0.290813 0.513262 0.015776 0.072922
1 0.304486 0.564682 0.026294 0.183241
1 0.320263 0.524481 0.015776 0.095360
1 0.341824 0.505783 0.010518 0.043006
1 0.384947 0.538504 0.027346 0.119668
1 0.444897 0.567486 0.037864 0.181371
1 0.533771 0.561877 0.030501 0.166413
1 0.539030 0.490824 0.011569 0.020568
1 0.578472 0.493629 0.008414 0.022438
1 0.596877 0.488020 0.017880 0.018698
1 0.663665 0.510457 0.012621 0.048615
1 0.651569 0.491759 0.005259 0.018698
1 0.671553 0.506718 0.009466 0.037396
1 0.676286 0.502043 0.010518 0.035526
1 0.699951 0.490824 0.009466 0.020568
1 0.756746 0.501108 0.007362 0.026177
1 0.762005 0.509522 0.011569 0.050485
1 0.771471 0.507653 0.009466 0.043006
1 0.784618 0.509522 0.018932 0.046745
1 0.796187 0.508587 0.012621 0.048615
1 0.815645 0.504848 0.013673 0.052355
1 0.837732 0.507653 0.013673 0.046745
1 0.827740 0.502978 0.008414 0.056094
1 0.930708 0.488955 0.009466 0.024307
1 0.910725 0.572161 0.083090 0.198200
1 0.990133 0.498678 0.008414 0.046745
1 0.959106 0.483719 0.007362 0.016828
8 0.547636 0.598046 0.087297 0.127147
3 0.414922 0.536011 0.110435 0.069806
3 0.711345 0.515755 0.086245 0.043006
3 0.370222 0.535388 0.065210 0.074792
9 0.079934 0.264204 0.018932 0.069183
9 0.192473 0.180997 0.023139 0.078532
9 0.315004 0.379197 0.026294 0.052355
9 0.290813 0.382936 0.024191 0.048615
9 0.306590 0.141731 0.024191 0.108449
9 0.953952 0.462403 0.010518 0.020568
9 0.788825 0.025055 0.029449 0.050111
9 0.991816 0.108075 0.014725 0.078532
9 0.788444 0.370596 0.009466 0.037396
10 0.136204 0.416967 0.007362 0.014958
10 0.755694 0.389231 0.026294 0.016828
10 0.730452 0.421018 0.011569 0.013089
10 0.730978 0.410734 0.012621 0.011219
10 0.948869 0.428186 0.013673 0.014958
9 0.725910 0.460615 0.016828 0.024307
