3 0.064480 0.578988 0.022177 0.023112
3 0.111129 0.600184 0.091003 0.067976
3 0.088952 0.605375 0.086414 0.054381
3 0.171160 0.584982 0.090238 0.062538
4 0.250692 0.590049 0.076473 0.057100
1 0.200220 0.595611 0.024471 0.073414
3 0.728203 0.598731 0.040531 0.130514
9 0.189452 0.471616 0.009177 0.033988
9 0.169187 0.511178 0.008412 0.016314
9 0.786140 0.470619 0.022942 0.028550
10 0.784229 0.389048 0.028295 0.006798
10 0.277851 0.478097 0.015295 0.008157
10 0.773013 0.403097 0.008412 0.006798
9 0.840181 0.531571 0.021412 0.035347
9 0.759757 0.475831 0.010706 0.017674
1 0.816347 0.538369 0.013000 0.057100
1 0.802200 0.539048 0.010706 0.042145
1 0.785758 0.541088 0.008412 0.040786
9 0.279126 0.526813 0.009177 0.014955
3 0.949439 0.626601 0.099415 0.270544
3 0.910465 0.561922 0.016389 0.038849
5 0.503026 0.386893 0.431216 0.773785
