9 0.367073 0.123339 0.010091 0.047093
9 0.536734 0.159219 0.011353 0.042608
9 0.380896 0.123090 0.012509 0.052075
9 0.547949 0.156977 0.008555 0.038123
9 0.639590 0.270010 0.012714 0.018367
9 0.316616 0.272467 0.021444 0.026910
9 0.140648 0.232101 0.037843 0.035880
10 0.163985 0.182766 0.040365 0.031395
10 0.636633 0.218312 0.014369 0.009638
1 0.557547 0.334136 0.012614 0.060548
10 0.626598 0.242953 0.019528 0.009692
10 0.789649 0.119975 0.022706 0.035880
10 0.152632 0.274709 0.017660 0.022425
1 0.430144 0.337500 0.013876 0.040365
1 0.197412 0.337500 0.018921 0.071761
1 0.042888 0.327408 0.025228 0.105399
9 0.728470 0.225374 0.029013 0.035880
3 0.031535 0.407018 0.063071 0.179402
3 0.954264 0.333015 0.088299 0.076246
3 0.127403 0.380108 0.166507 0.161462
3 0.324815 0.326287 0.049195 0.044850
3 0.342475 0.330772 0.044150 0.049336
3 0.436451 0.330772 0.032797 0.044850
3 0.516551 0.341985 0.049195 0.094186
3 0.545564 0.330772 0.018921 0.035880
3 0.556917 0.335257 0.021444 0.040365
3 0.485016 0.373380 0.084515 0.130066
3 0.394824 0.340864 0.045411 0.056063
3 0.575724 0.344227 0.041400 0.049336
3 0.786397 0.392864 0.261114 0.282558
10 0.324185 0.230980 0.023967 0.015698
