5 0.471994 0.471750 0.062437 0.085500
8 0.803250 0.502500 0.128250 0.195000
8 0.778781 0.507750 0.123187 0.166500
4 0.756422 0.434250 0.216844 0.187500
3 0.419091 0.502500 0.027844 0.063000
3 0.397575 0.503250 0.035437 0.067500
3 0.374794 0.509250 0.037125 0.070500
3 0.346106 0.513750 0.052312 0.082500
3 0.306450 0.529500 0.079312 0.102000
3 0.601594 0.471300 0.011812 0.021000
3 0.591891 0.476550 0.014344 0.025500
3 0.579656 0.476550 0.010125 0.025500
3 0.571219 0.473550 0.006750 0.016500
7 0.982125 0.648000 0.033750 0.195000
3 0.217687 0.550500 0.131625 0.144000
3 0.072984 0.579750 0.145969 0.238500
7 0.511987 0.493500 0.015188 0.042000
2 0.510300 0.475500 0.018562 0.042000
4 0.555862 0.468000 0.016875 0.033000
1 0.625472 0.483000 0.026156 0.117000
9 0.413681 0.443249 0.010273 0.022477
