10 0.259299 0.441046 0.015597 0.012131
10 0.555640 0.463575 0.015597 0.008665
10 0.545405 0.479172 0.016572 0.008665
9 0.311451 0.340533 0.008773 0.036393
9 0.437689 0.402921 0.005849 0.022529
9 0.086270 0.340533 0.004874 0.032927
9 0.095044 0.345732 0.006824 0.032927
9 0.300728 0.339666 0.008773 0.034660
9 0.559540 0.502568 0.007798 0.013864
9 0.105279 0.425449 0.011698 0.029461
9 0.092607 0.425449 0.009748 0.029461
9 0.248089 0.476573 0.006824 0.020796
9 0.257349 0.476573 0.005849 0.017330
9 0.715996 0.427182 0.008773 0.039859
9 0.740854 0.423716 0.019496 0.032927
1 0.940202 0.552824 0.036068 0.194095
1 0.639474 0.577086 0.019496 0.100514
1 0.625827 0.576220 0.013647 0.102247
1 0.589271 0.564089 0.018521 0.071053
1 0.697475 0.567555 0.012673 0.064121
1 0.771560 0.518165 0.012673 0.017330
3 0.043866 0.545892 0.052640 0.072786
3 0.106254 0.550225 0.048740 0.043325
3 0.195126 0.549358 0.045169 0.038126
3 0.393822 0.562356 0.035093 0.053723
3 0.431840 0.564955 0.025345 0.027728
3 0.497128 0.576309 0.025338 0.036571
3 0.482432 0.571171 0.020270 0.028829
3 0.451823 0.564089 0.010723 0.022529
3 0.414293 0.560623 0.009748 0.019063
3 0.803242 0.649872 0.259299 0.259949
1 0.519426 0.574775 0.011149 0.054054
3 0.469764 0.569369 0.019257 0.036036
