10 0.031690 0.418606 0.010763 0.036142
10 0.869873 0.439016 0.014350 0.014882
10 0.830410 0.447520 0.011959 0.040394
10 0.784369 0.448583 0.013155 0.034016
3 0.532639 0.484725 0.009567 0.012756
3 0.504058 0.486851 0.010763 0.012756
3 0.493295 0.485788 0.010763 0.010630
3 0.483728 0.488977 0.015546 0.021260
4 0.453831 0.491102 0.032288 0.029764
4 0.456223 0.473032 0.044247 0.031890
4 0.517810 0.481536 0.019134 0.019134
3 0.440677 0.500669 0.037072 0.027638
3 0.416759 0.498543 0.027505 0.031890
3 0.392842 0.504921 0.053814 0.044646
3 0.363543 0.510236 0.050226 0.059528
3 0.307936 0.509173 0.077731 0.078661
3 0.542923 0.491102 0.011959 0.012756
3 0.553088 0.490040 0.008371 0.019134
3 0.562057 0.494291 0.019134 0.019134
3 0.573418 0.500669 0.015546 0.023386
3 0.586573 0.501732 0.015546 0.029764
3 0.607500 0.505984 0.026309 0.038268
3 0.612882 0.518740 0.013155 0.029764
3 0.650551 0.527244 0.081319 0.076535
3 0.516359 0.561706 0.109509 0.149712
10 0.687623 0.467717 0.009567 0.021260
10 0.566123 0.473032 0.011959 0.014882
3 0.857795 0.573378 0.178184 0.210473
4 0.189545 0.523417 0.242761 0.148819
