10 0.683839 0.282984 0.018932 0.028047
10 0.521601 0.411491 0.011569 0.024307
10 0.485315 0.411491 0.008414 0.013089
9 0.421758 0.400762 0.008414 0.014958
9 0.442268 0.399827 0.009466 0.016828
3 0.370222 0.451091 0.033657 0.043940
3 0.287475 0.482187 0.057482 0.069859
3 0.519932 0.456757 0.026351 0.052252
3 0.546791 0.466667 0.035473 0.082883
3 0.580236 0.474775 0.051689 0.120721
3 0.060811 0.456860 0.121622 0.109703
3 0.032605 0.563747 0.065210 0.143975
3 0.199596 0.484661 0.127836 0.144192
3 0.644207 0.484280 0.131471 0.158934
3 0.877399 0.618066 0.243860 0.367472
10 0.084667 0.251177 0.019984 0.026177
10 0.085719 0.278290 0.017880 0.028047
3 0.504730 0.451351 0.016216 0.045045
3 0.313176 0.469369 0.032432 0.081081
3 0.340541 0.463964 0.036486 0.063063
