3 0.361230 0.593437 0.022148 0.058125
3 0.335918 0.604687 0.055898 0.080625
3 0.405527 0.607500 0.074883 0.121875
4 0.425039 0.557812 0.061172 0.129375
1 0.087644 0.602109 0.016664 0.045469
1 0.077520 0.616406 0.030586 0.095625
1 0.119707 0.607969 0.013711 0.105000
1 0.146074 0.579844 0.005273 0.041250
1 0.137109 0.615469 0.023203 0.131250
1 0.199336 0.611719 0.012656 0.075000
1 0.159785 0.608906 0.020039 0.103125
1 0.186152 0.607031 0.013711 0.080625
1 0.263144 0.608906 0.020039 0.106875
1 0.302168 0.609844 0.007383 0.063750
1 0.526816 0.594844 0.011602 0.060000
1 0.572168 0.588203 0.007383 0.037656
1 0.599590 0.602344 0.011602 0.088125
1 0.676582 0.602344 0.011602 0.080625
1 0.663398 0.597656 0.016875 0.108750
1 0.627011 0.608906 0.009492 0.120000
1 0.614355 0.609844 0.020039 0.125625
1 0.559512 0.596719 0.020039 0.080625
1 0.651269 0.613594 0.017930 0.127500
1 0.635449 0.613594 0.015820 0.131250
10 0.073828 0.063080 0.065391 0.125089
9 0.133178 0.020439 0.033750 0.037500
9 0.102832 0.006830 0.015820 0.013125
9 0.043242 0.463750 0.029531 0.048750
9 0.020039 0.460312 0.014766 0.045000
10 0.023203 0.373125 0.012656 0.030000
10 0.001582 0.342187 0.003164 0.024375
10 0.513281 0.527187 0.006328 0.016875
1 0.480586 0.593750 0.006328 0.037500
10 0.800332 0.356250 0.034805 0.018750
10 0.762890 0.347812 0.018984 0.016875
10 0.778183 0.378750 0.036914 0.026250
10 0.972246 0.514375 0.024258 0.056250
10 0.973300 0.565937 0.024258 0.046875
10 0.968805 0.107679 0.059062 0.086250
10 0.964059 0.044330 0.068555 0.054375
9 0.576387 0.199219 0.013711 0.078750
9 0.752232 0.476745 0.032695 0.041250
9 0.587988 0.208594 0.008437 0.069375
10 0.785478 0.436406 0.007383 0.026250
