10 0.499577 0.387167 0.014959 0.031286
10 0.434903 0.456779 0.012319 0.026593
8 0.887668 0.557677 0.080953 0.136095
8 0.591573 0.573320 0.043116 0.107937
8 0.484223 0.549073 0.023758 0.046929
1 0.627298 0.538123 0.034317 0.181460
1 0.674374 0.496669 0.028158 0.067265
1 0.446562 0.519977 0.009679 0.037543
1 0.439082 0.523106 0.010559 0.043801
1 0.429403 0.511373 0.008799 0.020336
1 0.355930 0.528581 0.006159 0.035979
3 0.339903 0.518197 0.024720 0.059553
3 0.365169 0.531866 0.021118 0.071958
3 0.400366 0.551680 0.079193 0.128273
3 0.091191 0.690755 0.182382 0.447393
