3 0.229622 0.561922 0.203502 0.223381
3 0.437221 0.560708 0.132481 0.216097
3 0.612042 0.548568 0.151602 0.211241
3 0.783448 0.553424 0.193941 0.182104
3 0.910833 0.537642 0.178288 0.174820
3 0.980488 0.457516 0.038978 0.058273
3 0.032267 0.538137 0.062826 0.064120
3 0.102604 0.538856 0.058729 0.041277
3 0.095093 0.507291 0.032779 0.016996
3 0.125140 0.509719 0.032779 0.021853
3 0.335471 0.546140 0.068289 0.133543
3 0.450196 0.515789 0.125652 0.126259
3 0.528729 0.502435 0.036876 0.055845
3 0.862663 0.452660 0.081947 0.019424
3 0.729499 0.457516 0.069655 0.033993
3 0.683745 0.440519 0.032779 0.029137
3 0.542387 0.527929 0.031413 0.106835
