3 0.360986 0.521134 0.018557 0.035052
3 0.384182 0.510825 0.013918 0.018557
3 0.342429 0.522165 0.027835 0.041237
3 0.322713 0.524227 0.020876 0.037113
3 0.302996 0.518041 0.023196 0.041237
3 0.286759 0.512887 0.025515 0.063918
3 0.247326 0.522165 0.083505 0.103093
3 0.215577 0.476502 0.091334 0.157305
3 0.162951 0.521134 0.030155 0.059794
3 0.150193 0.510825 0.013918 0.043299
10 0.127577 0.485052 0.012758 0.016495
3 0.086985 0.513918 0.041753 0.065979
3 0.050451 0.523505 0.100902 0.113402
10 0.314652 0.471340 0.015077 0.024742
10 0.337268 0.470309 0.023196 0.022680
10 0.401057 0.472371 0.025515 0.035052
3 0.470623 0.529072 0.020833 0.024742
