10 0.939369 0.224325 0.031156 0.097119
9 0.539015 0.228513 0.009360 0.037716
9 0.237532 0.195234 0.013727 0.044371
9 0.225677 0.195234 0.009984 0.048809
9 0.529031 0.229067 0.008112 0.038825
3 0.403242 0.381039 0.012479 0.015530
3 0.394507 0.383813 0.007488 0.016639
3 0.388579 0.383813 0.008112 0.016639
3 0.381403 0.387695 0.013727 0.022186
3 0.367052 0.390468 0.014975 0.029951
3 0.353637 0.392687 0.016847 0.029951
3 0.308087 0.396015 0.025583 0.052136
3 0.188284 0.414873 0.061773 0.078759
3 0.531157 0.384922 0.008736 0.027732
3 0.541140 0.387695 0.014975 0.035497
3 0.545820 0.398233 0.009360 0.036606
3 0.564851 0.397124 0.032447 0.052136
3 0.577643 0.405444 0.024335 0.044371
3 0.166133 0.397679 0.064893 0.059901
3 0.696198 0.390468 0.041806 0.034388
3 0.713357 0.384922 0.048670 0.038825
3 0.733012 0.386031 0.087980 0.032169
3 0.756099 0.393796 0.081740 0.036606
3 0.833784 0.383813 0.022463 0.023295
3 0.879957 0.383258 0.079869 0.035497
3 0.861550 0.430402 0.069261 0.061011
3 0.248965 0.423007 0.104827 0.113147
3 0.334969 0.399712 0.035566 0.042153
3 0.457996 0.442974 0.101084 0.161956
5 0.511034 0.374199 0.032447 0.068776
3 0.598577 0.408882 0.043054 0.068776
3 0.090975 0.438278 0.108571 0.083196
3 0.906820 0.477658 0.184072 0.295070
9 0.849102 0.302946 0.024959 0.041044
10 0.652798 0.306796 0.017471 0.013311
9 0.657300 0.348474 0.008112 0.022186
10 0.650659 0.336668 0.008736 0.032169
