10 0.504663 0.313507 0.009597 0.029858
10 0.505262 0.333768 0.013196 0.010663
10 0.310920 0.323104 0.015595 0.010664
10 0.318118 0.343365 0.015595 0.017062
9 0.369417 0.297974 0.005583 0.026055
3 0.487868 0.422275 0.016795 0.068246
3 0.361407 0.419850 0.022998 0.067662
3 0.330714 0.430805 0.062381 0.089573
1 0.283928 0.419099 0.016795 0.053364
1 0.262335 0.427606 0.014396 0.049052
3 0.232415 0.418009 0.074234 0.034123
3 0.429085 0.425474 0.103169 0.206872
3 0.506462 0.441469 0.034790 0.072512
3 0.554448 0.448185 0.080376 0.103005
3 0.652246 0.463606 0.139212 0.277916
4 0.832456 0.377488 0.334082 0.746445
3 0.076074 0.525711 0.151786 0.496919
3 0.170909 0.416484 0.022412 0.025781
