9 0.117778 0.139336 0.020394 0.072512
9 0.314690 0.111118 0.015937 0.067260
9 0.115378 0.207583 0.020394 0.029858
9 0.540052 0.145734 0.008398 0.017062
9 0.205951 0.016351 0.019194 0.032701
10 0.147769 0.063626 0.063581 0.027725
10 0.119577 0.022038 0.023993 0.038389
10 0.177160 0.015640 0.033590 0.029858
10 0.855558 0.044431 0.013196 0.014929
10 0.350592 0.155367 0.017827 0.040450
10 0.441681 0.169194 0.017995 0.012796
10 0.687008 0.131872 0.009597 0.014929
10 0.135172 0.169194 0.021594 0.072512
3 0.463275 0.210782 0.029991 0.036256
3 0.505862 0.222512 0.062381 0.051185
3 0.411090 0.265166 0.040788 0.076777
3 0.407491 0.222512 0.038389 0.025592
3 0.366104 0.260900 0.058783 0.076777
3 0.188663 0.216088 0.072581 0.021092
8 0.010603 0.360071 0.021206 0.061848
2 0.012403 0.322749 0.024805 0.076777
3 0.549049 0.211848 0.028791 0.046919
8 0.615630 0.216114 0.020394 0.025592
3 0.478870 0.380331 0.202740 0.307109
3 0.166363 0.412322 0.328702 0.371090
3 0.628226 0.209715 0.019194 0.034123
3 0.640822 0.212915 0.022793 0.036256
3 0.653418 0.211848 0.023993 0.038389
3 0.667814 0.209715 0.016795 0.046919
3 0.696728 0.205009 0.053040 0.063100
3 0.727796 0.220379 0.062381 0.063981
1 0.742792 0.175592 0.015595 0.025592
1 0.755388 0.165995 0.009597 0.040521
1 0.763725 0.183209 0.013958 0.027295
1 0.893347 0.190521 0.021594 0.089573
9 0.976931 0.083954 0.020239 0.034739
10 0.559592 0.160256 0.023030 0.018610
13 0.765819 0.211125 0.018145 0.048387
