9 0.388906 0.250849 0.019606 0.073961
9 0.794018 0.054470 0.022953 0.092664
9 0.761978 0.049794 0.027735 0.083312
9 0.802625 0.234697 0.015302 0.043356
9 0.272120 0.436602 0.011955 0.020403
9 0.805733 0.369442 0.011955 0.023804
9 0.368530 0.250424 0.015302 0.059509
10 0.283065 0.362310 0.027257 0.014452
10 0.824144 0.325755 0.030605 0.017853
10 0.613339 0.425833 0.008129 0.018703
1 0.403969 0.480666 0.014346 0.033155
1 0.386117 0.479391 0.009245 0.028904
1 0.349853 0.507871 0.011955 0.073961
1 0.393104 0.514105 0.013868 0.085863
1 0.735917 0.464797 0.011955 0.084162
1 0.727973 0.469379 0.009564 0.086713
1 0.827730 0.540167 0.048298 0.264784
1 0.984818 0.488034 0.028692 0.216782
3 0.501627 0.488397 0.016737 0.036555
3 0.489194 0.491373 0.016737 0.049307
3 0.470066 0.492648 0.033952 0.060359
3 0.625241 0.478196 0.019128 0.055258
3 0.455482 0.510926 0.054514 0.081612
3 0.653455 0.483722 0.054514 0.071411
3 0.561686 0.503929 0.078862 0.107940
