3 0.452038 0.497268 0.011959 0.019134
3 0.440677 0.497268 0.010763 0.019134
3 0.392244 0.488764 0.019134 0.014882
3 0.393440 0.505772 0.019134 0.023386
3 0.392842 0.514276 0.013155 0.023386
3 0.371914 0.517465 0.038268 0.046772
3 0.342018 0.505772 0.035876 0.048898
3 0.317503 0.510024 0.017938 0.031890
3 0.301956 0.511087 0.022721 0.029764
3 0.423935 0.512150 0.034680 0.053150
3 0.474161 0.517465 0.032288 0.051024
3 0.523192 0.519591 0.037072 0.051024
3 0.566243 0.518528 0.063381 0.087165
3 0.576408 0.531284 0.043051 0.074409
3 0.628428 0.529158 0.099257 0.112677
3 0.690613 0.511087 0.041855 0.055276
3 0.743231 0.509609 0.060989 0.043815
3 0.780781 0.513213 0.039464 0.038268
3 0.908739 0.529636 0.139916 0.109382
3 0.277321 0.505772 0.025113 0.031890
3 0.231281 0.498930 0.081319 0.054078
3 0.167900 0.503646 0.052618 0.040394
3 0.130349 0.499394 0.016742 0.023386
3 0.115401 0.501520 0.022721 0.031890
3 0.009567 0.510024 0.019134 0.023386
10 0.179380 0.439866 0.011959 0.010630
10 0.239173 0.407976 0.031093 0.014882
10 0.501666 0.476008 0.010763 0.019134
9 0.254720 0.445925 0.009567 0.014882
9 0.297771 0.402343 0.007175 0.025512
9 0.291791 0.401280 0.007175 0.027638
9 0.458017 0.424665 0.007175 0.027638
9 0.465192 0.422539 0.007175 0.023386
10 0.526181 0.473032 0.011959 0.019134
10 0.524029 0.408614 0.026787 0.042520
4 0.974796 0.459638 0.047835 0.157323
