3 0.441209 0.433404 0.018365 0.032648
3 0.383820 0.416264 0.011019 0.016324
3 0.377392 0.430139 0.014692 0.024486
3 0.360864 0.426874 0.025710 0.044075
3 0.352141 0.437485 0.019283 0.035913
3 0.342040 0.444015 0.019283 0.039178
3 0.335153 0.446463 0.018365 0.044075
3 0.325053 0.447279 0.029383 0.045707
3 0.459573 0.443198 0.032138 0.053869
3 0.488957 0.452993 0.052339 0.079988
3 0.556447 0.466868 0.117533 0.179565
3 0.307147 0.452993 0.025710 0.055502
3 0.280060 0.458706 0.057848 0.070193
3 0.407759 0.454233 0.063358 0.097563
3 0.159501 0.490333 0.128307 0.160731
4 0.795675 0.545071 0.404063 0.548489
10 0.480999 0.338724 0.011937 0.024486
10 0.544050 0.307709 0.013773 0.024486
