10 0.138910 0.391656 0.008773 0.013864
10 0.485454 0.304140 0.023395 0.036393
10 0.803323 0.307606 0.011860 0.032927
10 0.792031 0.308473 0.010723 0.031194
3 0.532732 0.410801 0.110153 0.163065
3 0.674567 0.365661 0.015597 0.024262
3 0.724770 0.359596 0.016572 0.022529
3 0.697475 0.357863 0.008773 0.015597
4 0.096993 0.415052 0.020471 0.019063
3 0.205684 0.403787 0.015597 0.017330
3 0.063363 0.418518 0.017547 0.015597
3 0.011698 0.428915 0.011698 0.015597
3 0.005849 0.442779 0.007798 0.022529
3 0.687240 0.357863 0.009748 0.015597
3 0.578061 0.367394 0.017547 0.034660
