10 0.525832 0.454670 0.020059 0.028019
10 0.808090 0.371887 0.022925 0.081510
10 0.760808 0.385897 0.028656 0.033113
10 0.758659 0.416463 0.012895 0.028019
3 0.207705 0.540319 0.078902 0.064166
10 0.097429 0.362972 0.017193 0.015283
10 0.102444 0.429198 0.012895 0.020377
10 0.104593 0.455944 0.011462 0.017830
10 0.934175 0.449576 0.030088 0.050943
10 0.760092 0.480142 0.014328 0.035660
3 0.613232 0.509434 0.028656 0.038208
3 0.877580 0.508161 0.064475 0.061132
3 0.818120 0.515802 0.042984 0.045849
3 0.573830 0.515802 0.053013 0.096793
3 0.674331 0.548916 0.099273 0.127359
3 0.611799 0.506887 0.025790 0.038208
3 0.923101 0.660991 0.151217 0.412642
3 0.107206 0.543971 0.077427 0.066177
