9 0.381699 0.392061 0.008398 0.040521
9 0.523257 0.410189 0.008398 0.034123
9 0.290526 0.511493 0.013196 0.019194
9 0.625827 0.493365 0.011996 0.021327
9 0.458476 0.508293 0.005998 0.017062
9 0.489067 0.512559 0.007198 0.025592
9 0.390696 0.387796 0.009597 0.036256
9 0.206551 0.489099 0.020394 0.025592
10 0.221547 0.453910 0.026392 0.023460
10 0.208351 0.427251 0.023993 0.017062
10 0.693607 0.421919 0.025193 0.014929
3 0.461475 0.560545 0.019194 0.027725
3 0.417688 0.559478 0.017995 0.025592
3 0.396695 0.560545 0.021594 0.031991
3 0.373104 0.562975 0.030386 0.035660
3 0.149568 0.574407 0.088774 0.055450
3 0.552372 0.586137 0.136206 0.236730
3 0.660616 0.574407 0.069579 0.085308
3 0.754788 0.581872 0.125963 0.151422
3 0.978464 0.693838 0.043072 0.260189
3 0.890890 0.610663 0.218220 0.221801
1 0.244419 0.581442 0.013254 0.081776
