4 0.080679 0.489818 0.159063 0.212868
3 0.383129 0.525113 0.016059 0.024471
3 0.357893 0.522054 0.009177 0.018353
3 0.342981 0.521035 0.022942 0.016314
3 0.321759 0.525915 0.026383 0.022869
3 0.274729 0.528172 0.019501 0.034668
3 0.294229 0.527153 0.035560 0.032628
3 0.209344 0.539686 0.033266 0.040190
3 0.240316 0.533388 0.053913 0.044629
3 0.432454 0.527153 0.018353 0.028550
3 0.405497 0.512878 0.026383 0.024471
3 0.453675 0.536329 0.030971 0.046903
3 0.367915 0.530211 0.025236 0.040785
3 0.408637 0.552855 0.047031 0.069758
3 0.915953 0.826926 0.167475 0.234517
