3 0.954581 0.592250 0.089682 0.294609
3 0.071161 0.566255 0.142322 0.145571
3 0.010723 0.660703 0.021446 0.188896
3 0.145734 0.505600 0.055564 0.057189
3 0.391873 0.483071 0.023395 0.032927
3 0.519573 0.461409 0.015597 0.010398
3 0.485454 0.496069 0.011698 0.034660
3 0.495690 0.491736 0.014622 0.043325
3 0.512262 0.497802 0.034118 0.062388
3 0.467908 0.497802 0.021446 0.065854
3 0.431352 0.528996 0.084808 0.121309
3 0.585860 0.515132 0.144272 0.207959
3 0.679685 0.477006 0.019496 0.024262
3 0.254425 0.618245 0.313888 0.355263
3 0.808766 0.594416 0.343132 0.318870
10 0.247114 0.356130 0.028269 0.039859
10 0.662382 0.374326 0.016572 0.024262
10 0.667743 0.395122 0.009748 0.010398
9 0.457185 0.402921 0.007798 0.025995
9 0.451044 0.401188 0.006434 0.022529
