1 0.660082 0.571974 0.013988 0.063947
1 0.641597 0.580855 0.012989 0.049737
1 0.587142 0.574638 0.005995 0.040855
1 0.594636 0.580855 0.010991 0.028421
1 0.603129 0.573750 0.007993 0.046184
1 0.594136 0.554211 0.007993 0.021316
1 0.694054 0.556875 0.013988 0.040855
1 0.713038 0.593289 0.011990 0.035526
1 0.682563 0.550658 0.006994 0.031974
1 0.674570 0.547105 0.008993 0.035526
1 0.636101 0.547993 0.005995 0.019539
1 0.631605 0.569309 0.006994 0.051513
5 0.483279 0.538224 0.111908 0.245132
3 0.555720 0.573750 0.034971 0.039079
4 0.229561 0.396396 0.459122 0.792793
3 0.834990 0.705197 0.327730 0.355263
10 0.611297 0.482270 0.017985 0.030197
1 0.550725 0.576195 0.009361 0.037442
