10 0.869453 0.176157 0.042060 0.065257
10 0.869857 0.223740 0.035220 0.029909
10 0.666460 0.292296 0.010706 0.019033
10 0.669902 0.265785 0.009941 0.009517
10 0.682137 0.287538 0.008412 0.028550
9 0.615606 0.274622 0.006883 0.019033
9 0.544347 0.275260 0.006118 0.021752
10 0.507640 0.294293 0.006118 0.021752
3 0.359832 0.393580 0.059340 0.077492
1 0.402119 0.352795 0.006883 0.028550
1 0.394090 0.356873 0.009177 0.039426
3 0.300793 0.401737 0.085650 0.104683
3 0.199849 0.432326 0.162122 0.168580
3 0.061109 0.481860 0.122217 0.234239
3 0.412629 0.382446 0.040137 0.076070
3 0.510125 0.349745 0.008610 0.032143
3 0.498932 0.351276 0.017219 0.032143
3 0.539344 0.329847 0.014636 0.016837
3 0.571630 0.331378 0.008610 0.019898
3 0.557424 0.337500 0.021524 0.035204
3 0.634739 0.328316 0.019458 0.035204
3 0.614679 0.306888 0.015497 0.013776
9 0.486448 0.314031 0.010332 0.010714
3 0.660827 0.344388 0.037883 0.058163
3 0.677185 0.349745 0.030995 0.056633
3 0.705597 0.354337 0.060268 0.096429
3 0.753381 0.361225 0.076626 0.131633
3 0.846780 0.372704 0.197991 0.203572
3 0.945306 0.428317 0.107448 0.295408
3 0.458036 0.384949 0.092124 0.127041
3 0.534232 0.355102 0.037883 0.048980
3 0.600800 0.360818 0.065434 0.100207
