10 0.491934 0.443348 0.048803 0.046851
4 0.536833 0.521433 0.039042 0.067673
3 0.431418 0.518830 0.007808 0.020823
3 0.372367 0.524903 0.018545 0.032969
3 0.298674 0.524036 0.035138 0.055527
3 0.570995 0.524036 0.048803 0.083290
3 0.591004 0.534520 0.030258 0.077698
4 0.711920 0.421658 0.239365 0.419923
3 0.868205 0.611664 0.262560 0.359190
3 0.474853 0.526639 0.084917 0.130141
3 0.405553 0.522300 0.049779 0.079820
3 0.339181 0.519698 0.051731 0.078085
4 0.207087 0.514575 0.147505 0.148112
3 0.062331 0.504505 0.025338 0.018018
3 0.089189 0.510811 0.036486 0.016216
