3 0.412218 0.498641 0.015107 0.034019
3 0.437396 0.495060 0.035250 0.051923
3 0.462071 0.476260 0.020143 0.028647
3 0.588969 0.440451 0.022157 0.021485
3 0.614147 0.453879 0.032228 0.037599
3 0.667021 0.457460 0.061435 0.076989
3 0.718889 0.459251 0.082585 0.098475
3 0.796941 0.456565 0.113806 0.125332
3 0.904704 0.460146 0.188333 0.189788
3 0.543145 0.590849 0.226604 0.311539
4 0.328626 0.541938 0.168191 0.260268
4 0.229424 0.543402 0.062442 0.112798
3 0.167989 0.589954 0.092656 0.102056
4 0.064859 0.618601 0.129718 0.191578
2 0.558252 0.426127 0.011078 0.028647
