9 0.404917 0.411797 0.010547 0.025781
9 0.612559 0.262969 0.009229 0.046875
9 0.418760 0.414140 0.009229 0.025781
9 0.599375 0.267656 0.014502 0.042187
9 0.619810 0.261797 0.010547 0.044531
1 0.466880 0.476250 0.013184 0.032812
1 0.445127 0.470390 0.022412 0.025781
1 0.427329 0.461015 0.013184 0.021094
3 0.553892 0.497343 0.036914 0.056250
3 0.542686 0.520781 0.046143 0.075000
3 0.356138 0.509062 0.274219 0.196875
3 0.684409 0.593437 0.253125 0.412500
1 0.926328 0.605156 0.114697 0.562500
1 0.829432 0.636562 0.102826 0.549375
3 0.143882 0.520781 0.276855 0.201562
10 0.007342 0.207890 0.014683 0.091406
10 0.023821 0.088359 0.047642 0.082031
3 0.922804 0.513514 0.153041 0.234234
3 0.838176 0.384685 0.263514 0.160360
