10 0.454356 0.425996 0.020497 0.029499
10 0.463628 0.438142 0.009761 0.019087
10 0.416778 0.436407 0.009761 0.012147
3 0.416778 0.471979 0.021473 0.038175
3 0.406529 0.485861 0.014641 0.048586
3 0.387984 0.484126 0.040018 0.076350
3 0.313803 0.471979 0.028306 0.065938
3 0.346989 0.495405 0.069300 0.102378
3 0.238159 0.445951 0.068324 0.024293
3 0.140553 0.459833 0.039042 0.017352
3 0.183499 0.466774 0.027330 0.031234
3 0.060516 0.471979 0.031234 0.034704
3 0.126400 0.527506 0.098582 0.131877
3 0.453246 0.510330 0.082697 0.125287
3 0.236206 0.541828 0.173739 0.184813
3 0.057100 0.554402 0.114199 0.216902
9 0.092238 0.362660 0.008785 0.031234
9 0.080525 0.360058 0.008785 0.026028
