10 0.607509 0.412598 0.027104 0.054399
9 0.275698 0.421077 0.016381 0.029122
9 0.412596 0.429397 0.009361 0.016641
9 0.341807 0.456439 0.010531 0.016641
9 0.327766 0.454359 0.010531 0.020801
9 0.355263 0.454359 0.009361 0.016641
9 0.366378 0.454359 0.005850 0.016641
9 0.378079 0.453319 0.010531 0.018721
3 0.372018 0.482027 0.021639 0.030271
3 0.419985 0.487562 0.048599 0.073154
3 0.491576 0.529243 0.033932 0.062404
3 0.525834 0.526977 0.053920 0.097749
3 0.582060 0.539590 0.102518 0.125497
3 0.694433 0.548651 0.175809 0.152556
3 0.892354 0.647067 0.215293 0.247535
3 0.300361 0.493343 0.037247 0.051082
3 0.328690 0.488834 0.021739 0.035056
