3 0.108078 0.606987 0.215182 0.423933
3 0.092902 0.449557 0.114815 0.080705
3 0.445855 0.406208 0.115008 0.184343
3 0.606448 0.423046 0.116854 0.171290
3 0.669855 0.406874 0.020826 0.058756
3 0.529385 0.404264 0.021231 0.035095
3 0.546539 0.402388 0.015644 0.031784
3 0.524356 0.413203 0.018624 0.037082
3 0.510947 0.418832 0.024583 0.036419
9 0.308447 0.205034 0.012474 0.048511
9 0.320532 0.358884 0.013254 0.029107
9 0.650161 0.147812 0.014035 0.061582
9 0.777571 0.308987 0.015593 0.026335
9 0.299091 0.209886 0.006237 0.038809
9 0.631220 0.150682 0.014034 0.055441
1 0.285058 0.438780 0.023389 0.083162
1 0.269465 0.435314 0.015593 0.079004
10 0.761031 0.335025 0.019491 0.033265
10 0.700637 0.176828 0.010858 0.055063
10 0.624737 0.313216 0.010802 0.039730
10 0.612843 0.327962 0.007128 0.027455
