3 0.077630 0.361809 0.127826 0.144799
3 0.399595 0.353358 0.033270 0.049289
3 0.421483 0.338312 0.020429 0.018159
3 0.525135 0.373160 0.046403 0.060184
10 0.141105 0.086017 0.047570 0.030092
10 0.144106 0.156996 0.032813 0.056869
10 0.117952 0.010398 0.048740 0.020796
10 0.642297 0.207880 0.023193 0.048366
10 0.893413 0.225393 0.031660 0.048315
10 0.888569 0.265948 0.036132 0.026127
9 0.670047 0.273113 0.012939 0.029127
9 0.650242 0.271789 0.013556 0.031775
9 0.646298 0.011264 0.027295 0.022529
9 0.487891 0.279012 0.006824 0.017330
9 0.450713 0.266014 0.007096 0.019063
9 0.418193 0.266014 0.009748 0.015597
9 0.410394 0.282478 0.007798 0.013864
3 0.459303 0.377310 0.048403 0.080937
3 0.543943 0.393389 0.070186 0.093582
1 0.819663 0.387857 0.018996 0.093366
