10 0.529321 0.593550 0.037043 0.029461
10 0.035580 0.702728 0.020471 0.005199
9 0.521522 0.719192 0.005849 0.031194
9 0.448412 0.610013 0.011698 0.048524
9 0.161818 0.637741 0.007798 0.034660
9 0.153045 0.639474 0.009748 0.034660
9 0.437124 0.610254 0.013290 0.052389
9 0.458160 0.621278 0.007798 0.029461
9 0.604381 0.736521 0.011698 0.038126
9 0.760350 0.761650 0.019496 0.032927
1 0.889512 0.910445 0.067262 0.175516
1 0.928504 0.830175 0.024370 0.058778
1 0.785695 0.878627 0.031194 0.142105
1 0.758888 0.837035 0.016572 0.045058
1 0.787645 0.876894 0.035093 0.097048
1 0.469857 0.842234 0.009748 0.055456
1 0.445487 0.847433 0.009748 0.058922
1 0.415268 0.838768 0.007798 0.034660
1 0.402596 0.821438 0.007798 0.017330
1 0.429403 0.842234 0.008773 0.055456
1 0.435739 0.844833 0.009748 0.057189
1 0.454260 0.845700 0.011698 0.058922
1 0.490816 0.824904 0.008773 0.020796
1 0.483505 0.830970 0.007798 0.032927
1 0.476681 0.832703 0.007798 0.036393
1 0.016084 0.812773 0.010723 0.058922
1 0.033143 0.820572 0.011698 0.064121
1 0.049228 0.819705 0.012673 0.065854
1 0.060438 0.818839 0.009748 0.067587
1 0.088220 0.825771 0.018521 0.060655
1 0.075060 0.819705 0.013647 0.065854
3 0.225668 0.876027 0.338258 0.244352
3 0.598532 0.903755 0.255400 0.188896
3 0.680416 0.837901 0.076035 0.039859
8 0.905769 0.947595 0.052984 0.099810
3 0.371889 0.845700 0.022421 0.072786
3 0.398209 0.850032 0.038018 0.067587
4 0.151583 0.785045 0.075060 0.107445
3 0.108691 0.830103 0.012673 0.041592
3 0.500564 0.854365 0.049715 0.072786
3 0.723450 0.873425 0.088290 0.072274
