3 0.295946 0.599763 0.032016 0.046245
3 0.328462 0.592648 0.023011 0.060474
3 0.205401 0.615771 0.063031 0.071146
3 0.136367 0.625554 0.065032 0.080040
3 0.254926 0.617550 0.068034 0.067589
3 0.053827 0.642364 0.106052 0.159906
4 0.450523 0.564190 0.013006 0.028459
4 0.434515 0.572194 0.017008 0.026680
3 0.481038 0.565969 0.010005 0.014229
3 0.468531 0.576640 0.019009 0.028459
4 0.507051 0.535731 0.052026 0.049802
3 0.379988 0.597095 0.094046 0.129842
3 0.508551 0.599763 0.059029 0.096047
3 0.592593 0.603320 0.057028 0.078261
3 0.735163 0.576640 0.068034 0.078261
3 0.761251 0.571071 0.075887 0.081351
3 0.921156 0.543735 0.076235 0.055138
3 0.811169 0.550256 0.074744 0.051107
