9 0.678282 0.389010 0.010926 0.050989
9 0.894076 0.518911 0.013658 0.048561
9 0.192063 0.429073 0.010926 0.043705
9 0.504145 0.444855 0.012292 0.050989
9 0.580629 0.459424 0.009560 0.041277
9 0.200941 0.431501 0.006829 0.048561
9 0.524632 0.447283 0.009560 0.050989
9 0.515754 0.449711 0.005463 0.055845
3 0.788911 0.609269 0.049168 0.055845
3 0.316350 0.543712 0.049168 0.041277
3 0.756132 0.606841 0.027316 0.036421
3 0.731548 0.600771 0.027316 0.033993
3 0.711744 0.600771 0.023218 0.033993
3 0.700135 0.589845 0.019121 0.036421
3 0.681014 0.588631 0.019121 0.038849
3 0.669405 0.589845 0.012292 0.026709
3 0.661893 0.589845 0.013658 0.016996
3 0.650284 0.588631 0.012292 0.019424
3 0.642772 0.586203 0.013658 0.019424
3 0.634577 0.586203 0.013658 0.019424
3 0.625017 0.578919 0.010926 0.014568
3 0.358006 0.544926 0.036876 0.029137
3 0.388736 0.555852 0.019121 0.031565
3 0.413320 0.554638 0.027316 0.029137
3 0.457708 0.557066 0.023218 0.019424
3 0.474780 0.558280 0.016389 0.021853
3 0.487755 0.561922 0.017755 0.024281
3 0.561288 0.568843 0.016986 0.018697
3 0.533509 0.569207 0.008195 0.019424
10 0.235085 0.390744 0.025950 0.012140
10 0.233720 0.421095 0.017755 0.043705
10 0.871541 0.536428 0.012292 0.036421
4 0.599750 0.569207 0.020487 0.033993
3 0.561281 0.549782 0.017301 0.009712
3 0.502387 0.563980 0.019984 0.026645
