1 0.098606 0.456654 0.048426 0.119778
1 0.626519 0.436067 0.021757 0.078604
1 0.699018 0.426710 0.021055 0.117283
1 0.653750 0.432324 0.011931 0.086091
1 0.816784 0.425462 0.016844 0.047412
1 0.757269 0.432948 0.011510 0.039926
1 0.805204 0.430453 0.010527 0.039926
1 0.827311 0.416104 0.018247 0.056146
1 0.875036 0.441058 0.040706 0.150970
1 0.985643 0.470379 0.028073 0.189649
1 0.584269 0.427957 0.011931 0.072366
1 0.498998 0.440434 0.008422 0.052403
1 0.496190 0.441058 0.007018 0.043669
1 0.488119 0.430453 0.009124 0.064880
1 0.491979 0.439187 0.009826 0.057394
1 0.472679 0.431700 0.010527 0.057394
1 0.469872 0.436691 0.011931 0.054898
1 0.433026 0.427957 0.007018 0.034935
1 0.438290 0.427957 0.006316 0.034935
1 0.415480 0.437315 0.002807 0.028697
1 0.411971 0.436067 0.009826 0.031192
1 0.461450 0.437939 0.011931 0.052403
1 0.510437 0.441058 0.011931 0.033688
1 0.763422 0.433897 0.013428 0.036183
1 0.007018 0.451663 0.011229 0.054898
1 0.071937 0.437939 0.007720 0.022458
1 0.062813 0.436067 0.007720 0.018715
1 0.032986 0.449792 0.016844 0.066128
1 0.018949 0.454159 0.018247 0.062384
1 0.851805 0.449168 0.032986 0.194640
1 0.793203 0.429829 0.023862 0.106054
1 0.740215 0.428581 0.027371 0.118530
1 0.775657 0.431700 0.016844 0.039926
1 0.715300 0.445425 0.037899 0.159704
1 0.643714 0.434820 0.021055 0.118530
1 0.684771 0.436067 0.027371 0.103558
1 0.545318 0.440434 0.019651 0.084843
1 0.481803 0.440434 0.018949 0.097320
1 0.420534 0.434820 0.009826 0.041174
1 0.443343 0.431077 0.009124 0.041174
1 0.429306 0.436691 0.010527 0.039926
1 0.513525 0.432324 0.017546 0.053651
9 0.352667 0.361830 0.006316 0.012477
9 0.255113 0.371811 0.004913 0.012477
9 0.279326 0.401132 0.005615 0.011229
9 0.619829 0.335005 0.011931 0.026201
9 0.335472 0.161576 0.009826 0.048660
9 0.607196 0.336876 0.018949 0.032440
10 0.061761 0.375554 0.011229 0.029945
10 0.456186 0.344362 0.008422 0.014972
10 0.457239 0.366821 0.011931 0.027449
10 0.402848 0.388031 0.007018 0.022458
10 0.368458 0.367444 0.009826 0.016220
10 0.375827 0.372435 0.014738 0.016220
10 0.443553 0.180915 0.064568 0.027449
10 0.527773 0.215226 0.030880 0.041174
10 0.594446 0.199630 0.028073 0.017468
10 0.894242 0.269501 0.017546 0.042421
3 0.100010 0.450416 0.051233 0.034935
3 0.057550 0.456654 0.037899 0.049908
3 0.193002 0.441058 0.023862 0.031192
3 0.129487 0.432948 0.023160 0.037431
3 0.212653 0.443553 0.015440 0.023706
3 0.225988 0.440434 0.018247 0.024954
3 0.241568 0.439935 0.017125 0.024954
3 0.363335 0.440434 0.025125 0.032440
3 0.324805 0.429829 0.028073 0.046165
3 0.340596 0.428581 0.010527 0.033688
3 0.164578 0.434820 0.040004 0.066128
3 0.287678 0.432948 0.024564 0.032440
3 0.316453 0.438563 0.027371 0.036183
3 0.387688 0.443553 0.036495 0.038678
3 0.910899 0.415620 0.176158 0.170464
2 0.954482 0.485102 0.029477 0.042421
10 0.218969 0.376303 0.016844 0.012477
10 0.262763 0.405000 0.012633 0.009982
3 0.262412 0.434944 0.016142 0.027449
10 0.622026 0.272359 0.042187 0.029687
10 0.585112 0.276265 0.012305 0.021875
