10 0.448423 0.661262 0.053458 0.071182
10 0.474865 0.794655 0.024464 0.015287
10 0.591424 0.821183 0.018972 0.024852
10 0.574449 0.752396 0.007988 0.015089
1 0.412311 0.898816 0.014479 0.053254
1 0.421547 0.900592 0.009985 0.060355
9 0.532488 0.796534 0.004493 0.017751
9 0.537980 0.797866 0.004493 0.020414
9 0.365985 0.836031 0.011982 0.020414
9 0.378965 0.839138 0.007988 0.012426
9 0.566937 0.775232 0.006490 0.021302
9 0.574426 0.774789 0.006490 0.022189
9 0.591650 0.772570 0.007988 0.031953
10 0.373946 0.785680 0.009985 0.007101
10 0.369453 0.795887 0.013979 0.007988
3 0.249630 0.836095 0.021967 0.031065
4 0.303684 0.824493 0.092363 0.116272
3 0.327898 0.829818 0.021967 0.034615
3 0.349482 0.848964 0.027959 0.026627
3 0.381934 0.861834 0.034948 0.025740
3 0.420627 0.865828 0.038443 0.023077
3 0.458571 0.848964 0.014479 0.015976
3 0.636457 0.854024 0.041938 0.072781
3 0.543949 0.915680 0.250129 0.168639
3 0.764850 0.889497 0.225622 0.219231
3 0.929341 0.977246 0.138137 0.045509
4 0.897271 0.879916 0.165246 0.174917
