3 0.930475 0.646470 0.135408 0.262689
3 0.442076 0.409654 0.024684 0.035395
3 0.782810 0.504238 0.284640 0.239603
3 0.641496 0.454172 0.138800 0.182384
3 0.493905 0.407654 0.036731 0.067278
3 0.236402 0.398762 0.055841 0.082212
3 0.462464 0.408576 0.012070 0.019669
3 0.459447 0.400530 0.014081 0.025033
1 0.488993 0.414703 0.014837 0.068560
1 0.469505 0.422881 0.016093 0.062583
1 0.233646 0.392483 0.025145 0.116225
1 0.267843 0.395166 0.025145 0.118013
1 0.366914 0.396954 0.014081 0.042914
1 0.383509 0.396954 0.007041 0.046490
9 0.556388 0.180596 0.010828 0.053642
9 0.406760 0.191680 0.009286 0.043625
9 0.322659 0.311126 0.016093 0.025033
9 0.629587 0.355869 0.014777 0.021375
9 0.254265 0.283411 0.020116 0.033974
9 0.232137 0.279834 0.016093 0.033974
10 0.233646 0.220349 0.031180 0.020627
9 0.394317 0.193858 0.012267 0.040828
10 0.296508 0.251225 0.022127 0.012517
10 0.294007 0.262167 0.027112 0.011140
9 0.710937 0.327219 0.016010 0.028609
10 0.302040 0.315596 0.007041 0.023245
10 0.532367 0.352252 0.007041 0.021457
