3 0.759375 0.776180 0.480262 0.443532
3 0.507549 0.736678 0.182437 0.242556
3 0.306011 0.673614 0.033525 0.055441
3 0.226097 0.667377 0.026508 0.040195
3 0.185556 0.681930 0.046779 0.055441
3 0.350840 0.682399 0.071727 0.104400
4 0.263130 0.646306 0.039762 0.087879
1 0.091998 0.679158 0.010915 0.041581
1 0.127862 0.679851 0.007796 0.026335
9 0.197640 0.614014 0.008576 0.022177
9 0.288859 0.609163 0.007017 0.015246
9 0.147743 0.648665 0.008576 0.013860
10 0.180878 0.614792 0.018711 0.008946
10 0.389184 0.428913 0.029908 0.024850
10 0.792899 0.248794 0.053016 0.176027
