2 0.547576 0.432092 0.009298 0.018367
2 0.538278 0.434847 0.009298 0.023878
2 0.526913 0.418316 0.019630 0.020204
2 0.515032 0.433928 0.024796 0.051429
2 0.494885 0.436684 0.038227 0.060612
2 0.570823 0.433928 0.008265 0.011020
2 0.582187 0.434847 0.012398 0.020204
2 0.590453 0.436684 0.014464 0.020204
2 0.604917 0.443112 0.028929 0.033061
2 0.624547 0.449541 0.028929 0.049592
2 0.641594 0.458724 0.050625 0.060612
2 0.453042 0.426857 0.021696 0.040408
2 0.477321 0.443571 0.057857 0.060612
2 0.869276 0.516122 0.258235 0.308571
2 0.383131 0.426603 0.040293 0.078630
