9 0.982358 0.243750 0.034277 0.060937
9 0.961265 0.144375 0.076465 0.157500
9 0.520274 0.628125 0.009229 0.023437
9 0.552573 0.603515 0.013184 0.011719
8 0.573667 0.605859 0.013184 0.025781
8 0.543345 0.574218 0.005273 0.023437
8 0.476768 0.569531 0.003955 0.023437
8 0.419419 0.535547 0.005273 0.025781
8 0.472154 0.569531 0.005273 0.023437
2 0.461607 0.649218 0.005273 0.023437
2 0.453037 0.652734 0.011865 0.021094
2 0.443809 0.659765 0.011865 0.021094
3 0.422715 0.651796 0.035596 0.055781
2 0.192002 0.651562 0.143701 0.154687
3 0.476768 0.653906 0.032959 0.070312
2 0.505772 0.672656 0.019775 0.028125
2 0.497202 0.644531 0.007910 0.023437
2 0.656724 0.667031 0.042187 0.035625
2 0.702207 0.651562 0.035596 0.028125
2 0.837998 0.651562 0.038232 0.042187
2 0.870298 0.652734 0.023730 0.039844
2 0.893369 0.649218 0.027686 0.032812
2 0.910508 0.652734 0.022412 0.039844
2 0.944126 0.657421 0.029004 0.025781
2 0.803062 0.652031 0.029004 0.032812
