9 0.076364 0.149158 0.112415 0.048943
9 0.191646 0.118569 0.053913 0.085650
9 0.844260 0.363574 0.020648 0.020393
9 0.845980 0.386006 0.035560 0.020393
9 0.977322 0.022432 0.041295 0.040785
9 0.980190 0.063218 0.037854 0.036707
9 0.939714 0.094389 0.037854 0.057100
9 0.947498 0.149450 0.082591 0.053021
8 0.984205 0.259862 0.029824 0.089728
9 0.252442 0.393434 0.014912 0.018353
9 0.247280 0.418925 0.020648 0.016314
8 0.291443 0.136923 0.021795 0.081571
8 0.551260 0.193003 0.009177 0.063218
8 0.315532 0.141730 0.021795 0.067296
8 0.567319 0.196790 0.018353 0.067296
8 0.235809 0.418634 0.013765 0.024471
8 0.710705 0.384986 0.025236 0.042825
8 0.931767 0.270058 0.027530 0.073414
2 0.019828 0.506905 0.039657 0.097885
2 0.023843 0.622124 0.047686 0.124396
2 0.944630 0.721321 0.108974 0.261027
2 0.957822 0.494670 0.082591 0.130514
8 0.444154 0.440483 0.004588 0.016314
8 0.500935 0.435385 0.005735 0.018353
8 0.437272 0.441503 0.004588 0.018353
2 0.509309 0.491125 0.016059 0.030589
2 0.526515 0.489086 0.025236 0.046903
2 0.527662 0.493165 0.022942 0.042825
2 0.531104 0.494184 0.018353 0.036707
2 0.544295 0.498263 0.028677 0.053021
2 0.495544 0.486027 0.025236 0.044864
2 0.423277 0.492145 0.009177 0.028550
2 0.416968 0.493165 0.017206 0.030589
2 0.407791 0.495204 0.021795 0.034668
2 0.396894 0.500302 0.016059 0.040785
2 0.388291 0.503361 0.014912 0.042825
2 0.369364 0.504381 0.027530 0.048943
2 0.325201 0.505400 0.069973 0.083610
2 0.454822 0.488066 0.063090 0.110121
2 0.579664 0.501322 0.064237 0.071375
