2 0.398724 0.534813 0.013335 0.021211
2 0.375915 0.539804 0.009826 0.021211
2 0.366090 0.542299 0.014037 0.023706
2 0.360475 0.547914 0.018247 0.024954
2 0.349948 0.557895 0.025266 0.034935
2 0.340473 0.574739 0.021757 0.031192
2 0.323980 0.581601 0.028073 0.044917
2 0.319418 0.590335 0.020353 0.044917
2 0.293802 0.589711 0.040706 0.063632
2 0.265729 0.600941 0.049128 0.061137
2 0.218004 0.607179 0.057550 0.078604
2 0.183264 0.615289 0.045619 0.099815
2 0.427692 0.534884 0.004211 0.016220
2 0.433658 0.537380 0.010527 0.021211
2 0.442080 0.546114 0.017546 0.023706
2 0.453309 0.556095 0.024564 0.026201
2 0.468749 0.591654 0.031582 0.059889
2 0.481733 0.596645 0.022458 0.062384
2 0.491909 0.601012 0.018949 0.068623
2 0.519280 0.602883 0.055444 0.089834
2 0.613633 0.600762 0.145980 0.195887
2 0.414666 0.545864 0.017546 0.026201
2 0.387295 0.550231 0.018949 0.022458
2 0.430106 0.605753 0.065270 0.096072
2 0.087465 0.682486 0.174053 0.516543
2 0.840085 0.769824 0.318629 0.454159
9 0.446291 0.517167 0.004913 0.013725
