2 0.022627 0.526272 0.045255 0.128968
2 0.436058 0.457627 0.030422 0.029122
2 0.493392 0.460748 0.042123 0.060324
2 0.557746 0.457627 0.049143 0.062404
2 0.686453 0.466988 0.072544 0.076965
2 0.094983 0.509631 0.099456 0.112327
2 0.178058 0.489869 0.092436 0.097766
2 0.255868 0.473228 0.077225 0.076965
2 0.640821 0.461788 0.046803 0.066564
2 0.605719 0.460748 0.042123 0.047843
2 0.534344 0.447227 0.023401 0.045763
2 0.472331 0.453467 0.023401 0.033282
2 0.405637 0.461788 0.021061 0.024961
8 0.429038 0.372342 0.007020 0.020801
8 0.514453 0.375463 0.004680 0.027042
9 0.389256 0.372342 0.025742 0.012481
9 0.546045 0.380663 0.021061 0.012481
9 0.378725 0.403544 0.009361 0.008321
