2 0.115777 0.478737 0.028847 0.033265
2 0.298604 0.484281 0.020271 0.016632
2 0.287299 0.481509 0.007017 0.013860
2 0.255334 0.473886 0.010135 0.009702
2 0.341485 0.489132 0.018711 0.018018
2 0.502352 0.522074 0.031186 0.033265
2 0.528080 0.556725 0.062372 0.077618
2 0.583825 0.596920 0.127082 0.141376
2 0.631383 0.545636 0.031965 0.041581
2 0.592011 0.520688 0.046779 0.019405
2 0.693365 0.589296 0.101354 0.109497
2 0.634501 0.525539 0.033525 0.037423
2 0.398984 0.466401 0.094337 0.105339
3 0.177759 0.481093 0.082642 0.073460
3 0.237792 0.478321 0.026508 0.042967
3 0.142675 0.469312 0.023389 0.049897
2 0.221419 0.487330 0.004678 0.030493
3 0.467320 0.494261 0.043660 0.058214
3 0.704722 0.541386 0.105252 0.058214
2 0.250656 0.494468 0.021050 0.026335
2 0.308740 0.509715 0.056134 0.034651
0 0.067829 0.474024 0.006237 0.027721
0 0.105252 0.479569 0.009356 0.030493
2 0.394487 0.742223 0.326449 0.505903
2 0.831589 0.724897 0.335248 0.404723
9 0.038592 0.388506 0.008576 0.009702
9 0.038592 0.398901 0.007017 0.005544
9 0.026118 0.414841 0.014813 0.006930
9 0.206606 0.439096 0.014034 0.008316
9 0.312638 0.408604 0.032745 0.016632
9 0.362535 0.406524 0.015593 0.020791
9 0.280283 0.461273 0.005458 0.011088
9 0.569141 0.449492 0.010915 0.020791
9 0.581927 0.451571 0.006237 0.013860
8 0.077965 0.391139 0.006237 0.019405
8 0.084592 0.390724 0.005458 0.018573
8 0.021830 0.445888 0.007796 0.012474
8 0.361756 0.445888 0.006237 0.029107
8 0.530159 0.450115 0.004678 0.016632
8 0.534447 0.450600 0.003898 0.012474
8 0.582005 0.477628 0.005458 0.013860
8 0.645157 0.491489 0.007017 0.011088
8 0.168014 0.433968 0.007017 0.009702
9 0.160997 0.419276 0.017932 0.019405
8 0.583877 0.495647 0.005458 0.013860
8 0.275654 0.396939 0.007749 0.030612
