8 0.471073 0.485900 0.007198 0.027725
8 0.500464 0.484834 0.005998 0.021327
9 0.554448 0.478436 0.010797 0.008531
9 0.552648 0.493365 0.009597 0.021327
2 0.468673 0.523222 0.016795 0.021327
2 0.502263 0.530687 0.016795 0.023460
2 0.454877 0.514692 0.010797 0.021327
2 0.439882 0.531753 0.023993 0.025592
2 0.439882 0.510426 0.011996 0.021327
2 0.417089 0.532820 0.023993 0.031991
2 0.379900 0.546682 0.031191 0.055450
2 0.361305 0.557346 0.025193 0.051185
2 0.327115 0.558412 0.064781 0.083175
2 0.516059 0.530687 0.013196 0.031990
2 0.528656 0.527488 0.021594 0.038389
2 0.547850 0.541350 0.026392 0.036256
2 0.559246 0.550947 0.022793 0.051185
2 0.571243 0.556279 0.029991 0.057583
2 0.627626 0.550947 0.116365 0.162085
2 0.815370 0.640521 0.295112 0.307109
9 0.692407 0.413388 0.013196 0.023460
2 0.125769 0.563744 0.251538 0.260189
