2 0.357850 0.398143 0.016259 0.022103
2 0.371240 0.397292 0.012433 0.027204
2 0.379847 0.400693 0.016259 0.034005
2 0.391802 0.400693 0.019128 0.054408
2 0.569691 0.405794 0.093726 0.061209
2 0.156689 0.446033 0.164181 0.182494
2 0.285802 0.403527 0.027735 0.044207
2 0.325492 0.395025 0.028692 0.027204
2 0.410133 0.405227 0.043038 0.057809
2 0.261095 0.401826 0.017215 0.020403
3 0.820393 0.426423 0.135808 0.146222
8 0.330434 0.231744 0.010520 0.039106
8 0.339041 0.330359 0.008608 0.022103
8 0.264442 0.335460 0.008608 0.022103
8 0.355778 0.372015 0.005738 0.023804
8 0.308436 0.365214 0.006695 0.020403
8 0.648434 0.342261 0.007651 0.025504
9 0.430855 0.337160 0.018171 0.039106
9 0.480109 0.353313 0.030605 0.037406
9 0.596311 0.183287 0.123375 0.108816
9 0.624524 0.328659 0.047820 0.076511
9 0.627393 0.434075 0.022953 0.042506
9 0.949028 0.191789 0.025823 0.037406
9 0.949506 0.225794 0.034430 0.027204
9 0.638870 0.275441 0.011477 0.020403
9 0.640305 0.247387 0.010520 0.015302
8 0.451417 0.331549 0.009564 0.013602
