2 0.078854 0.355828 0.157709 0.171656
2 0.587686 0.348675 0.047272 0.057219
2 0.437822 0.342417 0.047272 0.062583
2 0.514263 0.333477 0.025145 0.030397
2 0.465482 0.341523 0.016093 0.042914
2 0.476545 0.329007 0.014081 0.032185
2 0.563044 0.339735 0.020116 0.053642
2 0.547957 0.337053 0.022127 0.044702
2 0.535887 0.334371 0.018104 0.035762
0 0.179333 0.330795 0.015087 0.092980
0 0.163240 0.335265 0.023133 0.098344
0 0.795382 0.364768 0.020116 0.089404
8 0.234652 0.105497 0.015087 0.057219
8 0.662618 0.038444 0.012070 0.066159
8 0.765209 0.236921 0.016093 0.037550
8 0.242195 0.236026 0.016093 0.039338
9 0.209004 0.092980 0.026151 0.021457
9 0.222582 0.149305 0.031180 0.019669
9 0.649039 0.043808 0.017099 0.073311
9 0.717433 0.070629 0.071411 0.037550
