2 0.299453 0.415065 0.068779 0.074861
2 0.554917 0.423798 0.035091 0.052403
2 0.784531 0.446881 0.157911 0.195887
2 0.600653 0.412569 0.034389 0.054898
2 0.644868 0.420679 0.034389 0.038678
2 0.672590 0.418808 0.025266 0.032440
2 0.703821 0.425670 0.047022 0.081100
2 0.936827 0.450624 0.125627 0.135998
2 0.426483 0.420055 0.016844 0.019963
2 0.409639 0.420055 0.014037 0.024954
2 0.395603 0.422551 0.012633 0.024954
2 0.380514 0.426918 0.014738 0.021211
2 0.364021 0.428789 0.015440 0.022458
2 0.489647 0.411945 0.019651 0.028697
2 0.507193 0.413817 0.014037 0.022458
2 0.575972 0.412569 0.014037 0.027449
2 0.619485 0.411945 0.012633 0.026201
8 0.545793 0.380545 0.005615 0.012477
8 0.587201 0.377426 0.004211 0.011229
8 0.581937 0.390527 0.004913 0.017468
2 0.536670 0.410490 0.015440 0.022458
