2 0.442810 0.508376 0.009564 0.015302
2 0.453808 0.510076 0.012433 0.018703
2 0.463372 0.510926 0.006695 0.013602
2 0.469589 0.516027 0.011477 0.020403
2 0.475327 0.516877 0.013389 0.015302
2 0.480587 0.521978 0.020084 0.028904
2 0.500671 0.521978 0.020084 0.025504
2 0.511670 0.538130 0.036343 0.054408
2 0.433724 0.509226 0.010520 0.017003
2 0.423204 0.512626 0.020084 0.023804
2 0.419378 0.516027 0.008608 0.017003
2 0.407423 0.517727 0.017215 0.030605
2 0.397381 0.521127 0.018171 0.034005
2 0.385426 0.525378 0.030605 0.049307
2 0.364385 0.531329 0.032517 0.057809
2 0.343345 0.536430 0.043994 0.057809
2 0.230969 0.574685 0.067904 0.127519
2 0.118114 0.601889 0.207537 0.185328
2 0.013389 0.679251 0.026779 0.183627
2 0.606831 0.519427 0.043038 0.037406
2 0.849276 0.550032 0.157805 0.095214
2 0.974085 0.552582 0.049732 0.073111
0 0.604440 0.532179 0.017215 0.057809
9 0.157964 0.333816 0.023910 0.023804
9 0.172310 0.370372 0.041125 0.028904
9 0.562996 0.428180 0.015302 0.015302
9 0.557258 0.445466 0.019128 0.017003
9 0.642377 0.416562 0.032517 0.064610
9 0.662461 0.459068 0.007651 0.034005
9 0.712193 0.314547 0.017215 0.037406
9 0.377471 0.493020 0.008608 0.022103
9 0.953697 0.432661 0.013389 0.027204
