2 0.472903 0.355711 0.016389 0.019424
2 0.456513 0.356925 0.013658 0.016996
2 0.504316 0.355711 0.016389 0.019424
2 0.111482 0.446763 0.222964 0.284083
9 0.135554 0.197887 0.057363 0.043705
9 0.134871 0.127473 0.061460 0.087410
9 0.275547 0.145684 0.094239 0.046133
9 0.275547 0.191817 0.094239 0.046133
9 0.418954 0.326574 0.012292 0.024281
9 0.418271 0.338714 0.010926 0.014568
9 0.540509 0.322932 0.015024 0.021853
9 0.541192 0.335072 0.013658 0.021853
9 0.677087 0.292581 0.028681 0.048561
9 0.858053 0.310792 0.016389 0.036421
2 0.824592 0.337500 0.039608 0.031565
2 0.978242 0.339928 0.030047 0.036421
