8 0.503488 0.526310 0.006824 0.025995
8 0.621440 0.548838 0.006824 0.022529
8 0.509825 0.529776 0.005849 0.025995
8 0.628264 0.549705 0.004874 0.024262
2 0.130137 0.611226 0.248576 0.202760
2 0.288543 0.606894 0.105279 0.142105
2 0.396747 0.625090 0.074085 0.084917
2 0.441588 0.642420 0.023395 0.060655
2 0.464983 0.647619 0.021446 0.036393
2 0.779359 0.622491 0.137448 0.173299
2 0.686265 0.617292 0.048740 0.034660
2 0.641911 0.666682 0.026320 0.032927
2 0.631188 0.655417 0.020471 0.027728
2 0.601456 0.658883 0.021446 0.027728
2 0.562952 0.654551 0.024370 0.036393
2 0.522497 0.650218 0.033143 0.038126
2 0.545892 0.651951 0.011698 0.020796
2 0.499589 0.651951 0.016572 0.031194
