8 0.409777 0.191023 0.027547 0.084885
8 0.571845 0.325697 0.017446 0.070193
8 0.523179 0.440782 0.013773 0.032648
8 0.595260 0.462003 0.016528 0.042443
8 0.383608 0.196737 0.017446 0.079988
8 0.555317 0.331410 0.013773 0.071826
2 0.434322 0.532164 0.026629 0.032648
2 0.406775 0.564813 0.032138 0.058767
2 0.361782 0.562364 0.057848 0.089782
2 0.508699 0.551753 0.014692 0.052237
2 0.570220 0.548489 0.113860 0.114268
2 0.952662 0.702424 0.093659 0.232781
2 0.870148 0.685774 0.100087 0.132225
3 0.089131 0.618029 0.178263 0.284039
2 0.664465 0.686427 0.309443 0.328114
0 0.329185 0.563996 0.022037 0.102842
0 0.308066 0.563180 0.016528 0.091415
0 0.338367 0.559915 0.012855 0.094680
8 0.018612 0.361324 0.037224 0.076765
9 0.049136 0.186618 0.062537 0.034412
9 0.277544 0.393089 0.032757 0.023824
9 0.670633 0.479118 0.026801 0.058235
9 0.651276 0.497647 0.014890 0.021176
0 0.281522 0.566093 0.025313 0.105882
