2 0.219895 0.518596 0.377542 0.395085
2 0.935938 0.417918 0.084947 0.102203
2 0.465278 0.443136 0.034322 0.048814
2 0.512900 0.434746 0.033464 0.028983
2 0.598705 0.433220 0.024883 0.025932
2 0.686226 0.418729 0.038612 0.027458
2 0.539499 0.434746 0.016303 0.022881
2 0.645898 0.427881 0.024883 0.018305
2 0.752296 0.412627 0.018019 0.027458
8 0.403498 0.078559 0.018877 0.079322
8 0.766454 0.288305 0.021451 0.038136
8 0.626162 0.407288 0.006864 0.013729
8 0.525771 0.403474 0.006864 0.009153
8 0.387624 0.084661 0.012871 0.070169
8 0.420659 0.078559 0.017161 0.079322
8 0.591411 0.386695 0.010297 0.015254
8 0.651475 0.357712 0.005148 0.015254
8 0.672497 0.376017 0.007722 0.018305
8 0.673355 0.392797 0.006006 0.012203
8 0.744144 0.289830 0.016303 0.041186
8 0.442540 0.405763 0.006006 0.016780
9 0.539070 0.398898 0.005148 0.012203
9 0.622730 0.385169 0.006006 0.012203
9 0.728271 0.245593 0.018019 0.032034
2 0.629166 0.424068 0.010297 0.019831
2 0.580257 0.427881 0.008581 0.018305
