2 0.839733 0.578275 0.318259 0.366102
2 0.039405 0.410825 0.077225 0.189291
2 0.111949 0.384823 0.117007 0.141448
2 0.155827 0.372342 0.066694 0.128968
2 0.173963 0.339060 0.058504 0.066564
2 0.207895 0.338020 0.037442 0.068644
2 0.231296 0.333860 0.028082 0.064484
2 0.247677 0.334900 0.023401 0.054083
2 0.261133 0.333860 0.031592 0.047843
2 0.275174 0.330740 0.022231 0.045763
2 0.290970 0.328660 0.011701 0.041602
2 0.534344 0.400424 0.119347 0.156009
2 0.484616 0.353621 0.045633 0.066564
2 0.461800 0.345301 0.021061 0.049923
2 0.453024 0.348421 0.019891 0.039522
2 0.438984 0.349461 0.015211 0.033282
2 0.427283 0.341140 0.012871 0.033282
2 0.417337 0.336980 0.016381 0.033282
2 0.405051 0.330740 0.015211 0.029122
2 0.391011 0.326580 0.017551 0.029122
2 0.375215 0.319299 0.011701 0.018721
2 0.314956 0.322419 0.036272 0.037442
2 0.356494 0.325540 0.021061 0.022881
8 0.389256 0.291217 0.007020 0.016641
8 0.381065 0.293298 0.009361 0.020801
