9 0.051665 0.472240 0.021446 0.032927
9 0.512749 0.491303 0.007798 0.012131
9 0.668718 0.435847 0.015597 0.015597
2 0.472782 0.519898 0.009748 0.017330
2 0.483017 0.518165 0.016572 0.031194
2 0.496635 0.537820 0.032228 0.053175
2 0.539556 0.522497 0.022421 0.022529
2 0.568313 0.536361 0.033143 0.071053
3 0.649222 0.550225 0.157919 0.157702
2 0.724770 0.584018 0.156944 0.187163
2 0.860755 0.648139 0.272946 0.235687
2 0.461084 0.521631 0.011698 0.024262
2 0.414293 0.519898 0.017547 0.031194
2 0.401621 0.525096 0.011698 0.017330
2 0.391873 0.524230 0.011698 0.019063
2 0.375356 0.530019 0.013758 0.027174
2 0.345082 0.527696 0.019496 0.036393
2 0.328998 0.538094 0.014622 0.032927
2 0.313888 0.532028 0.033143 0.045058
2 0.293417 0.536361 0.033143 0.050257
2 0.272459 0.539827 0.036068 0.060655
2 0.132086 0.553691 0.055564 0.102247
2 0.058976 0.567555 0.108204 0.129974
2 0.014135 0.590084 0.028269 0.188896
2 0.193499 0.569288 0.147196 0.161168
3 0.439016 0.524821 0.036337 0.058371
2 0.529321 0.548492 0.052640 0.064121
0 0.362141 0.531573 0.016572 0.063299
2 0.969446 0.763383 0.059463 0.216624
2 0.385160 0.526965 0.012871 0.029122
