8 0.165586 0.338437 0.014766 0.069375
8 0.403945 0.405000 0.014766 0.056250
8 0.668818 0.579375 0.016582 0.041250
8 0.189316 0.344062 0.020039 0.065625
8 0.425039 0.405000 0.016875 0.063750
9 0.049043 0.326250 0.095977 0.037500
9 0.523652 0.420937 0.098086 0.028125
8 0.162949 0.604687 0.011602 0.020625
8 0.174551 0.606562 0.007383 0.018750
2 0.387070 0.653437 0.006328 0.015000
2 0.379160 0.648750 0.009492 0.016875
2 0.412383 0.660937 0.008437 0.018750
2 0.299004 0.660937 0.009492 0.018750
2 0.283183 0.664687 0.013711 0.026250
2 0.343301 0.664687 0.009492 0.015000
2 0.355957 0.658125 0.009492 0.016875
2 0.476719 0.690937 0.023203 0.071250
2 0.602754 0.681562 0.028477 0.056250
2 0.593262 0.667500 0.045352 0.054375
2 0.273691 0.674062 0.024258 0.052500
2 0.259453 0.682500 0.025312 0.046875
2 0.306387 0.668437 0.013711 0.030000
2 0.104414 0.659687 0.048516 0.039375
2 0.062754 0.659825 0.022148 0.035901
2 0.032313 0.659437 0.041133 0.039375
2 0.422020 0.661312 0.010547 0.020625
2 0.504813 0.693187 0.058008 0.080625
2 0.399871 0.671625 0.021094 0.018750
2 0.323407 0.681000 0.045352 0.052500
2 0.224266 0.680062 0.053789 0.061875
4 0.368758 0.652875 0.017930 0.037500
2 0.012729 0.703838 0.025458 0.129823
2 0.181024 0.668812 0.039023 0.024375
8 0.349101 0.613125 0.006328 0.015000
8 0.407637 0.622500 0.007383 0.022500
