8 0.287081 0.430648 0.010723 0.043325
8 0.274408 0.441913 0.006824 0.024262
8 0.267097 0.441913 0.007798 0.024262
8 0.685290 0.463575 0.009748 0.019063
8 0.853932 0.305873 0.011698 0.046791
9 0.950438 0.319737 0.062388 0.032927
9 0.905596 0.307606 0.015597 0.036393
9 0.884638 0.306740 0.016572 0.034660
2 0.693088 0.512966 0.021446 0.038126
2 0.715509 0.514699 0.042892 0.062388
2 0.320712 0.578819 0.062388 0.124775
2 0.157431 0.654204 0.310964 0.376059
2 0.840284 0.612613 0.313888 0.511233
2 0.520060 0.568421 0.353855 0.537227
9 0.922222 0.096726 0.040952 0.093606
