8 0.475449 0.360234 0.009229 0.025781
8 0.364048 0.349687 0.007910 0.023437
9 0.494566 0.362578 0.018457 0.021094
9 0.513023 0.382500 0.013184 0.018750
9 0.590147 0.366093 0.017139 0.037500
2 0.308018 0.436406 0.030322 0.037500
2 0.223643 0.442265 0.017139 0.049219
2 0.207164 0.457500 0.039551 0.060937
2 0.144542 0.469218 0.096240 0.065625
2 0.456992 0.410625 0.011865 0.023437
2 0.465562 0.415312 0.013184 0.023437
2 0.262535 0.441093 0.071191 0.070312
2 0.503794 0.422343 0.036914 0.046875
2 0.538072 0.410625 0.026367 0.046875
2 0.561802 0.421172 0.050098 0.049219
2 0.640244 0.418828 0.080420 0.072656
2 0.699570 0.434062 0.067236 0.070312
2 0.776035 0.457500 0.141064 0.112500
2 0.054143 0.479765 0.108287 0.100781
2 0.899961 0.471562 0.199072 0.220312
2 0.374595 0.422109 0.026367 0.035156
2 0.406236 0.419765 0.026367 0.025781
2 0.428648 0.416250 0.018457 0.023437
