2 0.588752 0.550193 0.422395 0.646919
9 0.515038 0.189291 0.111157 0.095686
2 0.332507 0.450347 0.022231 0.056163
8 0.364684 0.405624 0.004680 0.016641
8 0.315541 0.406664 0.009361 0.014561
2 0.294480 0.448267 0.065524 0.076965
2 0.228956 0.462828 0.072544 0.072804
2 0.138275 0.475309 0.115837 0.097766
2 0.009946 0.442027 0.019891 0.014561
2 0.025742 0.440986 0.014041 0.012481
2 0.069619 0.438906 0.017551 0.016641
2 0.086585 0.435786 0.011701 0.018721
2 0.055578 0.438906 0.019891 0.016641
2 0.039929 0.435935 0.012871 0.020801
8 0.368718 0.361793 0.005850 0.027042
3 0.390365 0.422117 0.028082 0.052003
