2 0.923769 0.562914 0.146143 0.104683
2 0.486749 0.486707 0.015295 0.024471
2 0.358275 0.479808 0.021412 0.029706
8 0.431689 0.399698 0.010706 0.027190
8 0.321047 0.197041 0.019883 0.065257
8 0.746687 0.411165 0.014530 0.044864
8 0.416958 0.446329 0.008412 0.020393
8 0.320603 0.419139 0.006883 0.023112
8 0.395928 0.438172 0.007647 0.025831
8 0.264013 0.440211 0.009941 0.019033
0 0.231129 0.457205 0.016059 0.085650
9 0.542756 0.431918 0.018353 0.042145
2 0.759404 0.461148 0.014530 0.038066
2 0.029330 0.593429 0.058119 0.303172
9 0.342776 0.419519 0.018626 0.033113
