8 0.268430 0.390625 0.009501 0.050000
8 0.205671 0.415625 0.013359 0.025000
8 0.484578 0.469688 0.011953 0.020625
8 0.491566 0.284082 0.013254 0.069413
8 0.277399 0.397559 0.008437 0.041250
8 0.258415 0.392871 0.006328 0.035625
8 0.484198 0.555972 0.008438 0.021250
9 0.209100 0.494097 0.021094 0.032500
9 0.482264 0.530659 0.012656 0.019375
9 0.847889 0.441597 0.026016 0.038750
8 0.892266 0.531875 0.018281 0.040000
8 0.871172 0.536875 0.018281 0.042500
2 0.864141 0.698438 0.095625 0.088125
2 0.177899 0.563750 0.068889 0.071250
2 0.139219 0.567500 0.088594 0.083750
2 0.418359 0.586250 0.029531 0.056250
2 0.066445 0.585625 0.131484 0.282500
2 0.305859 0.703750 0.264375 0.356250
2 0.586758 0.635000 0.093516 0.053750
9 0.886847 0.401951 0.045999 0.019405
9 0.598768 0.257803 0.007796 0.019405
2 0.695054 0.649358 0.100574 0.065144
