0 0.104185 0.545574 0.045119 0.205287
9 0.231713 0.258308 0.012236 0.025831
9 0.232095 0.283459 0.011471 0.021752
9 0.230948 0.312689 0.012236 0.033988
9 0.230183 0.359592 0.012236 0.057100
9 0.405688 0.443202 0.006883 0.044864
8 0.520015 0.425665 0.006118 0.017674
8 0.528045 0.473927 0.003824 0.013595
8 0.472220 0.441299 0.005353 0.013595
8 0.515809 0.424441 0.003824 0.016314
3 0.554428 0.491805 0.053531 0.118278
3 0.505485 0.478890 0.024471 0.024471
2 0.459602 0.485008 0.018353 0.014955
2 0.514662 0.521714 0.038236 0.099245
2 0.427101 0.477870 0.046648 0.042145
2 0.434748 0.527492 0.020648 0.073414
2 0.401865 0.526813 0.068061 0.107402
2 0.587694 0.505740 0.023707 0.021752
2 0.334186 0.537009 0.116239 0.191692
2 0.481396 0.556722 0.095591 0.141390
3 0.711226 0.574796 0.144534 0.278444
3 0.874113 0.443202 0.250066 0.885861
