8 0.267149 0.296953 0.011865 0.053906
8 0.546641 0.158672 0.017139 0.072656
8 0.640244 0.381328 0.019775 0.035156
8 0.616514 0.432890 0.011865 0.016406
8 0.163658 0.441093 0.010547 0.023437
8 0.250669 0.295781 0.013184 0.056250
8 0.277037 0.295781 0.010547 0.051562
8 0.932261 0.321562 0.023730 0.060937
8 0.652769 0.298125 0.015820 0.098437
8 0.524229 0.166875 0.017139 0.065625
8 0.665293 0.321562 0.009229 0.051562
9 0.164317 0.383672 0.027686 0.021094
9 0.212437 0.328594 0.021094 0.028125
9 0.576963 0.142266 0.019775 0.049219
9 0.908530 0.190312 0.026367 0.042187
9 0.883481 0.145781 0.031641 0.060937
9 0.880845 0.045937 0.026367 0.091875
0 0.629697 0.497343 0.014502 0.070312
0 0.450879 0.479129 0.021094 0.056250
2 0.437915 0.451172 0.009229 0.021094
2 0.426050 0.452343 0.014502 0.023437
2 0.418139 0.457031 0.014502 0.028125
2 0.406933 0.462890 0.023730 0.030469
2 0.395727 0.469922 0.019775 0.030469
2 0.387817 0.478125 0.017139 0.042187
2 0.364087 0.480468 0.040869 0.056250
2 0.353540 0.493359 0.030322 0.035156
2 0.466259 0.453515 0.018457 0.021094
2 0.473510 0.458203 0.027686 0.016406
2 0.478125 0.494531 0.039551 0.060937
2 0.547360 0.497469 0.164753 0.097249
2 0.866974 0.493593 0.135734 0.084375
2 0.081258 0.533437 0.141070 0.079687
2 0.283628 0.531093 0.208301 0.121875
2 0.449742 0.446718 0.010547 0.023437
