8 0.334525 0.444967 0.011990 0.044408
8 0.245598 0.469836 0.007993 0.033750
8 0.035271 0.550658 0.012989 0.028421
8 0.012290 0.554211 0.012989 0.028421
8 0.150176 0.568421 0.010991 0.021316
8 0.159169 0.569309 0.006994 0.023092
8 0.442436 0.526678 0.011990 0.023092
9 0.022282 0.486711 0.030975 0.042632
9 0.153174 0.494704 0.014988 0.019539
8 0.847602 0.422763 0.018984 0.042632
2 0.126696 0.628816 0.027977 0.042632
2 0.109710 0.624375 0.013988 0.033750
2 0.102715 0.616382 0.023980 0.053289
2 0.040766 0.642138 0.055954 0.058618
2 0.032773 0.634708 0.051957 0.061521
2 0.240602 0.592401 0.009992 0.015987
2 0.265082 0.591513 0.008993 0.017763
2 0.314541 0.591513 0.019984 0.024868
2 0.218620 0.610164 0.043964 0.062171
2 0.251593 0.599507 0.017985 0.026645
2 0.286564 0.610164 0.043964 0.058618
2 0.346515 0.594178 0.035970 0.044408
2 0.164165 0.654572 0.082932 0.111908
4 0.285065 0.575526 0.028976 0.021316
2 0.836112 0.514243 0.007993 0.015987
2 0.830117 0.518684 0.009992 0.017763
2 0.806636 0.516908 0.026978 0.031974
2 0.808135 0.524013 0.009992 0.021316
2 0.796644 0.525789 0.016986 0.024868
2 0.787152 0.530230 0.013988 0.030197
2 0.757177 0.529342 0.045962 0.049737
2 0.717210 0.547105 0.047961 0.053289
2 0.862090 0.527566 0.035970 0.046184
2 0.875377 0.512966 0.021446 0.034660
