9 0.226719 0.341847 0.037886 0.026356
9 0.205717 0.295724 0.038710 0.021963
9 0.318964 0.388701 0.023061 0.011714
8 0.573874 0.289135 0.014001 0.046855
8 0.409974 0.328669 0.009060 0.035141
8 0.397208 0.328669 0.008236 0.035141
8 0.778954 0.386505 0.028827 0.030748
8 0.313004 0.453127 0.014435 0.020499
8 0.580051 0.435556 0.016472 0.020499
8 0.452390 0.456055 0.004942 0.011714
8 0.436742 0.462644 0.004942 0.013178
8 0.451567 0.467037 0.006589 0.013178
8 0.426035 0.471429 0.003294 0.019035
2 0.452390 0.495589 0.006589 0.017570
2 0.422328 0.503642 0.012354 0.016106
2 0.419446 0.512427 0.011531 0.016106
2 0.411209 0.515355 0.016472 0.030748
2 0.401738 0.517552 0.007413 0.035141
2 0.389384 0.502177 0.025532 0.027820
2 0.390619 0.520480 0.019767 0.043926
2 0.470510 0.513891 0.016472 0.036605
2 0.793779 0.497785 0.033768 0.036605
2 0.738185 0.476554 0.047770 0.017570
2 0.612172 0.551228 0.092245 0.111280
2 0.714300 0.565138 0.174607 0.177169
2 0.270783 0.579781 0.116130 0.136171
2 0.507161 0.515355 0.050241 0.054176
2 0.443330 0.502910 0.014825 0.023427
2 0.371676 0.521212 0.054359 0.054176
2 0.897967 0.522676 0.202610 0.487581
2 0.126126 0.628831 0.252251 0.284056
3 0.498925 0.475822 0.051888 0.060033
8 0.205038 0.433360 0.029115 0.045390
9 0.755487 0.338020 0.028082 0.022881
9 0.764263 0.357781 0.026912 0.016641
