8 0.451060 0.167344 0.013184 0.079687
8 0.336363 0.285937 0.010547 0.042187
8 0.022593 0.215625 0.013184 0.065625
8 0.499180 0.290625 0.009229 0.046875
8 0.650791 0.288281 0.009229 0.046875
8 0.809653 0.237890 0.010547 0.039844
8 0.820859 0.244922 0.011865 0.049219
8 0.466880 0.174609 0.010547 0.077344
8 0.433262 0.167578 0.014502 0.091406
8 0.041710 0.225000 0.019775 0.065625
8 0.010069 0.220312 0.014502 0.065625
8 0.930283 0.304687 0.019775 0.032812
8 0.958628 0.304687 0.015820 0.037500
8 0.642222 0.365625 0.013184 0.028125
9 0.913804 0.254297 0.029004 0.067969
9 0.710776 0.266015 0.036914 0.063281
9 0.708140 0.139453 0.026367 0.082031
9 0.542686 0.165234 0.061963 0.039844
8 0.498521 0.229687 0.021094 0.023437
8 0.501817 0.343359 0.019775 0.035156
8 0.544663 0.377343 0.010547 0.023437
2 0.340318 0.421875 0.021094 0.028125
2 0.190176 0.455033 0.058311 0.056942
2 0.141905 0.459375 0.043506 0.046875
2 0.085215 0.573046 0.170068 0.307031
2 0.293516 0.536718 0.170068 0.248437
2 0.772739 0.594140 0.450879 0.419531
8 0.509337 0.373460 0.006824 0.022529
9 0.657508 0.336200 0.008773 0.027728
8 0.721358 0.322336 0.017547 0.041592
