9 0.560027 0.367394 0.036068 0.020796
9 0.262223 0.395989 0.013647 0.022529
9 0.224206 0.400321 0.015597 0.034660
9 0.227618 0.441046 0.022421 0.012131
9 0.020958 0.451444 0.018521 0.019063
9 0.009261 0.397722 0.016572 0.022529
9 0.006824 0.430648 0.013647 0.022529
9 0.774485 0.329268 0.039967 0.024262
9 0.658970 0.408986 0.023395 0.017330
9 0.641424 0.447978 0.015597 0.029461
9 0.018528 0.295676 0.025358 0.040261
9 0.549792 0.457510 0.011698 0.017330
9 0.572212 0.476573 0.009748 0.017330
8 0.525909 0.467908 0.008773 0.020796
8 0.294392 0.371727 0.007798 0.039859
8 0.307552 0.374326 0.012673 0.034660
8 0.522497 0.371727 0.009748 0.032927
8 0.223231 0.472240 0.007798 0.043325
8 0.790569 0.407253 0.017547 0.041592
8 0.810065 0.406387 0.017547 0.043325
0 0.674080 0.513832 0.012673 0.053723
0 0.758888 0.551091 0.020471 0.110911
0 0.800805 0.513832 0.028269 0.081451
2 0.326561 0.559756 0.054589 0.055456
2 0.567826 0.509500 0.020471 0.027728
4 0.516648 0.506900 0.017547 0.032927
3 0.456593 0.494344 0.098247 0.226171
2 0.578061 0.580552 0.103330 0.131707
2 0.967009 0.734788 0.064337 0.201027
0 0.987694 0.551804 0.021873 0.153928
8 0.025206 0.362750 0.020005 0.054057
8 0.664153 0.456639 0.012803 0.022761
