8 0.359704 0.369474 0.009748 0.038126
8 0.209584 0.384204 0.009748 0.029461
8 0.348006 0.371207 0.007798 0.041592
9 0.164255 0.389403 0.026320 0.050257
9 0.420142 0.392003 0.052640 0.038126
9 0.488866 0.380738 0.032169 0.036393
9 0.486429 0.444859 0.025345 0.043325
9 0.481068 0.485584 0.020471 0.034660
9 0.346544 0.441393 0.014622 0.032927
9 0.129649 0.480385 0.013647 0.017330
2 0.164255 0.528909 0.088708 0.093582
2 0.237366 0.543639 0.028269 0.032927
2 0.401621 0.581765 0.074085 0.102247
2 0.546867 0.627690 0.193012 0.194095
8 0.490328 0.520244 0.011698 0.020796
9 0.336309 0.537574 0.013647 0.020796
