2 0.016998 0.495658 0.033997 0.076535
2 0.022038 0.477587 0.043051 0.061654
2 0.092594 0.534989 0.093278 0.155197
2 0.072862 0.464831 0.022721 0.023386
2 0.089007 0.456327 0.023917 0.019134
2 0.118305 0.462705 0.022721 0.023386
9 0.048945 0.434005 0.010763 0.025512
9 0.149398 0.429297 0.013155 0.031890
9 0.104553 0.436131 0.009567 0.021260
3 0.199026 0.473639 0.035876 0.023386
2 0.174511 0.471209 0.020330 0.010630
2 0.152985 0.469083 0.013155 0.010630
2 0.231315 0.483965 0.019134 0.010630
2 0.251047 0.482902 0.020330 0.012756
2 0.318015 0.479713 0.022721 0.019134
4 0.325788 0.472272 0.040659 0.034016
2 0.354489 0.486395 0.023917 0.036142
2 0.380200 0.488217 0.029897 0.044646
2 0.419066 0.503099 0.059793 0.095669
9 0.480055 0.445698 0.009567 0.023386
9 0.370035 0.456935 0.009567 0.014882
9 0.277954 0.461187 0.009567 0.014882
3 0.720424 0.328313 0.420945 0.637795
2 0.003986 0.606614 0.007972 0.038268
