2 0.199840 0.628932 0.181049 0.257797
2 0.850929 0.622068 0.129909 0.103729
2 0.986758 0.635796 0.024025 0.057966
2 0.061951 0.623593 0.123903 0.173898
2 0.313961 0.622068 0.066070 0.097627
2 0.355576 0.610627 0.034322 0.056441
2 0.374882 0.601474 0.009439 0.035085
2 0.400195 0.593237 0.015445 0.019831
2 0.389469 0.594000 0.006006 0.030508
2 0.378744 0.597051 0.017161 0.036610
2 0.740412 0.628322 0.090095 0.059492
2 0.900953 0.621457 0.102966 0.091525
2 0.944285 0.623746 0.079799 0.099153
2 0.414009 0.594763 0.009439 0.013729
3 0.212711 0.496983 0.114121 0.067119
3 0.324257 0.552661 0.040328 0.038136
9 0.378744 0.546559 0.024025 0.022881
9 0.454681 0.521390 0.019735 0.015254
9 0.397192 0.551135 0.012871 0.025932
9 0.413066 0.550373 0.015445 0.024407
