9 0.142241 0.435461 0.009439 0.024407
9 0.267517 0.439274 0.009439 0.022881
9 0.329296 0.437749 0.009439 0.022881
9 0.456288 0.439274 0.007722 0.022881
9 0.517639 0.437749 0.008581 0.022881
9 0.644201 0.439274 0.009439 0.022881
9 0.711129 0.445376 0.009439 0.028983
9 0.760467 0.428596 0.008581 0.032034
9 0.840266 0.415630 0.013729 0.048814
9 0.901187 0.433173 0.010297 0.022881
9 0.759609 0.459105 0.012013 0.013729
9 0.840695 0.452240 0.012871 0.015254
9 0.900758 0.456817 0.011155 0.018305
9 0.711558 0.464444 0.010297 0.015254
9 0.679810 0.459105 0.006864 0.025932
9 0.655785 0.464444 0.006864 0.018305
0 0.904190 0.523935 0.030032 0.082373
0 0.848846 0.516308 0.017161 0.088475
2 0.050859 0.504105 0.101250 0.106780
2 0.113497 0.480461 0.037754 0.016780
2 0.137951 0.475122 0.030032 0.018305
2 0.119074 0.520122 0.167320 0.071695
3 0.186002 0.495715 0.071218 0.053390
2 0.307845 0.498003 0.030032 0.024407
2 0.323290 0.508681 0.018019 0.027458
2 0.443417 0.505630 0.018019 0.042712
2 0.455001 0.508681 0.010297 0.027458
2 0.475165 0.505630 0.030032 0.051864
2 0.563973 0.507918 0.030890 0.047288
2 0.582850 0.510206 0.015445 0.045763
2 0.594434 0.507918 0.016303 0.047288
2 0.693968 0.501817 0.038612 0.056441
2 0.724000 0.524698 0.048909 0.080847
2 0.823534 0.514783 0.048909 0.051864
2 0.870726 0.515545 0.047193 0.050339
2 0.879307 0.496478 0.024883 0.015254
2 0.920064 0.507918 0.039470 0.056441
2 0.950096 0.510969 0.032606 0.044237
2 0.958248 0.579613 0.079799 0.227288
2 0.966828 0.501817 0.019735 0.035085
2 0.791786 0.530037 0.139862 0.073220
2 0.649349 0.519359 0.114121 0.085424
2 0.522787 0.520122 0.090953 0.080847
3 0.385499 0.504867 0.125275 0.111356
3 0.249069 0.518596 0.144153 0.074746
3 0.116071 0.520122 0.169894 0.074746
