2 0.935328 0.642073 0.127700 0.299808
2 0.128913 0.615411 0.215930 0.197959
2 0.533707 0.536361 0.022421 0.025995
2 0.436714 0.545026 0.031194 0.043325
2 0.476681 0.541560 0.019496 0.032927
2 0.277820 0.570154 0.087733 0.124775
2 0.336796 0.560623 0.059463 0.105712
2 0.381637 0.556290 0.043866 0.079718
2 0.816889 0.589217 0.194962 0.211425
2 0.714534 0.564089 0.111128 0.154236
2 0.661407 0.550225 0.071161 0.123042
2 0.619978 0.552824 0.040942 0.072786
2 0.595608 0.547625 0.025345 0.045058
2 0.580985 0.545026 0.027295 0.032927
2 0.561977 0.537227 0.018521 0.027728
2 0.554178 0.532895 0.012673 0.025995
3 0.496177 0.534628 0.013647 0.039859
8 0.485454 0.471374 0.003899 0.020796
8 0.510799 0.495636 0.003899 0.017330
8 0.551254 0.464442 0.006824 0.017330
8 0.541506 0.498235 0.004874 0.019063
8 0.589473 0.503117 0.013093 0.014324
9 0.584940 0.465517 0.008057 0.017905
9 0.433368 0.479841 0.013093 0.017905
