9 0.317390 0.276269 0.032371 0.059947
9 0.383144 0.339812 0.018209 0.033570
9 0.381795 0.297250 0.030348 0.020382
9 0.318401 0.214524 0.046534 0.029973
9 0.444093 0.387256 0.013488 0.022780
8 0.303480 0.334503 0.020232 0.046758
8 0.333154 0.336301 0.020232 0.052753
8 0.377664 0.387855 0.010790 0.028774
8 0.395536 0.386057 0.014162 0.027575
8 0.041476 0.117496 0.020906 0.082726
8 0.326410 0.156461 0.017534 0.067140
8 0.533451 0.172047 0.016186 0.059947
8 0.856826 0.187034 0.018209 0.070737
8 0.516254 0.174445 0.011465 0.055151
8 0.838280 0.188233 0.012139 0.070737
8 0.450331 0.346192 0.007418 0.022780
8 0.522155 0.365975 0.006744 0.019183
8 0.492144 0.383359 0.004721 0.013188
8 0.594316 0.364776 0.004046 0.019183
8 0.610501 0.394150 0.002698 0.013188
2 0.074521 0.493362 0.118020 0.118695
2 0.072498 0.527531 0.072161 0.105506
2 0.149043 0.477775 0.040464 0.063544
2 0.189507 0.484370 0.071486 0.067140
2 0.184786 0.452598 0.036418 0.015586
2 0.227610 0.503552 0.080254 0.079130
2 0.304155 0.493362 0.083626 0.097114
2 0.433302 0.463388 0.022255 0.039565
2 0.410373 0.463388 0.027650 0.041963
2 0.382048 0.469383 0.031697 0.044361
2 0.357770 0.475378 0.039790 0.053952
2 0.584638 0.457034 0.018209 0.033570
2 0.598126 0.448042 0.010116 0.015586
2 0.609928 0.445644 0.014837 0.017984
2 0.601498 0.485808 0.038441 0.071936
2 0.522593 0.452238 0.008767 0.014387
2 0.528325 0.450440 0.008093 0.015586
2 0.534058 0.448042 0.006070 0.013188
2 0.541881 0.445644 0.012814 0.015586
2 0.534463 0.462429 0.010116 0.029973
2 0.571555 0.449241 0.007418 0.010790
2 0.564473 0.448042 0.006744 0.013188
2 0.556381 0.445644 0.006744 0.008393
2 0.549974 0.445644 0.006070 0.010790
2 0.479162 0.472320 0.077556 0.161976
3 0.681684 0.448881 0.134880 0.234991
3 0.855680 0.542398 0.287295 0.556306
2 0.013362 0.465786 0.026723 0.020382
2 0.036165 0.573690 0.071486 0.212211
2 0.546368 0.471227 0.034387 0.035660
