0 0.748467 0.591102 0.037442 0.101926
8 0.262303 0.382743 0.012871 0.041602
8 0.420262 0.508590 0.017551 0.018721
8 0.272834 0.380663 0.010531 0.045763
8 0.253527 0.381703 0.007020 0.043683
8 0.037064 0.406664 0.009361 0.035362
8 0.020683 0.408745 0.007020 0.035362
9 0.007813 0.430586 0.014041 0.020801
9 0.412072 0.464908 0.012871 0.014561
2 0.231296 0.584515 0.093606 0.054083
2 0.113704 0.584515 0.108817 0.054083
2 0.016192 0.575154 0.032384 0.047843
8 0.027119 0.403544 0.008190 0.037442
9 0.142371 0.504430 0.018721 0.022881
9 0.326657 0.530432 0.012871 0.020801
2 0.027704 0.775887 0.053823 0.287057
2 0.342453 0.603236 0.060844 0.091525
2 0.392181 0.622997 0.092436 0.143529
2 0.616834 0.759246 0.501960 0.461788
