8 0.480723 0.294609 0.014502 0.058594
8 0.226280 0.429375 0.009229 0.037500
8 0.480064 0.483281 0.005273 0.032812
8 0.491089 0.503672 0.006592 0.017344
8 0.694956 0.455156 0.018457 0.046875
8 0.714072 0.457500 0.022412 0.051562
8 0.037095 0.411797 0.010547 0.030469
8 0.162339 0.552421 0.013184 0.030469
8 0.236827 0.430547 0.009229 0.025781
8 0.461607 0.296953 0.013184 0.058594
8 0.592783 0.369609 0.011865 0.039844
9 0.060826 0.408281 0.013184 0.018750
9 0.702207 0.322734 0.038232 0.021094
9 0.687046 0.342656 0.013184 0.018750
9 0.682432 0.369609 0.043506 0.025781
9 0.673203 0.400078 0.011865 0.025781
9 0.543345 0.280547 0.010547 0.063281
9 0.183911 0.495937 0.019775 0.009375
9 0.180299 0.509113 0.019090 0.016978
9 0.210278 0.440859 0.011865 0.016406
0 0.571508 0.604687 0.030322 0.128906
0 0.510864 0.570703 0.022412 0.117187
0 0.121948 0.584765 0.022412 0.098437
0 0.086352 0.605859 0.027686 0.117187
0 0.098877 0.583593 0.018457 0.100781
0 0.198439 0.743774 0.100195 0.499218
8 0.174050 0.528149 0.011865 0.016406
0 0.492407 0.559218 0.014502 0.070312
0 0.471313 0.549843 0.017139 0.042187
0 0.416601 0.548671 0.015820 0.053906
0 0.395508 0.552187 0.013184 0.051562
0 0.143042 0.571791 0.009229 0.034989
2 0.376391 0.563789 0.030322 0.033047
2 0.354638 0.566250 0.013184 0.023437
2 0.329590 0.567421 0.026367 0.021094
2 0.301904 0.573281 0.029004 0.037500
2 0.380528 0.790078 0.365185 0.414843
0 0.377051 0.561328 0.010547 0.028125
2 0.054589 0.802375 0.105279 0.391656
0 0.444512 0.558890 0.019496 0.043325
