2 0.877264 0.546406 0.088012 0.082812
2 0.469338 0.545894 0.013876 0.031395
2 0.455462 0.550379 0.011353 0.031395
2 0.438433 0.551501 0.030274 0.047093
2 0.419512 0.558228 0.022706 0.051578
2 0.362117 0.561592 0.021444 0.044850
2 0.306615 0.566077 0.029013 0.053821
2 0.269403 0.566077 0.055502 0.062791
2 0.334997 0.562713 0.045411 0.060548
2 0.393022 0.558228 0.040365 0.065033
2 0.598634 0.539167 0.017660 0.035880
8 0.128755 0.448665 0.008830 0.042608
8 0.144523 0.451708 0.012614 0.040365
8 0.767033 0.427041 0.013876 0.044850
8 0.784062 0.417750 0.010091 0.031395
8 0.779017 0.468207 0.020183 0.024668
8 0.452309 0.435690 0.010091 0.044850
8 0.027841 0.338772 0.018921 0.072741
8 0.099742 0.497360 0.011353 0.024668
8 0.131908 0.488390 0.015137 0.024668
9 0.222100 0.470770 0.016398 0.024668
9 0.222100 0.495437 0.016398 0.020183
9 0.221469 0.508893 0.010091 0.011213
9 0.452309 0.488069 0.017660 0.042608
9 0.531778 0.490312 0.012614 0.011213
0 0.751225 0.545290 0.020263 0.077455
2 0.235976 0.564155 0.026490 0.026910
2 0.548087 0.540448 0.010091 0.015698
2 0.557547 0.539327 0.006307 0.017940
2 0.573946 0.538206 0.013876 0.011213
2 0.584668 0.539327 0.010091 0.013455
9 0.364550 0.449626 0.018921 0.022425
9 0.302110 0.516902 0.010091 0.017940
9 0.815625 0.361562 0.026367 0.050000
