0 0.058863 0.533393 0.039762 0.139990
0 0.016373 0.532305 0.032745 0.143089
0 0.120455 0.510839 0.036643 0.108404
0 0.309259 0.517916 0.020271 0.099795
9 0.212064 0.252490 0.017152 0.040195
9 0.209725 0.328029 0.021830 0.013860
9 0.231165 0.319019 0.008576 0.015246
9 0.321994 0.279517 0.062372 0.027721
9 0.221809 0.374461 0.031965 0.020791
9 0.903739 0.293378 0.080303 0.024949
9 0.950518 0.353670 0.028847 0.018018
9 0.959094 0.416042 0.017932 0.018018
9 0.577198 0.434753 0.015593 0.008316
9 0.435302 0.450000 0.006237 0.011088
8 0.421918 0.266350 0.011695 0.042967
8 0.202448 0.409805 0.015593 0.022177
8 0.457392 0.419507 0.003119 0.016632
8 0.553678 0.427823 0.003898 0.016632
8 0.860859 0.264964 0.011695 0.056827
8 0.960263 0.445149 0.023389 0.029107
8 0.461290 0.421355 0.004678 0.019405
8 0.447257 0.420662 0.006237 0.023563
8 0.840588 0.264733 0.014813 0.052669
2 0.490163 0.477628 0.007017 0.013860
2 0.501468 0.484558 0.017152 0.030493
2 0.522129 0.492875 0.025728 0.052669
2 0.591127 0.505349 0.031186 0.044353
2 0.444164 0.483172 0.017932 0.022177
2 0.434808 0.494261 0.025728 0.049897
2 0.422724 0.499805 0.026508 0.060986
2 0.396606 0.507428 0.056914 0.081776
2 0.472075 0.499112 0.041321 0.062372
2 0.550430 0.506042 0.062372 0.090092
2 0.877803 0.535149 0.053796 0.101181
2 0.731113 0.581442 0.294706 0.365914
4 0.310884 0.481648 0.108371 0.160780
4 0.568946 0.467787 0.042881 0.038809
2 0.945125 0.590452 0.108371 0.267505
