8 0.416783 0.402422 0.010547 0.044531
8 0.674522 0.475078 0.006592 0.021094
8 0.408872 0.395390 0.010547 0.035156
8 0.668589 0.471562 0.007910 0.023437
8 0.279673 0.469218 0.021094 0.028125
9 0.282310 0.417656 0.015820 0.018750
9 0.718027 0.534843 0.011865 0.032812
0 0.823496 0.594609 0.014502 0.067969
0 0.801743 0.595781 0.015820 0.075000
2 0.269786 0.532500 0.067236 0.051562
2 0.214415 0.528984 0.106787 0.063281
2 0.146519 0.507890 0.044824 0.035156
2 0.095762 0.504375 0.046143 0.032812
2 0.820019 0.601171 0.026367 0.021094
2 0.759374 0.603515 0.047461 0.067969
2 0.671044 0.564843 0.026367 0.037500
2 0.611059 0.551953 0.014502 0.025781
2 0.503613 0.549609 0.026367 0.044531
2 0.475927 0.546093 0.029004 0.037500
2 0.570849 0.543750 0.013184 0.023437
3 0.632903 0.523828 0.026548 0.035156
0 0.727256 0.571171 0.017139 0.030469
2 0.561802 0.553593 0.021094 0.032812
2 0.627720 0.566484 0.036914 0.044531
2 0.528184 0.565312 0.035596 0.060937
2 0.707481 0.608671 0.069873 0.082031
2 0.426011 0.584062 0.092285 0.107812
2 0.582896 0.546562 0.010547 0.018750
2 0.592783 0.539531 0.009229 0.018750
3 0.554551 0.528984 0.014502 0.025781
2 0.033050 0.512578 0.066099 0.072656
2 0.091807 0.599296 0.183252 0.175781
