2 0.030061 0.606331 0.057402 0.191339
2 0.080885 0.579756 0.118391 0.138189
2 0.141875 0.561685 0.070556 0.110551
2 0.183730 0.542551 0.077731 0.097795
2 0.254286 0.531921 0.041855 0.051024
2 0.279399 0.526606 0.017938 0.036142
2 0.300925 0.525543 0.025113 0.046772
2 0.399584 0.517040 0.026309 0.055276
2 0.425295 0.536173 0.027505 0.072283
2 0.444429 0.539362 0.041855 0.087165
2 0.499439 0.539362 0.099257 0.142441
2 0.577768 0.575504 0.150679 0.167953
0 0.601685 0.555307 0.050226 0.208347
2 0.352347 0.538299 0.087298 0.136063
9 0.526346 0.416055 0.014350 0.014882
