2 0.318095 0.387397 0.079524 0.056827
2 0.463889 0.378388 0.012474 0.022177
2 0.540684 0.388090 0.019491 0.036037
2 0.385535 0.400565 0.074066 0.085934
2 0.445567 0.390169 0.036643 0.054055
2 0.475194 0.386011 0.016373 0.026335
2 0.516515 0.390862 0.033525 0.058214
2 0.575378 0.401258 0.067050 0.084548
2 0.749239 0.461550 0.257283 0.279979
2 0.626445 0.380467 0.014813 0.023563
8 0.323553 0.086627 0.020271 0.067916
8 0.529558 0.056587 0.014391 0.077138
8 0.337976 0.099102 0.017932 0.062372
8 0.517685 0.064451 0.012474 0.076232
8 0.539905 0.067916 0.014813 0.085934
8 0.857220 0.280672 0.027288 0.051283
8 0.213233 0.291068 0.019491 0.024949
9 0.221819 0.136525 0.031947 0.048512
9 0.224148 0.237705 0.028847 0.018018
9 0.252995 0.297305 0.019491 0.018018
9 0.314977 0.309779 0.009356 0.009702
9 0.311858 0.319481 0.017152 0.009702
9 0.385145 0.328491 0.009356 0.013860
9 0.816841 0.198203 0.022285 0.030493
8 0.197935 0.285234 0.018457 0.035156
