3 0.049613 0.614608 0.099226 0.107529
3 0.117907 0.611659 0.049062 0.084373
3 0.166203 0.613118 0.053407 0.080418
3 0.991870 0.793435 0.015826 0.084408
3 0.231304 0.604220 0.089420 0.105510
3 0.303869 0.596483 0.058558 0.078781
3 0.349110 0.585487 0.038256 0.067009
3 0.373199 0.590635 0.014008 0.038912
3 0.386958 0.591559 0.014244 0.035170
3 0.740204 0.667933 0.203210 0.244753
3 0.635433 0.646143 0.083880 0.144900
3 0.575293 0.625744 0.066471 0.106917
3 0.620398 0.599718 0.042732 0.046424
3 0.539725 0.616386 0.028571 0.066548
3 0.527891 0.603606 0.038231 0.059665
3 0.490415 0.595374 0.014060 0.037735
3 0.483092 0.595319 0.013429 0.032715
3 0.472816 0.592684 0.008705 0.026729
3 0.445900 0.593661 0.025098 0.041506
3 0.424150 0.590574 0.015826 0.022509
3 0.403014 0.589574 0.025782 0.034577
9 0.470026 0.532901 0.012257 0.023060
9 0.344738 0.061899 0.024764 0.120985
9 0.387749 0.542321 0.012661 0.021102
9 0.492017 0.547354 0.011466 0.018595
9 0.413071 0.551700 0.012661 0.015475
10 0.851553 0.099135 0.075176 0.073154
10 0.879770 0.245514 0.050645 0.049238
10 0.881353 0.291938 0.039566 0.029543
10 0.879375 0.351024 0.030862 0.037984
10 0.288833 0.431418 0.012661 0.028136
9 0.446834 0.553106 0.009496 0.023916
3 0.506003 0.601271 0.016051 0.045657
