3 0.289582 0.336692 0.012085 0.009009
3 0.274184 0.335305 0.021830 0.010395
3 0.123907 0.339464 0.015983 0.013167
3 0.338183 0.391453 0.041458 0.065863
3 0.249844 0.391883 0.032307 0.030299
3 0.410843 0.364905 0.043555 0.013568
3 0.446875 0.378273 0.006237 0.013167
3 0.457205 0.384510 0.016762 0.035344
3 0.479056 0.392762 0.038633 0.058778
3 0.308605 0.417022 0.069622 0.090666
3 0.175687 0.461239 0.172964 0.174965
3 0.400792 0.465122 0.134854 0.191024
3 0.529713 0.423665 0.080693 0.097023
10 0.435306 0.308162 0.045747 0.029569
3 0.850698 0.524988 0.298604 0.579364
