10 0.167324 0.311129 0.066528 0.104420
10 0.335442 0.446410 0.070723 0.066139
10 0.415455 0.456571 0.073720 0.077782
10 0.541547 0.515359 0.018637 0.043316
10 0.274302 0.511167 0.017568 0.041044
3 0.074580 0.518328 0.009590 0.009590
3 0.099492 0.542344 0.021577 0.022376
3 0.113577 0.560991 0.034163 0.042620
3 0.291626 0.560167 0.013271 0.021794
3 0.299075 0.557794 0.010189 0.014917
3 0.312548 0.559723 0.020402 0.030239
3 0.322450 0.561523 0.010189 0.030900
3 0.375015 0.567634 0.026266 0.037874
3 0.467545 0.571006 0.049321 0.062259
3 0.067127 0.562269 0.047948 0.052210
3 0.200768 0.600445 0.178634 0.223057
3 0.528805 0.595833 0.079713 0.102289
3 0.406838 0.585178 0.051544 0.074586
3 0.338512 0.570260 0.035961 0.055406
