3 0.126458 0.672505 0.251358 0.499528
4 0.340237 0.574928 0.155929 0.249487
3 0.513630 0.631755 0.106032 0.163552
5 0.421746 0.583855 0.030230 0.041839
5 0.450443 0.579865 0.030281 0.039813
3 0.469740 0.582588 0.010648 0.015690
1 0.739624 0.606853 0.020271 0.087320
1 0.944670 0.640811 0.060812 0.271663
9 0.493711 0.363142 0.010135 0.042967
9 0.504742 0.364528 0.009356 0.038809
9 0.482912 0.367993 0.009356 0.040195
9 0.528210 0.523229 0.008576 0.012474
3 0.523922 0.521150 0.004678 0.016632
9 0.762363 0.501052 0.022610 0.031879
9 0.003508 0.300077 0.005458 0.056827
10 0.994048 0.399872 0.010915 0.029107
9 0.792510 0.430364 0.016373 0.045739
9 0.925013 0.451506 0.022538 0.042265
10 0.910286 0.356123 0.031865 0.063935
10 0.650224 0.489964 0.018711 0.009702
9 0.651784 0.514913 0.007796 0.020791
10 0.350840 0.478183 0.017152 0.030493
3 0.258452 0.600154 0.021050 0.063758
