10 0.422092 0.271213 0.107229 0.143838
10 0.417218 0.180231 0.089682 0.038126
10 0.625339 0.137773 0.080909 0.053723
10 0.609255 0.233087 0.122826 0.150770
10 0.637524 0.378659 0.023395 0.074519
10 0.982119 0.170700 0.030219 0.053723
3 0.522984 0.531162 0.022421 0.029461
10 0.599019 0.486104 0.010723 0.015597
10 0.561002 0.495636 0.008773 0.013864
3 0.837504 0.513879 0.050977 0.046698
3 0.804216 0.510366 0.019496 0.043325
3 0.779359 0.506900 0.032169 0.046791
3 0.753526 0.509500 0.025345 0.045058
3 0.068237 0.561489 0.136473 0.107445
