9 0.065520 0.044184 0.035220 0.087280
9 0.023895 0.045607 0.037355 0.090126
10 0.300056 0.095888 0.038956 0.122382
10 0.529508 0.241444 0.050163 0.026564
10 0.494821 0.352916 0.017077 0.035102
9 0.477211 0.402249 0.042691 0.052178
10 0.732292 0.252828 0.014408 0.049332
10 0.740297 0.292674 0.012807 0.015179
10 0.741098 0.313071 0.012274 0.012333
10 0.726689 0.288879 0.012274 0.015179
8 0.583406 0.582976 0.077378 0.115741
8 0.688801 0.590566 0.043225 0.083486
8 0.718418 0.601950 0.043759 0.098665
8 0.745367 0.602424 0.064571 0.101511
1 0.785069 0.563326 0.034044 0.177810
10 0.168231 0.533169 0.009606 0.010436
10 0.205053 0.501862 0.007471 0.004743
10 0.200517 0.519413 0.008005 0.005692
10 0.205053 0.522259 0.009606 0.007590
3 0.153406 0.555185 0.019446 0.020314
3 0.169298 0.557835 0.016009 0.021820
3 0.131677 0.553566 0.022947 0.030358
10 0.190911 0.504234 0.005870 0.013282
8 0.277678 0.599420 0.025615 0.063563
