9 0.348307 0.510497 0.011064 0.044702
9 0.788845 0.121589 0.027156 0.135894
9 0.040534 0.498874 0.009052 0.032185
3 0.582657 0.640132 0.103597 0.067947
3 0.703392 0.635685 0.099494 0.073265
3 0.384357 0.598784 0.036898 0.039782
3 0.352330 0.592748 0.059342 0.030397
3 0.532531 0.592368 0.043577 0.024006
3 0.595732 0.590960 0.059342 0.041126
3 0.947793 0.637863 0.092000 0.064231
3 0.898467 0.603041 0.037195 0.027694
3 0.861423 0.602741 0.017421 0.032501
3 0.777034 0.610605 0.035720 0.055478
10 0.684745 0.581126 0.016093 0.050066
3 0.646568 0.613951 0.021603 0.043041
