9 0.235885 0.217525 0.027751 0.051578
9 0.579945 0.293002 0.022089 0.066571
10 0.221140 0.462558 0.036104 0.025864
9 0.759374 0.562873 0.015137 0.033638
9 0.989189 0.403654 0.021444 0.082973
9 0.966795 0.310589 0.025062 0.053821
10 0.630079 0.315621 0.041627 0.063891
10 0.476647 0.568484 0.013536 0.023424
10 0.438974 0.583056 0.008830 0.020183
10 0.448617 0.577193 0.010135 0.020421
10 0.736669 0.492234 0.026490 0.058306
10 0.770004 0.498617 0.040180 0.024846
10 0.711441 0.384593 0.102175 0.049336
3 0.353828 0.606603 0.036581 0.058306
3 0.317140 0.627644 0.050338 0.061262
3 0.457588 0.629646 0.024325 0.062463
3 0.477352 0.636252 0.045609 0.070872
3 0.503847 0.659773 0.066494 0.088963
9 0.201070 0.508110 0.019134 0.038268
3 0.402013 0.646463 0.086825 0.138140
