3 0.024182 0.558709 0.011418 0.016397
3 0.024400 0.576685 0.010982 0.021832
3 0.010684 0.601344 0.021368 0.047449
3 0.109589 0.708783 0.219178 0.329082
10 0.209708 0.570153 0.013776 0.013776
10 0.182526 0.564337 0.010332 0.010714
9 0.216534 0.593419 0.011193 0.019898
3 0.202758 0.625255 0.011193 0.022959
3 0.213090 0.643623 0.019802 0.038265
3 0.238523 0.654839 0.056303 0.069658
3 0.261613 0.669447 0.066785 0.075479
3 0.305924 0.684770 0.068080 0.083155
3 0.382947 0.696866 0.136402 0.138630
3 0.513425 0.761990 0.208355 0.197449
7 0.687431 0.835102 0.145504 0.211225
3 0.031669 0.559147 0.006790 0.013221
3 0.014781 0.570873 0.018476 0.021898
3 0.008930 0.557186 0.008006 0.010949
3 0.005109 0.565410 0.009432 0.025153
7 0.275759 0.677898 0.029870 0.064051
