3 0.194153 0.353088 0.114979 0.106780
3 0.542951 0.337834 0.031748 0.045763
3 0.499620 0.334907 0.027458 0.039413
3 0.471932 0.330451 0.014664 0.021406
3 0.440432 0.326670 0.020628 0.032588
3 0.516926 0.331356 0.011588 0.020802
10 0.812359 0.282966 0.042903 0.054915
3 0.902474 0.488088 0.191345 0.495763
10 0.533083 0.225715 0.013729 0.010678
10 0.528046 0.246222 0.026966 0.032871
10 0.582303 0.325461 0.005772 0.012071
10 0.593600 0.325763 0.005958 0.012675
10 0.604201 0.326668 0.005432 0.012071
10 0.793502 0.357664 0.012871 0.015254
10 0.792644 0.370630 0.011155 0.013729
10 0.820530 0.358427 0.013729 0.013729
10 0.820101 0.371393 0.009439 0.015254
3 0.451425 0.328781 0.006111 0.018710
