10 0.621388 0.418601 0.028587 0.036961
10 0.621128 0.456486 0.025988 0.038809
1 0.426347 0.562287 0.016113 0.043429
1 0.455713 0.568293 0.020791 0.097947
1 0.576039 0.507770 0.017152 0.061910
1 0.654263 0.551661 0.023909 0.066530
1 0.714296 0.535952 0.021310 0.083162
1 0.736906 0.539187 0.033265 0.115503
1 0.744702 0.543345 0.013514 0.096099
1 0.808633 0.576610 0.057174 0.219918
1 0.873344 0.592318 0.073287 0.341889
1 0.925320 0.556281 0.051457 0.219918
1 0.283152 0.569217 0.016632 0.083162
1 0.298745 0.565983 0.014553 0.082238
1 0.968980 0.492523 0.010915 0.031417
1 0.958845 0.488365 0.014553 0.024949
3 0.957545 0.535028 0.064971 0.081314
3 0.802396 0.559515 0.085241 0.111807
3 0.733787 0.539187 0.038463 0.069302
9 0.458962 0.465727 0.018712 0.033265
3 0.978336 0.518396 0.027547 0.038809
