9 0.482469 0.435782 0.005998 0.017062
9 0.534654 0.450711 0.004799 0.017062
3 0.437183 0.485694 0.010649 0.012128
3 0.424886 0.484834 0.020394 0.012796
3 0.400893 0.484834 0.020394 0.017062
3 0.337912 0.491232 0.026392 0.034123
3 0.309121 0.491232 0.038389 0.042654
3 0.209550 0.486966 0.069579 0.068246
3 0.116578 0.491232 0.092373 0.076777
3 0.018207 0.486966 0.034790 0.093839
4 0.510661 0.493365 0.019194 0.034123
3 0.557559 0.536902 0.098594 0.151055
3 0.672613 0.525355 0.050385 0.059716
3 0.442882 0.487100 0.005240 0.013308
