3 0.400815 0.311457 0.013155 0.014882
3 0.387660 0.311102 0.010763 0.012756
3 0.376897 0.312165 0.017938 0.023386
3 0.360753 0.315354 0.016742 0.025512
3 0.433900 0.304724 0.010763 0.017008
3 0.442869 0.304724 0.014350 0.017008
3 0.445859 0.315354 0.017938 0.025512
3 0.452436 0.323858 0.016742 0.038268
3 0.466189 0.328110 0.020330 0.042520
3 0.466787 0.331299 0.014350 0.036142
3 0.479941 0.331299 0.021526 0.044646
3 0.493096 0.333425 0.023917 0.048898
3 0.517013 0.335551 0.040659 0.065906
3 0.526580 0.342992 0.038268 0.068032
3 0.552889 0.346181 0.050226 0.087165
3 0.590559 0.354685 0.092082 0.108425
3 0.666297 0.375591 0.120783 0.153071
3 0.336639 0.345416 0.007832 0.029392
3 0.328066 0.345827 0.019134 0.029764
3 0.317303 0.351142 0.026309 0.031890
3 0.295180 0.354331 0.027505 0.046772
3 0.278438 0.362835 0.025113 0.051024
3 0.258108 0.364961 0.027505 0.068032
3 0.224225 0.375591 0.058597 0.080787
3 0.171408 0.394725 0.062185 0.089291
3 0.106432 0.418110 0.114803 0.123307
3 0.412375 0.332362 0.022721 0.029764
10 0.229008 0.313937 0.010763 0.025512
10 0.462800 0.295866 0.009567 0.014882
3 0.026309 0.453685 0.052618 0.140315
3 0.780064 0.396496 0.202101 0.214724
3 0.903836 0.427323 0.188947 0.310394
