9 0.166954 0.550078 0.011865 0.035156
9 0.495884 0.463359 0.013184 0.044531
9 0.673862 0.592265 0.010547 0.025781
9 0.155912 0.630673 0.013439 0.027663
9 0.506431 0.465703 0.010547 0.044531
9 0.718687 0.411797 0.018457 0.063281
9 0.175523 0.550078 0.010547 0.035156
10 0.172886 0.524297 0.021094 0.021094
10 0.174429 0.499957 0.016270 0.033352
10 0.538731 0.472734 0.017139 0.044531
10 0.658701 0.543046 0.019775 0.021094
10 0.665293 0.500859 0.027686 0.053906
10 0.790537 0.537187 0.030322 0.014062
10 0.792515 0.557109 0.018457 0.021094
10 0.795151 0.582890 0.018457 0.021094
10 0.729234 0.543046 0.029004 0.067969
10 0.721983 0.480937 0.017139 0.042187
1 0.124249 0.687120 0.015238 0.062671
1 0.181456 0.682500 0.019775 0.070312
1 0.143895 0.685628 0.014076 0.059491
1 0.110300 0.685243 0.011937 0.061802
1 0.101445 0.689955 0.013683 0.060088
1 0.076646 0.681328 0.021094 0.077344
1 0.747031 0.628593 0.022412 0.089062
1 0.725938 0.628593 0.014502 0.046875
1 0.661338 0.670781 0.022412 0.093750
1 0.642881 0.669609 0.022412 0.091406
1 0.627720 0.674296 0.015820 0.053906
1 0.618491 0.666093 0.013184 0.056250
1 0.538072 0.676640 0.015820 0.082031
1 0.557167 0.670949 0.011861 0.047081
2 0.697593 0.660234 0.055371 0.199219
8 0.693638 0.723515 0.052734 0.147656
1 0.991587 0.680156 0.015820 0.206250
3 0.363389 0.698906 0.025049 0.037500
3 0.271104 0.684843 0.043506 0.056250
3 0.312179 0.677303 0.058909 0.069294
3 0.427989 0.674296 0.117334 0.180469
1 0.041036 0.673570 0.032185 0.091192
1 0.010863 0.674464 0.020116 0.096556
1 0.133168 0.684561 0.011266 0.055462
