3 0.367015 0.473973 0.020471 0.025995
5 0.390715 0.461015 0.023116 0.041670
3 0.463034 0.525963 0.111128 0.143838
3 0.322854 0.470926 0.009455 0.024263
3 0.315243 0.471189 0.012457 0.027358
3 0.303074 0.475638 0.019139 0.028117
3 0.278749 0.479376 0.014148 0.045991
3 0.271285 0.482579 0.018891 0.050449
3 0.246139 0.476573 0.049715 0.072786
3 0.229567 0.486971 0.028269 0.072786
3 0.199348 0.488704 0.051665 0.097048
3 0.171079 0.505167 0.063363 0.119576
3 0.151095 0.542426 0.017547 0.076252
4 0.083833 0.440180 0.165717 0.859564
9 0.392848 0.392523 0.007798 0.022529
9 0.329485 0.384724 0.005849 0.017330
10 0.714047 0.305007 0.012673 0.013864
10 0.736955 0.312805 0.021446 0.032927
10 0.725744 0.270347 0.024370 0.038126
10 0.533675 0.387464 0.006759 0.036674
3 0.328601 0.468874 0.005432 0.019917
3 0.332844 0.462838 0.007809 0.018710
3 0.339634 0.461933 0.006451 0.014485
10 0.541468 0.386488 0.009506 0.033799
