1 0.172942 0.601985 0.016389 0.104407
1 0.186600 0.595915 0.008195 0.072842
1 0.208453 0.597129 0.013658 0.075270
1 0.063680 0.605627 0.030047 0.174820
1 0.034998 0.603199 0.040974 0.179676
1 0.250792 0.594701 0.016389 0.080126
1 0.127871 0.603199 0.024584 0.101978
1 0.155187 0.614126 0.021853 0.167536
1 0.194112 0.598343 0.015024 0.092266
1 0.014085 0.608055 0.028169 0.194245
9 0.029535 0.479368 0.021853 0.038849
9 0.051388 0.480582 0.024584 0.041277
3 0.500730 0.594701 0.013658 0.031565
3 0.484341 0.604413 0.024584 0.046133
3 0.472732 0.577705 0.015024 0.026709
3 0.464537 0.595915 0.020487 0.097122
4 0.515754 0.587417 0.016389 0.094694
3 0.356945 0.601448 0.216551 0.391993
4 0.735260 0.462372 0.433548 0.801260
10 0.030218 0.274197 0.036876 0.021853
10 0.011097 0.422309 0.017755 0.075270
10 0.032267 0.300906 0.021853 0.031565
