9 0.597874 0.229553 0.010438 0.041237
9 0.461598 0.272852 0.009278 0.041237
9 0.397229 0.263574 0.008119 0.030928
9 0.234278 0.274914 0.009278 0.045361
9 0.019716 0.117182 0.025515 0.092784
9 0.584536 0.239863 0.009278 0.032990
9 0.606572 0.239863 0.006959 0.032990
9 0.390271 0.258419 0.005799 0.024742
9 0.005219 0.133677 0.010438 0.055670
9 0.692977 0.325430 0.012758 0.018557
10 0.691397 0.302474 0.013918 0.014433
10 0.324162 0.234708 0.033634 0.072165
10 0.327062 0.370447 0.013918 0.028866
10 0.327642 0.400344 0.012758 0.022680
1 0.879147 0.365657 0.012758 0.055670
3 0.369394 0.375258 0.017397 0.030928
3 0.387371 0.379382 0.023196 0.051546
3 0.342139 0.367010 0.016237 0.030928
3 0.309665 0.355670 0.013918 0.020619
3 0.294008 0.354639 0.010438 0.018557
3 0.282410 0.362887 0.015077 0.014433
3 0.284729 0.380412 0.012758 0.032990
3 0.255155 0.358763 0.011598 0.014433
3 0.242977 0.358763 0.012758 0.018557
3 0.231959 0.365979 0.011598 0.012371
3 0.240657 0.376289 0.017397 0.024742
3 0.320683 0.398969 0.047552 0.057732
3 0.174549 0.379382 0.024356 0.039175
3 0.219781 0.374227 0.017397 0.024742
3 0.265013 0.395876 0.038273 0.051546
3 0.195425 0.396907 0.038273 0.049485
3 0.664585 0.382152 0.093943 0.076289
3 0.819418 0.446070 0.129897 0.142268
3 0.705178 0.461534 0.184407 0.181443
3 0.941776 0.371843 0.068428 0.047423
3 0.973090 0.382152 0.024356 0.030928
4 0.125861 0.388338 0.074227 0.080412
3 0.496995 0.492201 0.250516 0.388150
5 0.037415 0.388990 0.074830 0.193058
3 0.953270 0.525322 0.091416 0.515721
9 0.996102 0.180090 0.007750 0.072165
