10 0.408789 0.419477 0.019128 0.013602
10 0.423613 0.421177 0.010520 0.020403
10 0.438916 0.425428 0.020084 0.025504
10 0.664624 0.402474 0.020084 0.034005
3 0.376819 0.461619 0.011477 0.011902
3 0.383991 0.459918 0.008608 0.015302
3 0.404554 0.465019 0.030605 0.032305
3 0.424160 0.460769 0.012433 0.013602
3 0.433246 0.466719 0.017215 0.025504
3 0.445201 0.477771 0.023910 0.030605
3 0.478196 0.475221 0.019128 0.032305
3 0.464807 0.470120 0.019128 0.018703
3 0.463372 0.488823 0.033474 0.045907
3 0.413640 0.488823 0.039212 0.062909
3 0.392599 0.459918 0.012433 0.022103
3 0.628927 0.491373 0.023343 0.064610
3 0.833209 0.516580 0.128157 0.101422
3 0.912207 0.544421 0.174063 0.265239
4 0.549049 0.432143 0.142853 0.291885
