3 0.831468 0.527387 0.334419 0.320174
3 0.038203 0.489820 0.076405 0.073172
8 0.562514 0.495508 0.047558 0.092864
3 0.386456 0.473908 0.029130 0.030726
3 0.369162 0.474024 0.008576 0.022177
3 0.361366 0.474024 0.003898 0.019405
3 0.356298 0.469866 0.006237 0.016632
4 0.345383 0.460857 0.012474 0.018018
3 0.336417 0.459471 0.005458 0.015246
3 0.140726 0.474717 0.044440 0.051283
3 0.173471 0.471252 0.028847 0.049897
3 0.265469 0.476104 0.041321 0.040195
3 0.231555 0.476104 0.023389 0.031879
3 0.293147 0.462936 0.015593 0.019405
3 0.307570 0.462936 0.010135 0.016632
9 0.273266 0.424820 0.005458 0.015246
9 0.384755 0.426206 0.005458 0.012474
10 0.367213 0.431057 0.006237 0.016632
10 0.263130 0.425513 0.011695 0.011088
