9 0.544405 0.450000 0.005273 0.015000
9 0.536495 0.450937 0.006328 0.016875
4 0.509073 0.500625 0.016875 0.045000
3 0.512765 0.517500 0.009492 0.022500
3 0.525948 0.526875 0.027422 0.045000
10 0.619288 0.393750 0.017930 0.037500
3 0.559698 0.519375 0.010547 0.048750
3 0.579737 0.526875 0.042187 0.078750
3 0.576046 0.535312 0.022148 0.069375
3 0.593448 0.546562 0.040078 0.095625
3 0.603995 0.568125 0.044297 0.116250
3 0.492198 0.527812 0.014766 0.031875
3 0.452648 0.528750 0.020039 0.037500
3 0.290753 0.552187 0.050625 0.058125
3 0.244874 0.548437 0.062227 0.076875
3 0.174737 0.554062 0.118125 0.103125
3 0.079816 0.568125 0.151875 0.131250
3 0.793309 0.594107 0.412377 0.591965
10 0.426280 0.466875 0.015820 0.011250
2 0.472159 0.519375 0.042187 0.146250
8 0.473741 0.565312 0.034805 0.095625
