9 0.554551 0.300469 0.009229 0.046875
9 0.545322 0.323906 0.009229 0.028125
9 0.311314 0.343828 0.010547 0.021094
9 0.283628 0.303984 0.007910 0.035156
9 0.319224 0.309844 0.010547 0.023437
9 0.308018 0.311015 0.009229 0.025781
9 0.274400 0.305156 0.007910 0.037500
9 0.283628 0.373125 0.007910 0.018750
9 0.271763 0.371953 0.010547 0.021094
9 0.051597 0.325078 0.013184 0.044531
9 0.716050 0.369609 0.013184 0.021094
10 0.553577 0.343988 0.016451 0.026102
10 0.679795 0.258281 0.035596 0.051562
10 0.678814 0.098413 0.046817 0.041201
10 0.676878 0.036414 0.066675 0.072829
3 0.754282 0.417656 0.015820 0.032812
3 0.148315 0.440156 0.017139 0.028125
3 0.245215 0.442500 0.021094 0.042187
3 0.324975 0.435468 0.032959 0.032812
3 0.440991 0.433125 0.011865 0.032812
3 0.279096 0.455856 0.051943 0.072072
3 0.125903 0.442500 0.017139 0.023437
3 0.105469 0.444843 0.021094 0.023437
3 0.074487 0.449531 0.014502 0.037500
3 0.215372 0.449801 0.053716 0.066164
3 0.047642 0.435234 0.055371 0.058594
3 0.086534 0.451640 0.022412 0.044531
4 0.178819 0.436406 0.046143 0.056250
4 0.862388 0.388359 0.189844 0.236719
4 0.361392 0.408328 0.152891 0.290530
3 0.025230 0.469369 0.050098 0.084685
