9 0.268467 0.308672 0.017139 0.063281
9 0.874912 0.278203 0.019775 0.063281
9 0.669907 0.363750 0.010547 0.037500
9 0.272422 0.360234 0.019775 0.025781
9 0.851841 0.285234 0.015820 0.072656
10 0.865024 0.193828 0.036914 0.021094
3 0.527525 0.424687 0.039551 0.098437
3 0.745054 0.421172 0.044824 0.035156
3 0.658042 0.420000 0.023730 0.028125
3 0.616514 0.417656 0.017139 0.023437
3 0.598057 0.416484 0.011865 0.016406
3 0.568394 0.408281 0.010547 0.018750
3 0.573008 0.416484 0.011865 0.021094
3 0.586192 0.417656 0.017139 0.028125
3 0.458970 0.435234 0.121289 0.166406
3 0.627720 0.417656 0.018457 0.023437
