3 0.024370 0.460109 0.048740 0.053723
3 0.096019 0.454044 0.069211 0.055456
3 0.247601 0.439313 0.077985 0.067587
1 0.204222 0.454910 0.022421 0.077985
10 0.332897 0.415918 0.102355 0.159435
1 0.145734 0.447112 0.024370 0.090116
1 0.161818 0.447112 0.015597 0.069320
3 0.769679 0.538960 0.254561 0.270347
3 0.491303 0.595283 0.253450 0.417651
9 0.124775 0.371727 0.011698 0.025995
9 0.113565 0.373460 0.010723 0.022529
9 0.592196 0.432381 0.012673 0.025995
9 0.498127 0.314538 0.009748 0.025995
9 0.292930 0.281611 0.014622 0.032927
9 0.498127 0.389923 0.011698 0.020796
9 0.052640 0.325802 0.019496 0.048524
10 0.083346 0.347465 0.008773 0.032927
10 0.138423 0.254172 0.013647 0.027728
10 0.109178 0.237709 0.017547 0.029461
10 0.569775 0.356130 0.014622 0.015597
10 0.198861 0.352664 0.007798 0.025995
