10 0.372896 0.168894 0.021094 0.014447
10 0.351363 0.220264 0.072949 0.095312
10 0.401900 0.315576 0.017578 0.067187
10 0.502974 0.349170 0.019336 0.040625
10 0.518355 0.299951 0.011426 0.039062
10 0.484956 0.334326 0.018457 0.020312
10 0.483199 0.357764 0.009668 0.017187
10 0.524507 0.365576 0.011426 0.026562
10 0.554390 0.361670 0.013184 0.018750
10 0.580757 0.366357 0.011426 0.021875
10 0.597456 0.362451 0.009668 0.023437
3 0.299947 0.392920 0.033398 0.046875
3 0.246204 0.379576 0.018457 0.023437
3 0.209290 0.380357 0.009668 0.018750
3 0.199182 0.382701 0.007031 0.010937
10 0.163586 0.282701 0.025488 0.051562
10 0.163586 0.332701 0.021973 0.045312
3 0.187756 0.378795 0.007031 0.015625
4 0.146466 0.375463 0.024571 0.027042
