3 0.025230 0.649218 0.050098 0.131250
3 0.195298 0.642416 0.168750 0.192645
9 0.195298 0.254297 0.015820 0.091406
9 0.209141 0.247265 0.009229 0.053906
4 0.485337 0.465766 0.340136 0.708108
9 0.791856 0.168750 0.025049 0.089062
9 0.784605 0.407812 0.007910 0.037500
9 0.795811 0.421875 0.009229 0.046875
9 0.721323 0.499218 0.013184 0.032812
3 0.784973 0.568718 0.098296 0.073375
1 0.847227 0.562500 0.014502 0.065625
1 0.868980 0.573046 0.021094 0.072656
10 0.896006 0.465234 0.019775 0.011719
10 0.895347 0.485156 0.007910 0.032812
3 0.930942 0.617578 0.137109 0.157031
3 0.986973 0.513281 0.025049 0.075000
9 0.292857 0.485156 0.010547 0.037500
4 0.279673 0.561328 0.131836 0.096094
10 0.197276 0.384375 0.025049 0.009375
9 0.201890 0.421875 0.013184 0.046875
