3 0.532143 0.525501 0.016389 0.024281
3 0.545118 0.525501 0.015024 0.024281
3 0.560825 0.527929 0.019121 0.029137
3 0.573117 0.527929 0.016389 0.024281
3 0.516437 0.521859 0.015024 0.036421
3 0.508242 0.526715 0.017755 0.031565
3 0.497316 0.527929 0.023218 0.038849
3 0.491853 0.541284 0.034145 0.050989
3 0.461806 0.543712 0.031413 0.080126
3 0.380541 0.575277 0.161162 0.220953
3 0.592238 0.537642 0.030047 0.043705
3 0.068460 0.541284 0.135213 0.114119
3 0.145627 0.541284 0.065558 0.075270
4 0.883150 0.400456 0.232183 0.789119
1 0.062314 0.547354 0.027316 0.092266
1 0.127189 0.540070 0.020487 0.077698
1 0.185234 0.519431 0.019121 0.036421
1 0.183186 0.553424 0.023218 0.080126
1 0.239866 0.534000 0.016389 0.046133
9 0.129920 0.455088 0.028681 0.043705
9 0.364152 0.342183 0.008195 0.046133
9 0.383956 0.340102 0.009560 0.041277
9 0.373712 0.343397 0.010926 0.043705
