3 0.349249 0.590512 0.007087 0.026086
3 0.341574 0.592173 0.014502 0.032812
3 0.334016 0.602467 0.012323 0.035495
3 0.325736 0.606843 0.015187 0.048529
3 0.308256 0.611244 0.030799 0.074326
3 0.271783 0.635879 0.046079 0.109636
3 0.204527 0.654375 0.139746 0.192187
3 0.379869 0.575859 0.010547 0.021094
3 0.387334 0.583161 0.018625 0.040789
3 0.398915 0.589239 0.016557 0.040166
3 0.422304 0.595571 0.035223 0.076199
3 0.434879 0.611244 0.042187 0.084579
3 0.470176 0.621562 0.054053 0.112500
3 0.530821 0.636796 0.104150 0.194531
3 0.686387 0.680156 0.296631 0.360937
3 0.095672 0.810234 0.191343 0.377343
3 0.867661 0.838359 0.263672 0.321094
3 0.294462 0.629185 0.031717 0.079452
3 0.354234 0.588178 0.008650 0.019222
3 0.405233 0.593624 0.012615 0.049337
