1 0.973021 0.510329 0.051619 0.283459
1 0.934020 0.498093 0.051619 0.258988
1 0.862900 0.407345 0.017206 0.089728
1 0.820458 0.413463 0.021795 0.093807
1 0.739588 0.434875 0.020648 0.104003
1 0.713778 0.415502 0.019501 0.081571
1 0.676784 0.442013 0.018353 0.089728
1 0.666174 0.439974 0.016059 0.079532
3 0.551178 0.439974 0.052766 0.075453
3 0.430733 0.454248 0.071120 0.099924
3 0.514471 0.400208 0.022942 0.048943
3 0.482926 0.411424 0.017206 0.022432
3 0.501279 0.489936 0.115856 0.159063
3 0.161740 0.594958 0.323480 0.405816
10 0.693417 0.282440 0.027530 0.020393
10 0.614841 0.316427 0.016059 0.014275
9 0.590203 0.172000 0.017437 0.029000
10 0.693984 0.209500 0.031500 0.038000
9 0.578109 0.368000 0.011250 0.009000
