10 0.455674 0.493828 0.009229 0.025781
3 0.437695 0.520312 0.015820 0.032812
3 0.371777 0.519140 0.015820 0.016406
3 0.360571 0.529687 0.017139 0.032812
3 0.487793 0.529687 0.034277 0.079687
3 0.514160 0.532031 0.052734 0.103125
3 0.577441 0.566015 0.110742 0.189844
3 0.763511 0.654140 0.326953 0.278906
3 0.452378 0.533437 0.029004 0.032812
3 0.339659 0.540468 0.030322 0.042187
3 0.215074 0.561562 0.097559 0.150000
3 0.397666 0.515859 0.014502 0.030469
3 0.412827 0.514687 0.013184 0.023437
3 0.011956 0.650625 0.023912 0.126562
