10 0.203552 0.232109 0.045586 0.070379
10 0.399094 0.217180 0.045586 0.074645
10 0.175360 0.570142 0.027592 0.046919
10 0.161565 0.656516 0.026392 0.036256
10 0.511860 0.474170 0.043187 0.059716
10 0.518459 0.621327 0.025193 0.038389
3 0.351708 0.674563 0.068380 0.102208
5 0.430566 0.623906 0.056969 0.111676
3 0.477071 0.657773 0.062381 0.085690
1 0.668414 0.621327 0.032390 0.132227
1 0.560446 0.622393 0.015595 0.091706
7 0.812971 0.615995 0.043187 0.108768
7 0.863356 0.621327 0.105569 0.132227
7 0.925738 0.624526 0.119964 0.211137
