3 0.982595 0.422583 0.032028 0.108367
3 0.374334 0.370045 0.013431 0.025714
3 0.367102 0.374636 0.015497 0.027551
3 0.359353 0.380147 0.016531 0.023878
3 0.342306 0.381065 0.027895 0.040408
3 0.309244 0.372633 0.052691 0.090000
3 0.280833 0.384571 0.070255 0.117551
3 0.433224 0.371714 0.007232 0.029388
3 0.439940 0.375388 0.018597 0.040408
3 0.454920 0.380898 0.017564 0.040408
3 0.466285 0.385490 0.025829 0.049592
3 0.483849 0.398347 0.023763 0.045918
3 0.514327 0.410286 0.068189 0.080816
3 0.215227 0.393922 0.151875 0.146939
10 0.775201 0.078922 0.042360 0.038571
10 0.789665 0.145045 0.044426 0.042245
10 0.781400 0.173347 0.027895 0.040408
3 0.421132 0.373057 0.019673 0.023316
3 0.406049 0.369560 0.018361 0.025648
