3 0.380858 0.534592 0.010531 0.012481
3 0.380273 0.543953 0.011701 0.014561
3 0.369742 0.537712 0.009361 0.010401
3 0.362722 0.544993 0.016381 0.024961
3 0.353361 0.550193 0.021061 0.031202
5 0.353361 0.526965 0.018721 0.016641
3 0.455450 0.565794 0.025742 0.047843
3 0.040075 0.518991 0.030422 0.033282
3 0.242790 0.536325 0.017551 0.010401
3 0.218803 0.531125 0.021061 0.020801
3 0.194232 0.534245 0.018721 0.018721
3 0.180659 0.526064 0.014041 0.010401
3 0.140876 0.528367 0.042123 0.035808
3 0.013339 0.517951 0.025742 0.062404
3 0.308782 0.561218 0.073714 0.117319
3 0.419084 0.567354 0.060445 0.079045
3 0.274381 0.536672 0.015211 0.016641
10 0.358438 0.483109 0.022609 0.031202
10 0.750222 0.505470 0.076055 0.095686
8 0.310861 0.562674 0.023401 0.081125
