3 0.020811 0.718583 0.041292 0.085039
3 0.045044 0.722835 0.021526 0.055276
3 0.109023 0.701575 0.111216 0.182835
10 0.565246 0.346536 0.052618 0.042520
10 0.574215 0.263622 0.049031 0.021260
9 0.602318 0.429449 0.026309 0.046772
9 0.574215 0.442205 0.027505 0.042520
10 0.066285 0.418120 0.081319 0.044524
9 0.184676 0.377666 0.019134 0.091417
1 0.950878 0.506410 0.055010 0.136063
3 0.772516 0.553775 0.157520 0.140102
3 0.668721 0.583683 0.062320 0.096319
3 0.635130 0.585679 0.067048 0.087596
10 0.477913 0.593575 0.008371 0.017008
10 0.476119 0.577630 0.009567 0.014882
10 0.466552 0.618024 0.009567 0.019134
4 0.456985 0.631843 0.019134 0.034016
3 0.441439 0.641410 0.011959 0.019134
9 0.437852 0.608457 0.009567 0.017008
9 0.427687 0.573378 0.010763 0.019134
9 0.398986 0.579756 0.010763 0.014882
3 0.378341 0.656811 0.017017 0.021626
4 0.413684 0.624888 0.039464 0.087165
10 0.245465 0.530017 0.017938 0.023386
9 0.207995 0.621091 0.010763 0.017008
2 0.219356 0.671052 0.021526 0.070157
8 0.219954 0.695501 0.025113 0.051024
10 0.241773 0.559850 0.008959 0.007680
3 0.270003 0.674058 0.043893 0.067665
3 0.308248 0.668569 0.057402 0.063780
3 0.578964 0.601229 0.035876 0.046772
3 0.385131 0.651023 0.014702 0.026138
