3 0.458377 0.552901 0.029836 0.015705
3 0.401249 0.550658 0.017880 0.007479
3 0.400723 0.563747 0.018932 0.026177
3 0.385472 0.560007 0.013673 0.026177
3 0.373903 0.565617 0.019984 0.026177
3 0.360756 0.566552 0.018932 0.028047
3 0.349712 0.565617 0.013673 0.029917
3 0.336501 0.573862 0.027218 0.031450
3 0.304981 0.574966 0.016891 0.048615
3 0.280822 0.572161 0.042071 0.061704
3 0.235596 0.573096 0.056795 0.074792
3 0.416865 0.574876 0.032284 0.040956
3 0.175119 0.583380 0.085193 0.084141
3 0.454363 0.589924 0.050485 0.074792
10 0.514840 0.471659 0.013673 0.044875
10 0.593722 0.350121 0.028398 0.100970
1 0.770594 0.595378 0.035760 0.104398
3 0.005960 0.592729 0.010518 0.059834
