3 0.430052 0.374227 0.009278 0.022680
3 0.395838 0.373196 0.012758 0.016495
3 0.384820 0.375258 0.013918 0.020619
3 0.376121 0.374227 0.010438 0.018557
3 0.368583 0.376289 0.011598 0.026804
3 0.362784 0.376289 0.013918 0.030928
3 0.355245 0.376289 0.012758 0.030928
3 0.347706 0.379382 0.013918 0.032990
3 0.336688 0.378351 0.017397 0.039175
3 0.326250 0.377320 0.019716 0.037113
3 0.466005 0.386598 0.006959 0.026804
3 0.470065 0.389691 0.010438 0.037113
3 0.476443 0.387629 0.011598 0.037113
3 0.489781 0.383505 0.031314 0.053608
3 0.510657 0.393814 0.045232 0.061856
3 0.671521 0.418851 0.263041 0.297496
3 0.536521 0.417938 0.013918 0.092784
3 0.310825 0.375670 0.023196 0.057732
3 0.295747 0.375670 0.027835 0.065979
3 0.845954 0.414845 0.092784 0.082474
3 0.923660 0.428247 0.150773 0.129897
3 0.253763 0.374227 0.076546 0.088660
3 0.448724 0.380412 0.038273 0.059794
3 0.015657 0.437801 0.031314 0.123711
3 0.958550 0.595981 0.081532 0.148663
10 0.175709 0.210825 0.017397 0.016495
10 0.186727 0.238660 0.025515 0.018557
10 0.745748 0.209794 0.047552 0.030928
10 0.759665 0.097423 0.024356 0.037113
10 0.767204 0.128351 0.032474 0.024742
10 0.763724 0.158247 0.032474 0.043299
10 0.762565 0.206701 0.034794 0.053608
10 0.760825 0.253093 0.033634 0.043299
10 0.717912 0.255155 0.015077 0.035052
10 0.717912 0.211856 0.012758 0.051546
10 0.720812 0.164433 0.016237 0.039175
1 0.212242 0.370103 0.016237 0.072165
1 0.571199 0.426804 0.045232 0.243299
3 0.405812 0.376289 0.015077 0.022680
10 0.179791 0.144265 0.015077 0.051546
