10 0.698725 0.377467 0.018984 0.037303
10 0.699224 0.418322 0.029975 0.030197
10 0.700224 0.447632 0.015987 0.021316
10 0.297055 0.362368 0.018984 0.028421
10 0.297055 0.404112 0.028976 0.037303
10 0.300053 0.434309 0.014988 0.019539
3 0.121700 0.505362 0.045962 0.047961
3 0.074239 0.506250 0.052956 0.046184
3 0.598807 0.477829 0.016986 0.017763
3 0.566317 0.481264 0.018984 0.014211
3 0.539027 0.484830 0.020642 0.014419
10 0.451928 0.432533 0.016986 0.015987
10 0.441437 0.372138 0.011990 0.026645
10 0.515376 0.441414 0.009992 0.019539
3 0.395030 0.484218 0.025049 0.028125
3 0.615195 0.472500 0.019775 0.023437
