9 0.352157 0.521035 0.017206 0.063218
9 0.552325 0.554683 0.020648 0.061178
9 0.747904 0.748414 0.021795 0.040785
9 0.336098 0.525113 0.008030 0.046903
9 0.537986 0.557742 0.010324 0.050982
9 0.228080 0.737878 0.008030 0.022432
9 0.208006 0.734819 0.009177 0.024471
1 0.650784 0.841881 0.018353 0.095846
10 0.728786 0.686556 0.029824 0.020393
10 0.746566 0.639653 0.030971 0.016314
10 0.220624 0.692674 0.016059 0.016314
9 0.070929 0.667183 0.014912 0.034668
9 0.433410 0.801095 0.005735 0.018353
3 0.429968 0.836782 0.014912 0.028550
3 0.415056 0.840861 0.012618 0.028550
3 0.402438 0.836782 0.014912 0.040785
3 0.143769 0.812311 0.119298 0.089728
3 0.542957 0.836782 0.073414 0.097885
3 0.469543 0.824547 0.078002 0.110121
3 0.376055 0.834743 0.047031 0.061178
3 0.042060 0.814350 0.084120 0.101964
3 0.888732 0.841956 0.222536 0.316088
9 0.989558 0.645091 0.016059 0.040785
