3 0.926643 0.497919 0.144576 0.215850
3 0.077084 0.555313 0.153700 0.315665
3 0.176973 0.504915 0.113263 0.129661
3 0.470855 0.460678 0.028316 0.044237
5 0.586692 0.442373 0.035180 0.111356
5 0.646327 0.432458 0.092669 0.143390
3 0.348154 0.514830 0.247977 0.417966
3 0.519498 0.471037 0.087848 0.148603
9 0.477720 0.409576 0.004290 0.012203
10 0.218159 0.378305 0.013729 0.007627
10 0.487158 0.395085 0.006006 0.013729
3 0.809785 0.476695 0.137288 0.143390
3 0.690945 0.471356 0.146727 0.184576
1 0.890442 0.439322 0.020593 0.071695
3 0.451549 0.442373 0.013729 0.025932
