10 0.477168 0.320603 0.028269 0.024262
10 0.465958 0.346598 0.023395 0.017330
10 0.473757 0.390790 0.013647 0.032927
9 0.319737 0.358729 0.009748 0.051990
1 0.038505 0.525096 0.049715 0.142105
1 0.386999 0.510366 0.019496 0.095315
4 0.054589 0.495636 0.081884 0.083184
3 0.144272 0.500835 0.058488 0.058922
3 0.099918 0.494769 0.030219 0.057189
3 0.173516 0.491303 0.015597 0.032927
3 0.182289 0.490437 0.011698 0.031194
3 0.192525 0.486104 0.018521 0.036393
3 0.201298 0.482638 0.014622 0.029461
3 0.215433 0.484371 0.017547 0.022529
3 0.248576 0.500835 0.029244 0.038126
3 0.268072 0.488704 0.011698 0.027728
4 0.246626 0.468774 0.021446 0.032927
3 0.260274 0.463575 0.005849 0.015597
3 0.676517 0.515565 0.134523 0.105712
3 0.574649 0.513832 0.137448 0.119576
4 0.545405 0.495636 0.127700 0.152503
4 0.665794 0.467908 0.079934 0.051990
4 0.781796 0.492170 0.081884 0.083184
3 0.733056 0.474840 0.027295 0.027728
3 0.820788 0.484371 0.019496 0.046791
3 0.842721 0.483641 0.026320 0.045331
3 0.867579 0.482706 0.023395 0.039994
3 0.887075 0.483572 0.013647 0.038261
3 0.902185 0.474770 0.016572 0.041452
3 0.926555 0.475671 0.028269 0.043253
3 0.958724 0.472240 0.041917 0.050257
3 0.986506 0.466175 0.019496 0.020796
