10 0.687177 0.263921 0.077487 0.027551
10 0.736683 0.359585 0.028412 0.016837
10 0.718602 0.374126 0.011193 0.021429
10 0.571770 0.419388 0.011193 0.006122
9 0.637548 0.212755 0.009471 0.050510
9 0.498501 0.189796 0.013776 0.065816
9 0.473706 0.416327 0.003788 0.022653
9 0.472242 0.452449 0.002583 0.012245
9 0.738712 0.405765 0.018941 0.026020
3 0.203189 0.423980 0.030995 0.021429
3 0.120966 0.440817 0.033578 0.045918
3 0.056824 0.434694 0.105038 0.076531
3 0.486792 0.481225 0.006888 0.018367
3 0.493250 0.481990 0.009471 0.022959
3 0.504873 0.481990 0.020663 0.044388
3 0.596135 0.493470 0.048214 0.067347
3 0.481196 0.482755 0.006027 0.021429
3 0.473017 0.480459 0.013776 0.038265
3 0.433412 0.471276 0.006888 0.019898
3 0.419206 0.475868 0.023246 0.044388
3 0.386920 0.473572 0.053380 0.064286
3 0.385628 0.479694 0.037022 0.052041
3 0.348176 0.475102 0.055102 0.064286
3 0.316234 0.477398 0.091435 0.090306
3 0.259324 0.480459 0.149809 0.105612
3 0.451320 0.485817 0.046492 0.070408
3 0.539241 0.500463 0.071460 0.096429
3 0.643849 0.515769 0.065434 0.078061
3 0.011193 0.442347 0.021524 0.064286
3 0.948829 0.720000 0.099761 0.423530
