10 0.597045 0.423320 0.029014 0.048024
10 0.596545 0.457115 0.030015 0.016008
10 0.617555 0.492688 0.008004 0.023123
10 0.663928 0.451290 0.009205 0.015919
10 0.513154 0.480415 0.009004 0.023123
10 0.289393 0.477658 0.010005 0.021166
10 0.239869 0.469565 0.013006 0.026680
10 0.175087 0.449111 0.018009 0.026680
10 0.163081 0.451779 0.014007 0.021344
10 0.213606 0.475791 0.015007 0.019565
10 0.013006 0.358844 0.018009 0.014229
10 0.048024 0.364180 0.018009 0.014229
10 0.060530 0.376631 0.043021 0.014229
10 0.019510 0.373963 0.039019 0.016008
3 0.115057 0.494763 0.016008 0.019565
3 0.083041 0.501818 0.046023 0.037233
3 0.034017 0.494644 0.034017 0.016008
3 0.279638 0.499980 0.011005 0.012451
3 0.293145 0.501759 0.014007 0.019565
3 0.314655 0.506206 0.009004 0.014229
3 0.308152 0.505316 0.008004 0.016008
3 0.323660 0.506472 0.013006 0.017787
3 0.356676 0.504694 0.017008 0.028459
3 0.388695 0.502899 0.011000 0.017754
3 0.436216 0.506102 0.010005 0.013488
3 0.499747 0.509882 0.023011 0.017787
3 0.243620 0.504249 0.019009 0.033794
3 0.336916 0.506028 0.021010 0.021344
3 0.444970 0.508696 0.013006 0.023123
3 0.460978 0.508696 0.013006 0.023123
3 0.262880 0.506917 0.035017 0.033794
3 0.168702 0.505433 0.104488 0.088344
10 0.570032 0.446443 0.009004 0.014229
10 0.568031 0.507806 0.007003 0.016008
10 0.569531 0.467787 0.008004 0.017787
10 0.419707 0.471522 0.011005 0.016008
3 0.424610 0.505138 0.012006 0.014229
10 0.334737 0.410611 0.072686 0.045907
3 0.375065 0.502425 0.016259 0.032305
