9 0.784264 0.445951 0.018545 0.034704
9 0.761327 0.450289 0.013665 0.036440
9 0.233278 0.457230 0.017569 0.032969
9 0.583196 0.367866 0.010737 0.034704
9 0.436787 0.340970 0.012689 0.039910
9 0.447523 0.337500 0.012689 0.043380
9 0.592956 0.369601 0.008785 0.038175
9 0.686170 0.491067 0.017569 0.024293
10 0.244503 0.377410 0.016593 0.022558
10 0.255240 0.400835 0.030258 0.020823
10 0.235230 0.375675 0.021473 0.019087
10 0.374807 0.473714 0.021473 0.013882
9 0.364070 0.505816 0.017569 0.022558
10 0.616870 0.524036 0.009761 0.017352
10 0.861861 0.366998 0.023425 0.032969
3 0.181547 0.570019 0.056611 0.074614
3 0.446547 0.551799 0.008785 0.013882
3 0.459724 0.570887 0.035138 0.072879
3 0.421170 0.575225 0.043923 0.064203
3 0.618334 0.571754 0.032210 0.053792
3 0.685194 0.576092 0.103462 0.159640
3 0.539761 0.573489 0.138600 0.230784
3 0.241087 0.592577 0.144457 0.164846
3 0.082095 0.623177 0.164189 0.281574
3 0.877478 0.596047 0.244015 0.345308
3 0.963859 0.727924 0.069300 0.307133
10 0.674185 0.462372 0.021853 0.014568
