3 0.087039 0.444397 0.174079 0.195789
3 0.238470 0.435582 0.155428 0.124997
3 0.358372 0.426239 0.157204 0.127895
3 0.465395 0.408870 0.087039 0.102632
3 0.552878 0.397818 0.070164 0.045789
3 0.601727 0.422291 0.034638 0.050526
3 0.638585 0.429599 0.058618 0.051701
3 0.677664 0.416765 0.031974 0.017368
3 0.819769 0.442028 0.058618 0.058421
3 0.856628 0.442230 0.036414 0.052508
3 0.881496 0.440449 0.027533 0.042632
3 0.986743 0.452867 0.023092 0.051677
3 0.539112 0.461263 0.182960 0.141101
3 0.724292 0.441239 0.142993 0.104210
3 0.934342 0.445186 0.085263 0.074210
3 0.237582 0.369397 0.059507 0.023684
3 0.159279 0.384109 0.034439 0.047449
