3 0.669535 0.519948 0.009181 0.023316
3 0.657076 0.524611 0.010492 0.018653
3 0.646584 0.521114 0.015738 0.025648
3 0.633468 0.518782 0.020984 0.030311
3 0.622976 0.518782 0.023608 0.044301
3 0.613140 0.519948 0.024919 0.041969
3 0.603959 0.521114 0.024919 0.053627
3 0.596745 0.525777 0.026231 0.058290
3 0.361326 0.571278 0.182302 0.172607
3 0.689733 0.523446 0.009181 0.020984
3 0.696290 0.524611 0.011804 0.023316
3 0.704815 0.523446 0.013115 0.030311
3 0.710717 0.524611 0.014427 0.027979
3 0.721210 0.525777 0.019673 0.030311
3 0.731046 0.531606 0.018361 0.046632
3 0.751375 0.532772 0.038034 0.058290
3 0.756621 0.540933 0.032788 0.065285
3 0.777605 0.535104 0.053773 0.090933
3 0.778261 0.542098 0.044592 0.095596
3 0.822853 0.553794 0.104922 0.118987
3 0.854461 0.580066 0.077380 0.148215
3 0.563564 0.516269 0.061642 0.095231
3 0.524087 0.535104 0.073446 0.086269
3 0.156072 0.626954 0.312144 0.367898
3 0.925546 0.603151 0.145580 0.268996
