3 0.517312 0.543326 0.201894 0.379774
3 0.813667 0.566196 0.353394 0.347895
3 0.621377 0.499666 0.060812 0.139990
10 0.844746 0.370072 0.014813 0.033265
9 0.592920 0.420662 0.010135 0.020791
9 0.581226 0.419276 0.007017 0.018018
9 0.489228 0.316016 0.008576 0.033265
9 0.550040 0.300770 0.010135 0.044353
9 0.250266 0.389476 0.009356 0.019405
9 0.240521 0.419969 0.010135 0.019405
9 0.499753 0.313244 0.012474 0.038809
9 0.558616 0.301463 0.008576 0.040195
9 0.440110 0.415118 0.005458 0.020791
9 0.394111 0.433136 0.010135 0.018018
1 0.141506 0.509124 0.021050 0.101669
1 0.228826 0.483034 0.013254 0.067916
1 0.239741 0.486499 0.008576 0.069302
1 0.255334 0.480262 0.019491 0.065144
3 0.422958 0.476797 0.021050 0.063758
