3 0.250846 0.574031 0.026294 0.026177
3 0.238225 0.615166 0.038915 0.063573
3 0.217716 0.683414 0.065210 0.072922
3 0.204043 0.626385 0.031553 0.033657
3 0.188266 0.651628 0.050485 0.065443
3 0.139423 0.688089 0.076652 0.074792
3 0.433328 0.660042 0.025242 0.056094
3 0.743599 0.631434 0.149351 0.084141
3 0.886534 0.615540 0.118850 0.086011
3 0.951849 0.546919 0.093607 0.198200
3 0.334067 0.626065 0.178011 0.240204
10 0.094396 0.562344 0.032605 0.043006
10 0.095448 0.597871 0.017880 0.024307
10 0.483024 0.533362 0.014725 0.033657
10 0.466721 0.567019 0.013673 0.041136
1 0.631060 0.616844 0.033657 0.115544
