3 0.543503 0.569717 0.011462 0.015283
3 0.496221 0.572265 0.022925 0.040755
3 0.549950 0.582453 0.018626 0.020377
4 0.512698 0.567170 0.018626 0.030566
3 0.525593 0.582453 0.030088 0.035660
3 0.456425 0.583028 0.072284 0.113224
3 0.602963 0.582453 0.044416 0.040755
3 0.644514 0.580755 0.021492 0.035660
3 0.395926 0.596038 0.045849 0.071321
3 0.378733 0.604953 0.048715 0.089151
3 0.317056 0.608428 0.091564 0.116477
3 0.230503 0.639340 0.098989 0.168113
3 0.702542 0.611321 0.094564 0.112076
3 0.757704 0.634246 0.101728 0.127359
3 0.892807 0.674255 0.212642 0.222661
3 0.104832 0.680955 0.209664 0.298847
9 0.512698 0.508161 0.015761 0.012736
9 0.550667 0.508585 0.014328 0.015283
9 0.566427 0.534057 0.005731 0.025472
9 0.605113 0.488208 0.008597 0.025472
9 0.592218 0.531510 0.008597 0.025472
10 0.448939 0.494576 0.034387 0.022925
10 0.361539 0.471651 0.011462 0.017830
10 0.702542 0.490755 0.017193 0.020377
1 0.887371 0.627029 0.126085 0.613868
3 0.995270 0.716216 0.008108 0.081081
