9 0.244137 0.267354 0.028995 0.115464
9 0.283570 0.272509 0.024356 0.068041
9 0.267333 0.256014 0.017397 0.096907
9 0.637307 0.212715 0.019716 0.101031
9 0.615851 0.215808 0.025515 0.090722
9 0.627333 0.383162 0.030387 0.046048
10 0.651224 0.291065 0.052191 0.035052
10 0.881443 0.372509 0.032474 0.032990
10 0.852449 0.380756 0.025515 0.049485
10 0.773003 0.426117 0.015077 0.049485
10 0.651701 0.460727 0.014125 0.077467
10 0.492333 0.244674 0.052191 0.065979
10 0.422165 0.413746 0.030155 0.016495
10 0.437242 0.428179 0.025515 0.020619
10 0.472616 0.376083 0.015077 0.074227
9 0.443621 0.498557 0.015077 0.032990
3 0.940883 0.592784 0.115979 0.113402
3 0.799729 0.604657 0.173375 0.117355
3 0.332281 0.608248 0.025515 0.032990
3 0.258634 0.618557 0.039433 0.053608
3 0.193074 0.622523 0.037500 0.041441
3 0.226531 0.622653 0.029413 0.041181
3 0.280090 0.610309 0.022036 0.041237
3 0.300967 0.610309 0.024356 0.037113
1 0.616778 0.617526 0.025515 0.101031
1 0.592075 0.615464 0.022036 0.121650
1 0.546263 0.612371 0.016237 0.098969
1 0.528866 0.615548 0.016237 0.096739
10 0.879787 0.534610 0.013918 0.028866
9 0.430648 0.499339 0.008613 0.022968
9 0.253005 0.556333 0.007895 0.016588
3 0.318679 0.613115 0.008613 0.017864
1 0.383635 0.600355 0.006460 0.035728
9 0.614493 0.398019 0.028710 0.047212
