9 0.348810 0.489934 0.004023 0.014305
9 0.405134 0.477417 0.006035 0.017881
10 0.477048 0.476523 0.011064 0.019669
3 0.360376 0.506026 0.013075 0.017881
3 0.347804 0.517649 0.014081 0.016093
3 0.336237 0.533742 0.013075 0.030397
3 0.316121 0.540894 0.019110 0.026821
3 0.301034 0.547152 0.015087 0.028609
3 0.289468 0.554305 0.016093 0.028609
3 0.240687 0.550728 0.037214 0.046490
3 0.178327 0.555199 0.037214 0.055430
3 0.146645 0.551622 0.042243 0.076887
3 0.078830 0.551218 0.093691 0.093960
3 0.016897 0.517649 0.032185 0.177020
3 0.435308 0.536424 0.032185 0.046490
3 0.460453 0.537318 0.014081 0.037550
3 0.476545 0.528377 0.018104 0.037550
3 0.501690 0.523013 0.034197 0.069735
3 0.540916 0.499768 0.060348 0.116225
3 0.596738 0.502450 0.091527 0.139470
3 0.688768 0.528049 0.160927 0.179939
3 0.869811 0.540000 0.257483 0.386225
9 0.417707 0.459536 0.005029 0.017881
3 0.269595 0.552252 0.026351 0.045045
3 0.206250 0.554955 0.037500 0.050450
