9 0.420593 0.391575 0.004195 0.027348
9 0.412901 0.392818 0.008391 0.024862
9 0.370947 0.437569 0.011188 0.014917
9 0.471638 0.367956 0.005594 0.024862
9 0.541562 0.391575 0.005594 0.027348
9 0.651342 0.375414 0.006992 0.029834
9 0.652741 0.427624 0.009789 0.019890
9 0.641553 0.375414 0.006992 0.034807
9 0.613583 0.436326 0.012586 0.007459
10 0.903069 0.394061 0.023774 0.067127
10 0.908663 0.314503 0.034962 0.072099
10 0.824055 0.394061 0.016782 0.037293
10 0.711477 0.408978 0.009789 0.042265
10 0.632463 0.453729 0.011188 0.027348
10 0.632463 0.425138 0.011188 0.024862
10 0.612884 0.417680 0.011188 0.014917
10 0.568832 0.394061 0.018180 0.012431
10 0.448544 0.366713 0.026609 0.017403
3 0.499607 0.474862 0.013985 0.019890
3 0.515690 0.473619 0.018180 0.022376
3 0.484923 0.463674 0.026571 0.012431
3 0.480028 0.487293 0.027970 0.024862
3 0.450660 0.474862 0.036360 0.029834
3 0.346474 0.497238 0.054541 0.029834
1 0.233721 0.485872 0.018180 0.054696
3 0.571454 0.538082 0.100691 0.183978
3 0.673543 0.474684 0.058736 0.047238
3 0.788382 0.578972 0.198911 0.186200
3 0.503056 0.664467 0.232402 0.332328
10 0.049821 0.393883 0.016782 0.059669
3 0.036098 0.538082 0.072197 0.129282
