3 0.610216 0.799284 0.197732 0.280471
3 0.531859 0.802089 0.097814 0.203809
3 0.469279 0.824526 0.054692 0.106579
3 0.455606 0.818917 0.039967 0.110319
3 0.432467 0.832006 0.010518 0.072922
3 0.422031 0.835857 0.016665 0.050262
4 0.411958 0.824451 0.028398 0.059478
4 0.392500 0.848834 0.012621 0.028047
3 0.376174 0.868148 0.007949 0.019913
3 0.260632 0.990196 0.025654 0.016059
3 0.273993 0.982117 0.034342 0.030733
3 0.289601 0.967714 0.027695 0.037899
1 0.336756 0.905863 0.014725 0.026177
1 0.360421 0.884360 0.009466 0.020568
10 0.481900 0.497310 0.050485 0.099100
10 0.521342 0.600150 0.022087 0.039266
4 0.382859 0.856586 0.009033 0.017344
3 0.237507 0.993408 0.016982 0.012205
