10 0.485796 0.514345 0.009432 0.020746
3 0.533692 0.526241 0.009727 0.012052
3 0.467817 0.538031 0.012969 0.025151
3 0.569859 0.539340 0.024058 0.031580
3 0.607202 0.528244 0.018507 0.028166
3 0.542976 0.549217 0.032422 0.040508
10 0.519986 0.479082 0.038906 0.025675
4 0.508196 0.506900 0.028885 0.050919
10 0.532840 0.407981 0.116397 0.085736
10 0.281940 0.459368 0.042248 0.047491
10 0.343156 0.450100 0.054319 0.047349
3 0.496669 0.571774 0.067695 0.093034
3 0.651023 0.548486 0.065294 0.067914
3 0.921042 0.588397 0.153308 0.351510
3 0.595571 0.543181 0.033127 0.042676
