10 0.431862 0.361469 0.028929 0.025714
10 0.171505 0.360918 0.084719 0.038571
3 0.050108 0.461020 0.082653 0.066122
3 0.444348 0.424745 0.012573 0.018367
3 0.432379 0.429337 0.011365 0.020204
3 0.402934 0.430332 0.010332 0.010867
3 0.409649 0.434847 0.007232 0.020204
3 0.391569 0.428418 0.008265 0.007347
3 0.380721 0.432168 0.011365 0.022194
3 0.354892 0.436760 0.009298 0.020357
3 0.291696 0.439898 0.020663 0.031224
3 0.271722 0.441940 0.033061 0.039386
3 0.344560 0.438673 0.021696 0.031224
3 0.368547 0.435903 0.015947 0.018336
3 0.390019 0.438673 0.015497 0.027551
3 0.418948 0.437755 0.017564 0.029388
10 0.514243 0.344437 0.010504 0.037349
