1 0.397251 0.505561 0.017564 0.077143
1 0.383996 0.513826 0.013783 0.071633
1 0.372439 0.503285 0.015530 0.081695
1 0.424630 0.498214 0.020663 0.119388
1 0.365481 0.509636 0.017047 0.081850
1 0.882900 0.432088 0.008066 0.034890
1 0.639270 0.467908 0.017564 0.091837
1 0.676980 0.462398 0.020663 0.095510
1 0.877198 0.433852 0.009729 0.031071
10 0.248546 0.413171 0.009439 0.030423
10 0.576697 0.219292 0.068572 0.144273
3 0.790198 0.426122 0.013431 0.018367
3 0.766435 0.468367 0.060957 0.077143
9 0.789853 0.023878 0.030995 0.047755
9 0.793051 0.196766 0.035118 0.149407
