10 0.072250 0.212455 0.039608 0.055845
10 0.388565 0.407307 0.015024 0.021853
10 0.327453 0.386988 0.007525 0.023642
10 0.653583 0.392630 0.007265 0.018914
10 0.642408 0.402633 0.013225 0.018332
10 0.641918 0.420661 0.010926 0.016996
10 0.541375 0.224345 0.068656 0.036922
10 0.499555 0.203025 0.014984 0.033170
10 0.675842 0.390898 0.009320 0.029176
9 0.042951 0.118016 0.018990 0.078645
9 0.237281 0.336277 0.016728 0.048040
9 0.484664 0.211031 0.013511 0.067484
9 0.690178 0.333116 0.013480 0.054362
3 0.241209 0.423856 0.068334 0.033326
1 0.241141 0.453874 0.019301 0.080126
1 0.230305 0.445375 0.019121 0.077698
1 0.348871 0.439234 0.007002 0.032055
1 0.360812 0.443223 0.010294 0.037745
1 0.410247 0.444055 0.009219 0.039409
1 0.445598 0.444857 0.006715 0.025326
3 0.577312 0.440854 0.017371 0.017319
4 0.884686 0.438872 0.083313 0.040063
3 0.989883 0.464973 0.017692 0.026709
10 0.700135 0.425494 0.006434 0.013726
10 0.491098 0.430069 0.004504 0.009150
