9 0.101505 0.151327 0.013918 0.072370
9 0.118275 0.156652 0.017303 0.070509
9 0.007487 0.414258 0.013768 0.028644
9 0.873023 0.353255 0.019841 0.032161
9 0.613097 0.187172 0.011353 0.061586
10 0.026488 0.416669 0.020183 0.033466
10 0.020452 0.364578 0.031323 0.022185
10 0.023237 0.225543 0.025278 0.037890
10 0.844748 0.322132 0.037988 0.021787
10 0.859309 0.279794 0.026261 0.022680
10 0.677527 0.395791 0.007003 0.015562
1 0.086380 0.524055 0.022086 0.095533
1 0.109604 0.515178 0.022043 0.080296
1 0.287676 0.499656 0.011505 0.057732
1 0.812986 0.474286 0.024652 0.081255
1 0.833120 0.503184 0.028701 0.143138
1 0.957456 0.483024 0.051422 0.123307
1 0.694137 0.466667 0.010438 0.041237
8 0.245938 0.520319 0.027552 0.041031
1 0.592075 0.464949 0.008119 0.024742
9 0.561931 0.423316 0.004355 0.007742
3 0.585664 0.450211 0.009145 0.015885
3 0.616364 0.448476 0.008709 0.017806
3 0.336767 0.495158 0.075079 0.085160
3 0.455779 0.485499 0.035567 0.045224
3 0.535020 0.470153 0.014628 0.020903
3 0.625663 0.474449 0.029048 0.044646
3 0.597180 0.458454 0.011370 0.012989
3 0.569619 0.453895 0.017718 0.017806
4 0.509729 0.458435 0.038273 0.074883
1 0.038268 0.523416 0.016742 0.104513
3 0.480439 0.483427 0.017885 0.039708
3 0.400416 0.494646 0.029897 0.055276
8 0.379688 0.514134 0.017938 0.065906
9 0.629537 0.402020 0.005009 0.013173
10 0.648758 0.425197 0.005979 0.017008
1 0.432904 0.476221 0.007175 0.051024
10 0.024515 0.264685 0.025113 0.040394
9 0.856100 0.353255 0.012839 0.032161
3 0.606349 0.450412 0.008709 0.013935
3 0.603083 0.455831 0.006532 0.012387
2 0.378119 0.484862 0.016983 0.076643
