9 0.456976 0.532067 0.007720 0.026056
9 0.539791 0.519663 0.006316 0.016220
10 0.357054 0.551479 0.007720 0.006238
10 0.362668 0.561460 0.011931 0.008734
10 0.398461 0.570818 0.007720 0.007486
10 0.411796 0.543992 0.013335 0.008734
10 0.617782 0.548983 0.009826 0.006238
10 0.611114 0.562708 0.014738 0.006238
10 0.604096 0.572065 0.009124 0.007486
10 0.671822 0.522782 0.014738 0.011229
9 0.608658 0.587038 0.005615 0.012477
3 0.467696 0.615984 0.018247 0.016220
3 0.516122 0.613622 0.021055 0.028928
3 0.490618 0.616951 0.019173 0.019776
3 0.559200 0.617481 0.013504 0.023706
3 0.563846 0.618729 0.009826 0.021211
3 0.574374 0.622472 0.019651 0.026201
3 0.365443 0.625162 0.064994 0.075720
3 0.313295 0.617481 0.039302 0.038678
3 0.663155 0.632454 0.048426 0.048660
4 0.151729 0.698987 0.303457 0.278703
10 0.602692 0.537130 0.009124 0.027449
9 0.509097 0.592736 0.004446 0.006916
3 0.543277 0.612991 0.022787 0.023713
