10 0.220119 0.033750 0.040966 0.067500
10 0.412960 0.125097 0.016986 0.041121
10 0.536359 0.153590 0.051957 0.055188
10 0.574827 0.160484 0.022981 0.053648
10 0.607852 0.190374 0.014657 0.042918
10 0.551846 0.255789 0.016986 0.007105
3 0.582321 0.251349 0.011990 0.015987
3 0.527366 0.246020 0.019984 0.037303
3 0.494893 0.242467 0.024979 0.030197
3 0.078735 0.112796 0.025979 0.023092
3 0.039767 0.110132 0.041965 0.024868
3 0.496391 0.170526 0.023980 0.021316
3 0.331028 0.234474 0.028976 0.017763
3 0.128694 0.323289 0.255789 0.294868
