10 0.098962 0.034636 0.145676 0.066122
10 0.744173 0.126472 0.026862 0.055102
9 0.269281 0.094592 0.023763 0.082653
9 0.622940 0.194972 0.020693 0.045984
9 0.295485 0.097347 0.020663 0.082653
9 0.759810 0.343814 0.016340 0.029049
9 0.213865 0.398571 0.019630 0.031224
1 0.009580 0.503208 0.019160 0.130408
1 0.031339 0.508775 0.026862 0.113878
1 0.067500 0.506020 0.028929 0.123061
1 0.122258 0.481224 0.026862 0.088163
1 0.214726 0.481224 0.017564 0.069796
1 0.246754 0.473877 0.019630 0.073469
1 0.927190 0.405918 0.024796 0.102857
1 0.902911 0.405918 0.025829 0.102857
1 0.883281 0.439898 0.027895 0.119388
1 0.835755 0.432551 0.023763 0.093673
1 0.783580 0.422449 0.022730 0.095510
1 0.805277 0.428877 0.012398 0.056939
1 0.760851 0.427959 0.016531 0.077143
1 0.735538 0.427959 0.017564 0.073469
2 0.958306 0.410453 0.026862 0.106531
8 0.955723 0.438004 0.054758 0.066122
3 0.521921 0.434592 0.023759 0.025937
3 0.498157 0.442959 0.023763 0.034898
3 0.381926 0.476234 0.028929 0.041817
3 0.353342 0.480214 0.035128 0.049776
3 0.314082 0.487653 0.053724 0.053265
3 0.638150 0.435306 0.024796 0.040408
3 0.662946 0.439898 0.037194 0.067959
3 0.686709 0.450000 0.051658 0.069796
5 0.570306 0.409592 0.075421 0.154286
3 0.435344 0.462604 0.081700 0.048761
3 0.616543 0.436667 0.016924 0.030086
9 0.615668 0.389566 0.005836 0.007262
