9 0.276377 0.275859 0.011865 0.039844
9 0.475449 0.302812 0.009229 0.032812
9 0.743735 0.260625 0.015820 0.060937
9 0.284947 0.280547 0.007910 0.039844
9 0.470176 0.306328 0.006592 0.030469
9 0.762192 0.332209 0.021094 0.030668
9 0.739329 0.335903 0.014918 0.033368
9 0.730552 0.240866 0.021094 0.114517
9 0.611900 0.389531 0.015820 0.023437
10 0.209141 0.282890 0.059326 0.025781
10 0.257261 0.268322 0.021094 0.024770
10 0.117253 0.327422 0.021989 0.030469
10 0.101036 0.253594 0.022412 0.018750
10 0.602671 0.342656 0.015820 0.018750
10 0.602671 0.359062 0.015820 0.018750
10 0.611240 0.306328 0.017139 0.016406
10 0.542027 0.313739 0.042187 0.017166
10 0.845249 0.265915 0.042187 0.106607
10 0.946763 0.098906 0.044824 0.070312
1 0.657376 0.462187 0.019790 0.070312
1 0.820200 0.470390 0.029004 0.105469
1 0.878867 0.470390 0.025049 0.105469
1 0.842612 0.465703 0.023730 0.105469
1 0.762355 0.441967 0.010871 0.048622
1 0.750986 0.450468 0.019775 0.065625
1 0.713435 0.459843 0.018414 0.084375
1 0.694297 0.454100 0.019861 0.097100
1 0.614497 0.438337 0.007803 0.015132
1 0.971811 0.518437 0.039551 0.243750
1 0.992246 0.516093 0.014502 0.253125
1 0.141905 0.472734 0.022412 0.091406
1 0.263641 0.446556 0.008333 0.039049
1 0.272422 0.450468 0.011865 0.037500
1 0.204527 0.456328 0.013184 0.058594
1 0.224961 0.455156 0.014502 0.056250
1 0.305381 0.446953 0.009229 0.035156
1 0.296153 0.448125 0.009229 0.042187
3 0.426950 0.445836 0.009787 0.032923
3 0.439266 0.446116 0.010690 0.018079
3 0.447764 0.446953 0.017139 0.016406
3 0.551255 0.472734 0.021094 0.044531
3 0.411509 0.446953 0.026367 0.044531
3 0.384483 0.458672 0.038232 0.049219
3 0.095103 0.479765 0.079102 0.114844
3 0.043687 0.479765 0.060644 0.138281
3 0.023821 0.539531 0.047642 0.304687
3 0.336363 0.469218 0.063281 0.079687
3 0.497862 0.475078 0.093603 0.157031
3 0.924351 0.458672 0.076465 0.063281
10 0.492439 0.294465 0.015000 0.017883
1 0.734374 0.462297 0.016315 0.068096
1 0.594990 0.442751 0.008512 0.021438
1 0.578675 0.455362 0.017024 0.049181
1 0.564489 0.454731 0.009931 0.032787
