10 0.323151 0.249490 0.008610 0.012245
3 0.393176 0.292347 0.015497 0.018367
3 0.348119 0.290816 0.015497 0.018367
3 0.300335 0.292347 0.014636 0.012245
3 0.133450 0.307653 0.039605 0.036735
3 0.108052 0.303061 0.019802 0.030612
3 0.078608 0.304112 0.055266 0.048488
1 0.245807 0.300000 0.012915 0.027551
1 0.221126 0.304592 0.011193 0.033673
1 0.728093 0.283163 0.015497 0.055102
3 0.705000 0.281468 0.022116 0.022778
3 0.790227 0.272704 0.037022 0.026020
3 0.829831 0.279592 0.055963 0.039796
3 0.899011 0.268867 0.045631 0.030612
3 0.955389 0.268112 0.087819 0.038265
10 0.883068 0.019388 0.017219 0.021429
3 0.501892 0.267857 0.206633 0.434694
3 0.046180 0.407908 0.090402 0.295408
