9 0.337912 0.482701 0.004799 0.021327
9 0.348709 0.492298 0.004799 0.019194
9 0.330114 0.493365 0.003599 0.017062
9 0.210750 0.485900 0.004799 0.019194
10 0.352180 0.533801 0.009854 0.016891
10 0.402093 0.517891 0.020394 0.031991
10 0.527456 0.408057 0.028791 0.063981
3 0.294731 0.543711 0.010560 0.018739
3 0.281847 0.545616 0.017432 0.023460
3 0.256848 0.546573 0.027415 0.034342
3 0.219423 0.545704 0.040016 0.046439
4 0.330114 0.522979 0.015595 0.008893
3 0.329332 0.544826 0.021959 0.030411
3 0.423087 0.539218 0.069579 0.044787
3 0.658682 0.541804 0.034521 0.032898
3 0.720599 0.550184 0.076777 0.056978
3 0.785047 0.545400 0.109703 0.075076
3 0.842065 0.549317 0.130166 0.069251
9 0.217214 0.483000 0.005529 0.015735
3 0.734022 0.551830 0.053911 0.050391
3 0.683168 0.549360 0.064471 0.047427
