10 0.442784 0.399490 0.010332 0.016531
10 0.391126 0.415503 0.008265 0.015562
10 0.446681 0.413445 0.012869 0.011379
5 0.352054 0.429796 0.056168 0.069796
1 0.174597 0.453149 0.017726 0.084490
9 0.182513 0.416283 0.010160 0.020204
9 0.078540 0.376898 0.007685 0.025714
1 0.087536 0.437143 0.016340 0.060612
1 0.083592 0.420612 0.008453 0.031224
10 0.138518 0.409067 0.013431 0.014694
3 0.129553 0.463546 0.072363 0.092940
3 0.156598 0.430189 0.008265 0.016531
3 0.164863 0.439373 0.014464 0.016531
3 0.049321 0.466694 0.097117 0.132652
