9 0.474803 0.117315 0.009699 0.045019
9 0.365360 0.235216 0.014328 0.022130
9 0.666961 0.238161 0.015761 0.033113
10 0.664398 0.165083 0.038081 0.019926
3 0.473535 0.332830 0.015761 0.025472
3 0.462397 0.334466 0.010677 0.018537
3 0.454909 0.333239 0.021492 0.026288
3 0.439148 0.327736 0.018626 0.035660
3 0.415507 0.320095 0.040118 0.050943
3 0.255305 0.317771 0.043522 0.055590
3 0.209903 0.355332 0.110324 0.109526
3 0.098862 0.357878 0.137547 0.185944
3 0.020059 0.394812 0.040118 0.117170
3 0.621929 0.326446 0.031320 0.039873
3 0.602486 0.334529 0.010029 0.025472
9 0.316541 0.226969 0.010427 0.024931
9 0.727478 0.216510 0.011462 0.040755
