3 0.479542 0.451240 0.009567 0.014882
3 0.458615 0.475689 0.015546 0.029764
3 0.441873 0.471437 0.032288 0.055276
3 0.441275 0.475689 0.021526 0.046772
3 0.437089 0.486319 0.020330 0.051024
3 0.414368 0.481004 0.041855 0.074409
3 0.411976 0.488445 0.032288 0.076535
3 0.365935 0.500138 0.098061 0.112677
3 0.266029 0.450177 0.089588 0.059528
3 0.281627 0.534154 0.108824 0.189213
4 0.502247 0.455742 0.011993 0.026225
4 0.564075 0.487770 0.053366 0.075662
3 0.608681 0.509793 0.064547 0.099532
3 0.135297 0.545740 0.270266 0.435827
4 0.809332 0.415843 0.378868 0.831685
10 0.437687 0.430158 0.009567 0.021260
10 0.557274 0.436536 0.014350 0.029764
3 0.488511 0.452835 0.008371 0.017008
3 0.466459 0.469485 0.011349 0.021438
3 0.474971 0.457505 0.011349 0.025221
3 0.507245 0.472007 0.012059 0.016394
3 0.510792 0.475160 0.009221 0.015132
3 0.538811 0.483357 0.019861 0.044136
3 0.519304 0.477682 0.014896 0.025221
3 0.525333 0.482726 0.021280 0.032787
