3 0.055564 0.655071 0.111128 0.124775
3 0.132086 0.639474 0.051665 0.069320
3 0.164743 0.623877 0.058488 0.076252
3 0.201298 0.616945 0.024370 0.062388
3 0.235416 0.618678 0.018521 0.045058
3 0.252475 0.612613 0.017547 0.039859
3 0.260274 0.601348 0.033143 0.048524
3 0.289031 0.610013 0.012673 0.020796
3 0.296342 0.603081 0.011698 0.031194
3 0.480893 0.603359 0.022072 0.047968
3 0.444771 0.595217 0.024828 0.036523
3 0.551741 0.593550 0.023395 0.022529
3 0.502026 0.590084 0.027295 0.029461
3 0.421043 0.589217 0.013795 0.034660
3 0.364091 0.588351 0.030219 0.053723
3 0.386511 0.591817 0.010723 0.019063
3 0.397234 0.589217 0.010723 0.020796
3 0.315838 0.591817 0.009748 0.025995
3 0.638267 0.657656 0.108105 0.112500
10 0.801743 0.352031 0.031641 0.023437
10 0.772080 0.337969 0.014502 0.028125
10 0.790537 0.441093 0.017139 0.028125
3 0.338999 0.596953 0.021094 0.030469
