9 0.416946 0.402651 0.015077 0.024742
9 0.307111 0.342797 0.011128 0.024623
9 0.194265 0.337703 0.010438 0.022680
9 0.611294 0.397496 0.012758 0.026804
10 0.448840 0.318900 0.048711 0.049485
10 0.498132 0.323024 0.047552 0.049485
10 0.269652 0.364605 0.059149 0.072165
10 0.307000 0.413117 0.009931 0.015132
10 0.315158 0.410595 0.012059 0.022699
1 0.917397 0.381443 0.013918 0.028866
3 0.272552 0.432302 0.030155 0.037113
3 0.227320 0.428179 0.032474 0.049485
3 0.183827 0.459794 0.054510 0.072165
3 0.894284 0.433432 0.179768 0.092784
3 0.706397 0.480854 0.140335 0.154639
4 0.684941 0.429161 0.153093 0.210309
3 0.848472 0.598527 0.299227 0.342268
3 0.526822 0.526804 0.209923 0.356701
3 0.128157 0.423270 0.019716 0.032990
3 0.084665 0.429455 0.027835 0.032990
