10 0.651993 0.365268 0.015610 0.024486
10 0.508750 0.499941 0.013773 0.022854
9 0.446769 0.490147 0.009182 0.022854
9 0.403153 0.484434 0.010101 0.017956
3 0.346553 0.562943 0.018209 0.046181
3 0.318625 0.563996 0.046830 0.086518
3 0.291078 0.570526 0.056012 0.096312
3 0.261236 0.590931 0.045911 0.104474
3 0.181809 0.592564 0.144162 0.169770
3 0.498783 0.552894 0.027590 0.050608
3 0.534627 0.552896 0.065194 0.099577
3 0.596223 0.589489 0.089068 0.163241
3 0.722187 0.635822 0.247922 0.298730
3 0.078049 0.646433 0.155181 0.264450
3 0.889683 0.630897 0.215521 0.528900
3 0.433404 0.550003 0.024792 0.022618
3 0.379368 0.560546 0.049145 0.035254
3 0.482401 0.543685 0.024142 0.038320
