3 0.220839 0.635485 0.119675 0.116530
3 0.397531 0.593763 0.036979 0.031607
3 0.380940 0.596362 0.010390 0.029470
3 0.476073 0.581154 0.019459 0.038458
3 0.508756 0.582937 0.010316 0.021484
3 0.533692 0.628003 0.066317 0.107005
4 0.524083 0.567217 0.020337 0.020436
4 0.550581 0.560970 0.028413 0.041327
3 0.726116 0.567529 0.041389 0.085499
3 0.768257 0.615336 0.040944 0.066267
3 0.798458 0.626966 0.068200 0.075661
4 0.571714 0.563497 0.011495 0.011528
3 0.575425 0.580684 0.010311 0.019912
3 0.006888 0.579592 0.013776 0.033673
3 0.337054 0.626424 0.062882 0.068989
3 0.432709 0.594816 0.036543 0.055675
3 0.484175 0.592060 0.023874 0.033023
3 0.656403 0.654031 0.199745 0.277041
3 0.409031 0.584082 0.012258 0.015306
7 0.520456 0.652806 0.042188 0.120918
2 0.520026 0.600766 0.039605 0.081122
3 0.091693 0.661275 0.181665 0.180513
10 0.841579 0.551447 0.015535 0.025167
10 0.840306 0.472176 0.037022 0.061189
3 0.862330 0.638154 0.102696 0.098307
9 0.573924 0.538607 0.002358 0.005764
3 0.495346 0.582413 0.017095 0.021484
3 0.569621 0.577697 0.005305 0.015196
