3 0.235928 0.516836 0.015373 0.039426
3 0.181419 0.515097 0.063342 0.075533
3 0.139776 0.496803 0.113118 0.122997
10 0.243789 0.472406 0.010577 0.014558
3 0.385916 0.510725 0.017366 0.021752
3 0.364393 0.506647 0.009941 0.024471
3 0.345220 0.511340 0.032774 0.039296
3 0.424831 0.507891 0.003071 0.013951
3 0.413022 0.510963 0.014938 0.023736
3 0.445644 0.506990 0.005800 0.014541
3 0.467311 0.498792 0.004094 0.006672
3 0.462704 0.505768 0.007165 0.010918
3 0.482356 0.492253 0.012998 0.012654
3 0.474476 0.507333 0.008189 0.010409
3 0.481892 0.510134 0.007737 0.018706
3 0.515776 0.507933 0.006817 0.015405
3 0.507424 0.511784 0.012379 0.020907
3 0.522949 0.512097 0.013515 0.022633
3 0.554761 0.514806 0.012624 0.017591
3 0.574984 0.524588 0.015165 0.043874
3 0.647598 0.499680 0.018610 0.011004
3 0.646226 0.517286 0.012070 0.036312
3 0.668354 0.519947 0.040851 0.050437
3 0.699544 0.515141 0.051857 0.058210
3 0.866244 0.505768 0.017743 0.035182
3 0.890311 0.503673 0.036485 0.035844
3 0.802439 0.504373 0.021155 0.018804
3 0.732296 0.530955 0.065905 0.062264
3 0.609488 0.536327 0.075708 0.107406
3 0.534813 0.516461 0.018259 0.026959
3 0.493652 0.515542 0.023211 0.033199
10 0.852743 0.437619 0.009284 0.020907
3 0.549472 0.510257 0.008189 0.019411
