2 0.039967 0.569288 0.079934 0.220090
2 0.725744 0.586618 0.123801 0.175032
0 0.309501 0.625610 0.057514 0.232221
2 0.978707 0.622144 0.038992 0.124775
2 0.956774 0.608280 0.071161 0.114377
2 0.928017 0.577953 0.058488 0.088383
2 0.879277 0.570154 0.044841 0.069320
2 0.840284 0.558023 0.038992 0.041592
2 0.824687 0.556290 0.023395 0.038126
9 0.571237 0.183697 0.056539 0.027728
9 0.579523 0.242619 0.034118 0.027728
9 0.612179 0.285077 0.023395 0.022529
9 0.604381 0.320603 0.066287 0.031194
8 0.581960 0.382125 0.029244 0.060655
