2 0.241941 0.545616 0.028791 0.023460
2 0.207151 0.533886 0.031191 0.034123
2 0.151368 0.542417 0.082775 0.051185
2 0.303122 0.574407 0.107968 0.123697
9 0.492666 0.472038 0.011996 0.029858
2 0.454278 0.533886 0.009597 0.017062
2 0.460276 0.543483 0.009597 0.010663
2 0.481869 0.540284 0.028791 0.038389
2 0.508861 0.543483 0.022793 0.027725
3 0.543934 0.512885 0.056325 0.105982
2 0.612631 0.553080 0.026392 0.038389
2 0.577841 0.555213 0.043187 0.055450
2 0.703803 0.559478 0.069579 0.076777
2 0.654618 0.563744 0.076777 0.085308
2 0.976065 0.593601 0.047870 0.132227
2 0.875353 0.606398 0.225533 0.196208
