8 0.488825 0.212965 0.011700 0.047194
8 0.853631 0.131637 0.015077 0.057732
8 0.331144 0.254317 0.013918 0.035052
8 0.995126 0.204833 0.005799 0.026804
8 0.995126 0.282152 0.005799 0.020619
8 0.975990 0.284214 0.009278 0.024742
9 0.334044 0.306894 0.017397 0.045361
9 0.333464 0.352255 0.027835 0.037113
9 0.550345 0.362564 0.009278 0.020619
9 0.549186 0.341946 0.009278 0.016495
9 0.548026 0.321327 0.011598 0.028866
9 0.988168 0.127513 0.019716 0.057732
9 0.524830 0.348131 0.009278 0.020619
9 0.499314 0.365657 0.009278 0.014433
9 0.387394 0.370812 0.008119 0.016495
9 0.401892 0.360503 0.013918 0.008247
8 0.414649 0.358441 0.006959 0.016495
8 0.456982 0.350193 0.008119 0.016495
2 0.455242 0.398647 0.016237 0.026804
2 0.236041 0.420296 0.046392 0.045361
2 0.197768 0.426482 0.023196 0.028866
2 0.171093 0.427513 0.020876 0.026804
2 0.081789 0.444008 0.083505 0.084536
2 0.022639 0.448132 0.044072 0.080412
2 0.901564 0.524420 0.194448 0.426804
8 0.281853 0.389369 0.008119 0.020619
8 0.841454 0.127513 0.011598 0.049485
8 0.866969 0.125451 0.009278 0.053608
