2 0.415198 0.423089 0.035510 0.067986
2 0.441148 0.435230 0.057363 0.077698
2 0.490999 0.469222 0.064192 0.121403
2 0.310579 0.433166 0.043705 0.058273
2 0.677975 0.505036 0.355104 0.378777
0 0.733289 0.381205 0.058729 0.291367
0 0.667049 0.568166 0.098336 0.388490
0 0.961170 0.437051 0.075118 0.169964
0 0.959121 0.564524 0.079215 0.320504
2 0.964585 0.847393 0.068289 0.252518
2 0.343836 0.489254 0.116092 0.162680
9 0.858258 0.161466 0.054631 0.104407
9 0.952497 0.169964 0.038242 0.087410
9 0.967521 0.237950 0.032779 0.092266
9 0.071704 0.342963 0.012292 0.033993
