9 0.672210 0.586776 0.015152 0.031628
9 0.764993 0.445284 0.009363 0.018311
9 0.667145 0.451110 0.032772 0.059926
9 0.456936 0.441954 0.063671 0.054932
9 0.477067 0.407830 0.023409 0.019975
9 0.371260 0.438625 0.096443 0.051603
9 0.957880 0.456104 0.020600 0.013317
9 0.904977 0.444451 0.014045 0.029963
2 0.437741 0.563471 0.017791 0.024969
2 0.476131 0.572626 0.029027 0.046609
2 0.392796 0.594266 0.049626 0.063255
2 0.332870 0.579285 0.042135 0.046609
2 0.256090 0.587608 0.053372 0.049938
2 0.176033 0.602589 0.101125 0.083231
2 0.114272 0.604079 0.067341 0.086909
2 0.826792 0.474414 0.039326 0.029963
8 0.806357 0.418828 0.009229 0.030469
2 0.024571 0.570000 0.038232 0.023437
