9 0.101999 0.332600 0.050531 0.024954
9 0.545552 0.290803 0.060357 0.026201
9 0.618542 0.297665 0.016844 0.012477
9 0.609067 0.349444 0.025968 0.048660
9 0.611173 0.378765 0.024564 0.009982
9 0.005895 0.389279 0.011791 0.012477
9 0.007580 0.404251 0.014037 0.012477
9 0.352878 0.421095 0.021055 0.011229
9 0.480961 0.414857 0.017546 0.008734
9 0.501665 0.434820 0.007018 0.016220
9 0.548687 0.437939 0.008422 0.022458
9 0.849489 0.167190 0.067375 0.037431
9 0.850893 0.209612 0.043513 0.054898
9 0.852998 0.324399 0.026669 0.044917
9 0.528685 0.352472 0.014738 0.058641
9 0.510087 0.424214 0.008422 0.007486
8 0.458151 0.407994 0.004211 0.017468
8 0.449730 0.444801 0.005615 0.018715
8 0.194967 0.326895 0.012633 0.049908
8 0.460117 0.266382 0.016563 0.053651
8 0.440255 0.263886 0.014738 0.061137
8 0.003088 0.356839 0.006176 0.049908
8 0.907039 0.309427 0.025266 0.064880
8 0.879668 0.312546 0.023862 0.081100
8 0.625888 0.420471 0.021055 0.029945
0 0.691508 0.467883 0.013335 0.032440
0 0.720283 0.475993 0.016142 0.043669
0 0.758884 0.498452 0.016142 0.093577
0 0.833698 0.500947 0.020353 0.098567
0 0.866122 0.557093 0.023160 0.128512
0 0.861561 0.473498 0.014037 0.056146
0 0.736285 0.550231 0.044215 0.174676
2 0.966343 0.548983 0.065270 0.114787
2 0.147313 0.625217 0.294626 0.358087
2 0.276379 0.526525 0.063164 0.119778
2 0.278835 0.487846 0.018949 0.037431
2 0.313575 0.504066 0.053339 0.074861
2 0.341648 0.478489 0.021055 0.028697
2 0.358492 0.477865 0.014037 0.022458
2 0.369721 0.472250 0.012633 0.016220
2 0.382354 0.475370 0.011229 0.019963
2 0.399900 0.475370 0.015440 0.017468
2 0.419551 0.482856 0.026669 0.039926
2 0.436395 0.467883 0.019651 0.034935
2 0.395689 0.515296 0.051935 0.067375
2 0.459906 0.487846 0.031582 0.047412
2 0.367616 0.496580 0.025266 0.039926
2 0.475662 0.471003 0.008422 0.017468
2 0.465836 0.466012 0.016844 0.019963
