9 0.678548 0.027540 0.073692 0.048660
9 0.080593 0.321995 0.009124 0.023706
9 0.480633 0.245262 0.013335 0.017468
9 0.583802 0.225251 0.018949 0.044822
8 0.263044 0.280730 0.008422 0.017468
8 0.349633 0.265758 0.006316 0.017468
8 0.464031 0.248290 0.004913 0.019963
8 0.469294 0.250786 0.007018 0.017468
8 0.343668 0.269501 0.005615 0.019963
8 0.480524 0.284473 0.007018 0.012477
2 0.471100 0.328766 0.008422 0.017468
2 0.465135 0.333757 0.013335 0.019963
2 0.449344 0.361830 0.043513 0.061137
2 0.392496 0.343115 0.009826 0.021211
2 0.403725 0.345610 0.022458 0.036183
2 0.366528 0.349977 0.021055 0.027449
2 0.354948 0.347481 0.011931 0.029945
2 0.350035 0.343115 0.014738 0.033688
2 0.300206 0.388031 0.118608 0.168438
2 0.534707 0.335129 0.117178 0.097320
2 0.489102 0.391275 0.047022 0.094824
2 0.616132 0.542870 0.292661 0.460397
2 0.139242 0.415605 0.084219 0.076109
4 0.050742 0.378050 0.100361 0.087338
0 0.005702 0.401845 0.009124 0.038678
0 0.211688 0.377604 0.007018 0.025132
3 0.440082 0.316824 0.036495 0.081100
2 0.467553 0.329925 0.019651 0.024954
9 0.585102 0.271943 0.016389 0.038849
