9 0.632163 0.207093 0.039967 0.053723
9 0.297316 0.451444 0.013647 0.019063
9 0.462059 0.405520 0.023395 0.041592
8 0.069211 0.069320 0.023395 0.103980
8 0.464009 0.361477 0.011698 0.036689
8 0.048253 0.077985 0.022421 0.100514
8 0.097968 0.073652 0.032169 0.109178
8 0.653121 0.333601 0.031194 0.064121
8 0.670668 0.343132 0.011698 0.055456
8 0.472294 0.450578 0.012673 0.020796
8 0.165230 0.480039 0.006824 0.013864
0 0.806166 0.434114 0.021446 0.029461
0 0.415268 0.516432 0.015597 0.041592
0 0.349469 0.510366 0.016572 0.029461
0 0.362141 0.518165 0.010723 0.031194
2 0.371402 0.735655 0.501051 0.410719
2 0.713559 0.653338 0.464009 0.450578
2 0.024370 0.577086 0.048740 0.058922
2 0.084808 0.551091 0.068237 0.097048
2 0.131599 0.558890 0.033143 0.039859
2 0.158894 0.547625 0.025345 0.027728
2 0.186676 0.553691 0.036068 0.036393
2 0.210558 0.545026 0.011698 0.022529
