8 0.792031 0.226155 0.026320 0.084917
8 0.510799 0.320603 0.011698 0.051990
8 0.502513 0.327535 0.010723 0.048524
8 0.308527 0.420250 0.012673 0.050257
8 0.154507 0.539827 0.016572 0.022529
9 0.131112 0.486104 0.022421 0.019063
9 0.138910 0.516432 0.024370 0.017330
9 0.529321 0.485238 0.021446 0.020796
8 0.543943 0.525096 0.015597 0.024262
8 0.991867 0.388190 0.014622 0.062388
9 0.695525 0.359596 0.010723 0.064121
9 0.701862 0.454044 0.019496 0.048524
9 0.914370 0.195828 0.033143 0.117843
0 0.839797 0.589217 0.032169 0.090116
0 0.919244 0.654204 0.056539 0.223556
0 0.898773 0.730456 0.095531 0.299808
0 0.970909 0.693197 0.054589 0.350064
0 0.038018 0.742587 0.076035 0.279012
0 0.664332 0.569288 0.012673 0.032927
0 0.625339 0.603948 0.014622 0.064121
0 0.613642 0.597016 0.016572 0.071053
0 0.511774 0.600482 0.013647 0.060655
0 0.498127 0.585751 0.011698 0.041592
0 0.488379 0.697529 0.068237 0.216624
0 0.481555 0.713126 0.056539 0.240886
0 0.538581 0.712260 0.098456 0.315404
2 0.923143 0.580552 0.113078 0.103980
0 0.568313 0.703595 0.128675 0.360462
2 0.740367 0.642940 0.221281 0.142105
2 0.426478 0.572754 0.016572 0.029461
2 0.433302 0.588351 0.014622 0.039859
2 0.442563 0.595283 0.019496 0.050257
2 0.455723 0.608280 0.020471 0.045058
2 0.398696 0.585751 0.013647 0.020796
2 0.386999 0.583152 0.009748 0.019063
2 0.380175 0.585751 0.007798 0.027728
2 0.374326 0.588351 0.011698 0.029461
2 0.365553 0.593550 0.009748 0.036393
2 0.263198 0.628210 0.222256 0.123042
8 0.452798 0.400321 0.012673 0.045058
0 0.321687 0.697529 0.081884 0.331001
0 0.237366 0.629942 0.034118 0.161168
0 0.347519 0.732189 0.098456 0.313672
0 0.419655 0.785912 0.119901 0.414185
0 0.268560 0.755584 0.098456 0.422850
0 0.201785 0.720925 0.070186 0.339666
0 0.135011 0.726990 0.082859 0.247818
