9 0.151875 0.331875 0.014766 0.033750
9 0.989824 0.190312 0.015820 0.028125
9 0.981386 0.170625 0.030586 0.026250
9 0.855879 0.316875 0.009492 0.018750
2 0.201973 0.417500 0.159258 0.111250
2 0.132891 0.422500 0.078047 0.075000
2 0.463008 0.391562 0.080156 0.058125
2 0.604863 0.394375 0.066445 0.037500
3 0.711386 0.377500 0.028477 0.026250
2 0.682486 0.383356 0.031434 0.030463
3 0.749883 0.377812 0.028477 0.030000
2 0.771504 0.381562 0.021094 0.037500
2 0.846647 0.383144 0.028477 0.031875
2 0.045626 0.426269 0.091251 0.099375
