2 0.272109 0.421671 0.129566 0.125085
2 0.333889 0.406416 0.078083 0.112881
2 0.384514 0.397264 0.047193 0.070169
2 0.414546 0.404128 0.028316 0.056441
2 0.442003 0.394213 0.028316 0.042712
2 0.461309 0.391162 0.018877 0.036610
2 0.482332 0.384298 0.018019 0.016780
2 0.523947 0.370569 0.013729 0.013729
2 0.550851 0.361852 0.014337 0.020702
2 0.531670 0.347688 0.008581 0.013729
2 0.510218 0.343874 0.008581 0.012203
2 0.473751 0.370569 0.011155 0.013729
9 0.087199 0.247010 0.017161 0.038136
9 0.623313 0.365369 0.008415 0.012482
8 0.450155 0.347688 0.006864 0.013729
8 0.551405 0.337772 0.008581 0.015254
2 0.493915 0.367518 0.013729 0.019831
2 0.500351 0.352264 0.016303 0.022881
8 0.486193 0.339298 0.005148 0.012203
8 0.503354 0.337010 0.006864 0.010678
8 0.493915 0.342349 0.005148 0.012203
8 0.569424 0.344637 0.006864 0.013729
2 0.801562 0.421525 0.084947 0.085424
2 0.971165 0.431629 0.056907 0.170978
2 0.567029 0.377542 0.016303 0.022881
2 0.520694 0.339407 0.009439 0.013729
2 0.510826 0.342458 0.006864 0.010678
8 0.596705 0.322802 0.031823 0.019967
0 0.615986 0.380485 0.006240 0.033279
