2 0.569004 0.590625 0.007910 0.023437
2 0.547251 0.594140 0.006592 0.021094
2 0.539340 0.594140 0.009229 0.021094
2 0.530771 0.596484 0.013184 0.021094
2 0.518247 0.594140 0.011865 0.025781
2 0.454966 0.605859 0.017139 0.016406
2 0.437827 0.609375 0.019775 0.018750
2 0.413569 0.608203 0.019775 0.035156
2 0.346333 0.610546 0.046143 0.058594
2 0.499262 0.602343 0.035596 0.042187
2 0.627802 0.591796 0.007910 0.025781
2 0.617255 0.590625 0.007910 0.023437
2 0.473818 0.601171 0.013184 0.025781
2 0.650214 0.592968 0.015820 0.028125
2 0.706904 0.591796 0.015820 0.030469
2 0.677241 0.595312 0.011865 0.023437
2 0.687128 0.596484 0.007910 0.021094
3 0.743027 0.581250 0.026367 0.042187
9 0.056780 0.288867 0.049916 0.029297
9 0.709458 0.160547 0.073828 0.044531
8 0.776694 0.164062 0.042187 0.112500
8 0.648814 0.191015 0.036914 0.124219
8 0.882509 0.396797 0.013184 0.044531
9 0.257739 0.594921 0.027686 0.035156
9 0.967675 0.134766 0.063281 0.110156
9 0.986791 0.527343 0.022412 0.107812
9 0.306782 0.486797 0.019775 0.039844
9 0.906767 0.487968 0.013184 0.037500
9 0.905449 0.443437 0.013184 0.037500
9 0.917314 0.544218 0.007910 0.028125
9 0.906108 0.531328 0.011865 0.030469
8 0.641118 0.541406 0.006592 0.023437
8 0.691215 0.542578 0.006592 0.021094
8 0.663530 0.540234 0.006592 0.025781
8 0.600908 0.541406 0.005273 0.018750
8 0.620024 0.551953 0.006592 0.021094
8 0.576123 0.542578 0.006592 0.023437
8 0.551733 0.543750 0.005273 0.021094
9 0.874403 0.440180 0.029244 0.027728
9 0.888050 0.141239 0.105279 0.126508
