9 0.523570 0.285234 0.029004 0.035156
9 0.484678 0.288750 0.035596 0.051562
2 0.043687 0.405937 0.039551 0.032812
2 0.257261 0.381328 0.031641 0.030469
2 0.288243 0.378984 0.017139 0.021094
2 0.462925 0.357890 0.013184 0.025781
2 0.452378 0.356718 0.013184 0.009375
2 0.454356 0.374297 0.017139 0.025781
2 0.443809 0.375468 0.019775 0.028125
2 0.472154 0.357890 0.010547 0.016406
3 0.486656 0.357890 0.015820 0.021094
2 0.499180 0.361406 0.009229 0.018750
2 0.513682 0.353203 0.011865 0.011719
2 0.519615 0.355547 0.010547 0.021094
2 0.528843 0.353203 0.013184 0.021094
2 0.541367 0.356718 0.011865 0.018750
2 0.507090 0.366093 0.017139 0.023437
2 0.477048 0.372206 0.013075 0.021601
3 0.135972 0.361406 0.163476 0.112500
4 0.368662 0.361406 0.151611 0.285937
