9 0.804486 0.312563 0.010707 0.011714
9 0.809428 0.326473 0.025532 0.016106
9 0.800780 0.342579 0.026356 0.016106
9 0.742715 0.341115 0.010707 0.021963
9 0.310316 0.385041 0.022238 0.013178
9 0.316494 0.334526 0.019767 0.052711
8 0.550401 0.159553 0.013178 0.060033
8 0.375794 0.015717 0.016472 0.031435
8 0.346144 0.015717 0.021414 0.031435
8 0.224248 0.408468 0.024709 0.042462
8 0.197893 0.407736 0.014825 0.040998
8 0.734067 0.385773 0.024709 0.040998
2 0.935442 0.441413 0.084833 0.046855
2 0.856786 0.441413 0.056006 0.043926
2 0.840259 0.468988 0.107179 0.046364
2 0.787191 0.448734 0.081538 0.038069
2 0.625762 0.480214 0.037063 0.062961
2 0.673120 0.495589 0.102128 0.087852
2 0.566873 0.489000 0.039534 0.054176
2 0.549165 0.467037 0.035416 0.033677
2 0.505514 0.478750 0.020590 0.024892
2 0.386913 0.477286 0.017296 0.016106
2 0.369617 0.486071 0.014001 0.021963
2 0.356027 0.479482 0.006589 0.020499
2 0.345320 0.486071 0.011531 0.016106
2 0.325553 0.494124 0.023061 0.020499
2 0.262547 0.507302 0.014001 0.023427
2 0.242780 0.499249 0.025532 0.045390
2 0.163301 0.538783 0.026356 0.042462
2 0.210659 0.533658 0.083185 0.087852
2 0.049642 0.563674 0.080714 0.074675
2 0.524869 0.518284 0.077420 0.083460
2 0.444566 0.486803 0.022238 0.026356
2 0.423152 0.483143 0.015649 0.033677
4 0.475863 0.478750 0.038710 0.089317
0 0.738185 0.516820 0.042828 0.144957
0 0.110589 0.540979 0.011531 0.049783
2 0.279843 0.512427 0.033768 0.033677
2 0.055077 0.533761 0.069211 0.048524
2 0.121851 0.532028 0.023395 0.031194
2 0.135986 0.535494 0.012673 0.020796
