8 0.244331 0.352795 0.020648 0.071375
8 0.721521 0.156005 0.024089 0.110121
8 0.229992 0.357893 0.014912 0.069335
8 0.743316 0.167221 0.018353 0.099924
8 0.628606 0.532251 0.004588 0.022432
8 0.633768 0.535310 0.008030 0.024471
8 0.531677 0.531231 0.004588 0.016314
8 0.527662 0.532251 0.003441 0.022432
8 0.432454 0.551624 0.005735 0.016314
8 0.381982 0.594449 0.010324 0.012236
8 0.976175 0.469033 0.024089 0.055060
9 0.972734 0.324245 0.017206 0.026511
9 0.413527 0.553663 0.024089 0.016314
8 0.413527 0.594449 0.005735 0.016314
9 0.420983 0.595468 0.009177 0.018353
9 0.774861 0.501662 0.013765 0.018353
2 0.006883 0.722923 0.013765 0.093807
2 0.032119 0.704569 0.050472 0.097885
2 0.064237 0.686216 0.064237 0.073414
2 0.059075 0.716805 0.079149 0.110121
4 0.220476 0.632159 0.261069 0.242641
2 0.480632 0.614332 0.016059 0.018353
2 0.459984 0.621469 0.036707 0.040785
2 0.426718 0.633705 0.041295 0.044864
2 0.380835 0.642881 0.055060 0.067296
2 0.551751 0.601076 0.013765 0.012236
2 0.542575 0.604135 0.011471 0.010196
2 0.529957 0.605155 0.009177 0.012236
2 0.581002 0.594958 0.014912 0.012236
2 0.564943 0.607194 0.010324 0.016314
0 0.631761 0.594958 0.005735 0.024471
2 0.613121 0.595978 0.014912 0.018353
2 0.601937 0.594958 0.011471 0.018353
2 0.578995 0.610253 0.022942 0.032628
2 0.686305 0.612394 0.097503 0.181495
2 0.775778 0.647062 0.081444 0.091767
2 0.740219 0.636866 0.024089 0.083610
0 0.628836 0.646042 0.025236 0.114199
9 0.980555 0.376182 0.034413 0.036707
9 0.851507 0.194687 0.161740 0.077492
