4 0.064363 0.370799 0.127018 0.741599
2 0.897618 0.592273 0.203757 0.376349
2 0.640723 0.453874 0.345543 0.366637
2 0.443367 0.433235 0.147505 0.174820
2 0.361420 0.412597 0.084679 0.118975
2 0.317032 0.396814 0.066923 0.092266
2 0.281522 0.372534 0.072387 0.106835
2 0.246012 0.372534 0.023218 0.063130
3 0.243963 0.342183 0.038242 0.089838
2 0.217330 0.360393 0.025950 0.038849
2 0.204355 0.353109 0.016389 0.029137
2 0.168162 0.359179 0.015024 0.007284
2 0.183869 0.359179 0.013658 0.021853
2 0.116078 0.353109 0.020856 0.043705
2 0.134017 0.353109 0.012292 0.038849
2 0.144944 0.354323 0.012292 0.026709
2 0.154504 0.355537 0.009560 0.024281
9 0.218696 0.313046 0.009560 0.021853
