2 0.213517 0.653148 0.164805 0.165108
2 0.746508 0.558837 0.063071 0.059203
2 0.528558 0.599729 0.024584 0.009710
2 0.371084 0.586292 0.030971 0.036707
2 0.123312 0.631156 0.049325 0.059139
2 0.780023 0.550604 0.022942 0.065257
2 0.833936 0.547545 0.013765 0.063218
2 0.861884 0.545316 0.026072 0.070995
2 0.930865 0.547545 0.081444 0.083610
0 0.905060 0.552926 0.025245 0.066987
9 0.643327 0.472432 0.021795 0.040785
2 0.275302 0.593769 0.025236 0.046903
2 0.055060 0.624358 0.041295 0.026511
9 0.775142 0.324045 0.010091 0.026910
0 0.601066 0.566798 0.007569 0.022425
2 0.529544 0.577226 0.025228 0.026910
2 0.421440 0.589559 0.039104 0.060548
2 0.461175 0.640016 0.095868 0.165947
0 0.877569 0.555922 0.013876 0.060548
8 0.532067 0.513538 0.012614 0.022425
