9 0.653862 0.279237 0.031974 0.063947
9 0.912849 0.178342 0.044763 0.089526
9 0.542753 0.367342 0.009592 0.029842
9 0.419873 0.339587 0.014388 0.041211
2 0.469054 0.394342 0.015987 0.032684
2 0.445074 0.403579 0.038368 0.056842
2 0.409103 0.405711 0.047961 0.078158
2 0.399911 0.417079 0.050359 0.081000
2 0.310385 0.403579 0.154273 0.198947
2 0.192881 0.457579 0.218220 0.250105
2 0.058461 0.548482 0.116922 0.291316
2 0.515318 0.392447 0.014388 0.029842
2 0.522112 0.400974 0.016786 0.032684
2 0.534502 0.408079 0.020783 0.038368
2 0.549689 0.410211 0.027178 0.045474
2 0.598050 0.431526 0.082332 0.099474
2 0.710856 0.415860 0.081579 0.062033
2 0.846504 0.518684 0.305349 0.417790
2 0.686387 0.394218 0.054053 0.046875
