9 0.581155 0.313010 0.064573 0.038265
9 0.559630 0.521174 0.014636 0.029082
9 0.692650 0.419388 0.027551 0.015306
9 0.653476 0.502806 0.018080 0.071939
9 0.293591 0.545664 0.018080 0.010714
9 0.486017 0.552551 0.013776 0.009184
9 0.506250 0.524235 0.014636 0.010714
9 0.799841 0.429337 0.035300 0.090306
9 0.801563 0.349745 0.023246 0.013776
8 0.903588 0.329847 0.020663 0.062755
8 0.687054 0.352806 0.012915 0.059694
8 0.510555 0.311480 0.018080 0.056633
8 0.492905 0.522704 0.006888 0.022959
8 0.412835 0.538776 0.005166 0.015306
8 0.312102 0.541072 0.005166 0.019898
8 0.392602 0.509694 0.007749 0.018367
8 0.684040 0.469898 0.006888 0.024490
2 0.941901 0.586225 0.112787 0.119388
2 0.049075 0.642092 0.097290 0.096429
2 0.269484 0.620664 0.021524 0.032143
2 0.238919 0.622959 0.034439 0.039796
2 0.203619 0.634439 0.039605 0.032143
2 0.159279 0.641327 0.043909 0.042857
2 0.114509 0.649745 0.037022 0.044388
2 0.499793 0.584694 0.006888 0.024490
2 0.507111 0.586225 0.016358 0.030612
2 0.527344 0.582398 0.017219 0.041327
2 0.425319 0.574745 0.021524 0.026020
2 0.479130 0.563266 0.006888 0.021429
4 0.358163 0.591582 0.033578 0.050510
4 0.307797 0.596174 0.055102 0.053571
2 0.385284 0.591582 0.025829 0.050510
2 0.473103 0.590051 0.025829 0.032143
2 0.556617 0.590817 0.043048 0.052041
2 0.448996 0.580102 0.008610 0.021429
