9 0.538312 0.424597 0.045318 0.056613
9 0.718357 0.393024 0.072263 0.084919
9 0.197818 0.448548 0.033070 0.069677
9 0.456250 0.425686 0.008574 0.023952
9 0.457475 0.457258 0.006124 0.026129
9 0.436041 0.421331 0.022046 0.032661
9 0.410320 0.413710 0.029395 0.026129
2 0.385212 0.479032 0.011023 0.013065
2 0.334995 0.488831 0.015922 0.015242
2 0.322747 0.477944 0.013473 0.019597
2 0.293352 0.496452 0.015922 0.017419
2 0.276081 0.491734 0.013226 0.026856
2 0.255383 0.494274 0.013473 0.030484
2 0.650381 0.566129 0.235161 0.222097
