9 0.560181 0.208059 0.042825 0.024471
9 0.837013 0.105416 0.032119 0.123716
9 0.912721 0.133286 0.059649 0.089728
9 0.967399 0.298467 0.014530 0.053021
9 0.560564 0.242047 0.020648 0.043505
9 0.575858 0.265839 0.025236 0.020393
0 0.611782 0.392900 0.014530 0.057100
0 0.635489 0.405136 0.016059 0.089728
0 0.645048 0.422810 0.013765 0.076133
0 0.651931 0.462915 0.035177 0.202568
0 0.678314 0.459517 0.049707 0.228399
0 0.746375 0.451359 0.040531 0.176737
0 0.767405 0.440483 0.035177 0.149547
0 0.799141 0.435725 0.039001 0.120997
0 0.844260 0.399698 0.013000 0.084290
0 0.887085 0.375906 0.013000 0.033988
0 0.902379 0.352795 0.032883 0.066616
2 0.454902 0.522508 0.363246 0.565559
2 0.861866 0.591443 0.274537 0.538369
3 0.143969 0.428301 0.287938 0.856495
8 0.818339 0.266030 0.008934 0.039706
