9 0.570995 0.412982 0.019521 0.013882
9 0.562698 0.430334 0.014641 0.013882
8 0.487542 0.436407 0.006832 0.019087
8 0.435811 0.440745 0.006832 0.017352
8 0.430442 0.439878 0.005856 0.019087
9 0.017569 0.381748 0.031234 0.027763
2 0.571203 0.519698 0.042532 0.074614
2 0.434835 0.498007 0.016593 0.034704
2 0.382127 0.499743 0.016593 0.045116
2 0.361142 0.498007 0.031234 0.062468
2 0.349917 0.504948 0.022449 0.058997
2 0.324540 0.508419 0.049779 0.065938
0 0.240111 0.505816 0.009761 0.050321
2 0.269393 0.519698 0.074181 0.081555
2 0.626630 0.548329 0.097606 0.117995
2 0.410921 0.501478 0.037090 0.058997
2 0.031234 0.562210 0.062468 0.173522
2 0.495838 0.549196 0.146409 0.213432
2 0.863047 0.634218 0.272900 0.290625
