8 0.422452 0.028421 0.021982 0.053289
8 0.244599 0.026645 0.017985 0.053289
2 0.124198 0.380132 0.048960 0.046184
2 0.416834 0.360592 0.064947 0.035526
2 0.484278 0.353487 0.049959 0.039079
9 0.429823 0.264671 0.022981 0.017763
0 0.270954 0.353487 0.008993 0.039079
0 0.367874 0.359704 0.012989 0.044408
9 0.625662 0.222039 0.014988 0.024868
9 0.622665 0.166974 0.028976 0.085263
8 0.644147 0.223816 0.009992 0.039079
2 0.962008 0.362368 0.075938 0.099474
8 0.674522 0.217031 0.022412 0.042187
2 0.017229 0.586406 0.034459 0.168750
