0 0.536518 0.374912 0.007913 0.068933
0 0.532166 0.378429 0.011870 0.061899
0 0.542453 0.377725 0.010287 0.066120
0 0.477960 0.358030 0.006331 0.029543
0 0.492204 0.358734 0.007913 0.036577
0 0.622456 0.400938 0.017409 0.092849
0 0.604255 0.387573 0.011079 0.091442
0 0.585659 0.387573 0.011870 0.088628
0 0.610982 0.386870 0.011870 0.092849
0 0.917066 0.423446 0.024531 0.140680
0 0.905592 0.429074 0.015826 0.115358
0 0.940410 0.431184 0.026905 0.161782
0 0.885808 0.450879 0.030070 0.187104
0 0.923396 0.417116 0.015035 0.113951
0 0.946740 0.454537 0.069637 0.232122
0 0.484765 0.374631 0.009496 0.061055
0 0.593889 0.398124 0.018200 0.112544
0 0.499009 0.379132 0.010129 0.071747
0 0.509613 0.376319 0.012661 0.066120
0 0.458968 0.355920 0.006331 0.022509
0 0.472104 0.376319 0.006964 0.060492
0 0.523857 0.381946 0.014244 0.074560
0 0.885808 0.458616 0.031653 0.244783
0 0.983141 0.455803 0.031653 0.241969
8 0.074780 0.049941 0.016618 0.058617
8 0.391442 0.078312 0.012661 0.059086
8 0.575557 0.115592 0.016354 0.063306
8 0.590724 0.271043 0.018200 0.030950
8 0.579513 0.271278 0.012134 0.032356
3 0.129777 0.284173 0.102872 0.112544
3 0.212866 0.296131 0.068054 0.142087
3 0.403338 0.287690 0.049853 0.026729
3 0.303473 0.310903 0.128986 0.254631
2 0.210097 0.368347 0.065680 0.088628
2 0.122260 0.355686 0.121073 0.161782
2 0.056975 0.378194 0.113951 0.226495
2 0.742658 0.438921 0.258235 0.351700
2 0.361348 0.447362 0.228693 0.320750
8 0.381023 0.081594 0.010287 0.056272
9 0.034423 0.192028 0.010287 0.029543
9 0.025718 0.187808 0.008705 0.021102
9 0.518911 0.162134 0.033236 0.056272
9 0.570743 0.209261 0.030862 0.023916
9 0.565995 0.238101 0.019783 0.039390
3 0.025322 0.236694 0.050645 0.091442
