2 0.696361 0.632855 0.013765 0.028550
2 0.708673 0.636933 0.020648 0.031269
2 0.715938 0.636933 0.015295 0.033988
2 0.734674 0.636933 0.035942 0.044864
2 0.757998 0.645770 0.039766 0.051662
2 0.594882 0.630816 0.022177 0.021752
2 0.633864 0.625717 0.017780 0.035347
2 0.620386 0.629116 0.029060 0.036707
2 0.677549 0.638293 0.032883 0.048943
2 0.650401 0.634214 0.018353 0.024471
2 0.901997 0.652568 0.116239 0.126435
9 0.950203 0.382704 0.033648 0.033988
9 0.787130 0.564879 0.019569 0.010876
0 0.975296 0.652076 0.030088 0.132453
