9 0.495465 0.207905 0.016373 0.033265
9 0.579277 0.293147 0.021830 0.029107
9 0.734816 0.304928 0.013254 0.022177
9 0.069778 0.239784 0.024169 0.027721
8 0.076015 0.295919 0.011695 0.040195
8 0.083812 0.299384 0.005458 0.038809
8 0.463499 0.219687 0.013254 0.054055
8 0.673224 0.281365 0.011695 0.060986
8 0.757815 0.295226 0.021830 0.033265
9 0.569921 0.234933 0.018711 0.056827
2 0.079914 0.507982 0.159827 0.389476
2 0.856286 0.542633 0.287381 0.614014
2 0.449076 0.467787 0.251046 0.395020
2 0.283011 0.452541 0.091998 0.139990
2 0.602666 0.438681 0.084202 0.142762
2 0.226877 0.455313 0.026508 0.076232
2 0.185556 0.461550 0.063931 0.074846
2 0.146184 0.453927 0.047558 0.070688
2 0.096604 0.402336 0.048194 0.037303
0 0.707138 0.414425 0.012474 0.077618
3 0.671125 0.396118 0.049959 0.131447
