8 0.197157 0.111308 0.036896 0.093051
8 0.169270 0.105207 0.032606 0.105254
8 0.610737 0.223427 0.021451 0.067119
8 0.626182 0.217325 0.014587 0.061017
8 0.739445 0.409529 0.019735 0.030508
8 0.488894 0.459105 0.011155 0.013729
8 0.558396 0.462156 0.009439 0.019831
8 0.545586 0.485847 0.007722 0.019831
2 0.534780 0.514830 0.017161 0.021356
2 0.501745 0.523983 0.023167 0.024407
2 0.440824 0.535424 0.036896 0.041186
2 0.384621 0.541525 0.075508 0.068644
2 0.560093 0.514830 0.021451 0.027458
2 0.583260 0.518644 0.026600 0.047288
2 0.610289 0.513305 0.030890 0.070169
2 0.652762 0.517119 0.057489 0.077797
