2 0.682055 0.466639 0.049136 0.052941
2 0.513057 0.456051 0.020846 0.031765
2 0.478066 0.458698 0.052114 0.026471
2 0.436375 0.460021 0.025313 0.034412
2 0.464665 0.501051 0.087849 0.090000
2 0.410318 0.482521 0.053603 0.058235
2 0.097952 0.494433 0.073812 0.087353
3 0.608351 0.462668 0.065515 0.092647
3 0.768416 0.473257 0.129541 0.156177
3 0.935925 0.377962 0.125074 0.505589
2 0.627708 0.497080 0.077427 0.103235
2 0.539114 0.524874 0.120607 0.158824
8 0.780174 0.373992 0.013094 0.052941
8 0.650787 0.272458 0.016379 0.050294
8 0.555493 0.368698 0.010423 0.042353
8 0.437120 0.048971 0.029779 0.092647
8 0.248475 0.051618 0.028870 0.097941
9 0.382760 0.086871 0.108719 0.049926
9 0.309068 0.033088 0.053603 0.066176
9 0.380619 0.368171 0.041530 0.062475
8 0.686522 0.276051 0.037224 0.026471
9 0.559621 0.414058 0.015354 0.021292
9 0.551967 0.405095 0.015772 0.019248
9 0.654403 0.428824 0.013401 0.021176
8 0.908429 0.366461 0.018747 0.060569
8 0.928969 0.353383 0.016379 0.055588
9 0.549136 0.420710 0.010110 0.007988
3 0.067225 0.476627 0.113457 0.087870
