8 0.341211 0.180433 0.006159 0.029722
8 0.555473 0.167137 0.008799 0.031286
8 0.547553 0.169483 0.007039 0.035979
8 0.296335 0.232838 0.006159 0.015643
8 0.644345 0.262560 0.008799 0.015643
9 0.342091 0.205462 0.013199 0.007822
9 0.634226 0.224234 0.016719 0.007822
0 0.646985 0.296975 0.014079 0.028158
2 0.230383 0.302698 0.048482 0.039604
2 0.182824 0.298539 0.051916 0.037543
2 0.144548 0.296975 0.054555 0.043801
2 0.106711 0.300103 0.059835 0.043801
2 0.045996 0.302450 0.061595 0.042236
2 0.009359 0.296975 0.018718 0.037543
4 0.071074 0.265688 0.102951 0.062572
4 0.217141 0.265688 0.060715 0.040672
2 0.437563 0.260213 0.012319 0.014079
2 0.448122 0.277421 0.010559 0.014079
2 0.457801 0.281332 0.008799 0.018772
2 0.469240 0.296975 0.014079 0.021900
2 0.503117 0.298539 0.009679 0.021900
2 0.508397 0.305578 0.009679 0.026593
2 0.516316 0.304014 0.009679 0.029722
2 0.523355 0.308707 0.011439 0.035979
2 0.535674 0.307925 0.020238 0.037543
2 0.565592 0.300885 0.043116 0.042236
2 0.485337 0.314812 0.031641 0.048189
2 0.444162 0.326917 0.046636 0.084915
2 0.563724 0.374408 0.096128 0.114195
2 0.401046 0.304014 0.027278 0.042236
2 0.379488 0.356418 0.080953 0.115759
2 0.726597 0.311953 0.021094 0.021094
