9 0.266289 0.372153 0.041624 0.072193
9 0.265274 0.321618 0.019289 0.028877
9 0.265274 0.241304 0.039593 0.102874
9 0.468315 0.466905 0.015228 0.012634
9 0.415017 0.463296 0.016243 0.019853
8 0.339892 0.475929 0.006091 0.023463
8 0.484051 0.464198 0.008122 0.018048
8 0.794197 0.375762 0.013198 0.025267
2 0.451564 0.522854 0.032487 0.045120
2 0.340399 0.531879 0.027411 0.034291
2 0.313496 0.536391 0.024365 0.028877
2 0.298268 0.531879 0.020304 0.034291
2 0.274411 0.531879 0.039593 0.048730
2 0.236340 0.543610 0.052791 0.043316
2 0.168829 0.551732 0.055836 0.041511
3 0.586587 0.506611 0.056852 0.095655
2 0.630241 0.540903 0.032487 0.081217
2 0.671357 0.533683 0.053806 0.099265
2 0.760695 0.526464 0.155327 0.178677
2 0.514507 0.578804 0.134007 0.189505
2 0.371363 0.537293 0.042639 0.048730
0 0.655621 0.534586 0.026395 0.122727
0 0.677448 0.537293 0.033502 0.128142
2 0.921098 0.575194 0.155327 0.243650
