9 0.190206 0.460825 0.032474 0.051546
2 0.467397 0.578694 0.023196 0.037113
2 0.487113 0.570447 0.027835 0.057732
2 0.535825 0.566323 0.078866 0.090722
2 0.440142 0.557045 0.026675 0.030928
9 0.225000 0.550516 0.046392 0.070103
9 0.592655 0.224055 0.071907 0.049485
9 0.582217 0.278694 0.013918 0.043299
9 0.621070 0.311684 0.038273 0.030928
8 0.628028 0.372852 0.015077 0.035052
8 0.604253 0.348110 0.011598 0.026804
2 0.956250 0.548454 0.084665 0.090722
2 0.097423 0.621993 0.055670 0.045361
2 0.040013 0.619931 0.033634 0.045361
