9 0.380823 0.329799 0.023246 0.042857
9 0.729085 0.255565 0.020663 0.087245
9 0.822891 0.345105 0.026690 0.058163
9 0.624438 0.368065 0.018941 0.015306
8 0.497445 0.355820 0.011193 0.021429
2 0.539516 0.435459 0.014636 0.022959
2 0.550709 0.433163 0.011193 0.021429
2 0.523158 0.433163 0.021524 0.027551
2 0.501747 0.438550 0.023246 0.029082
2 0.422424 0.444643 0.040466 0.047449
2 0.566206 0.435459 0.012915 0.019898
2 0.576968 0.437755 0.012054 0.018367
2 0.585578 0.440817 0.010332 0.018367
2 0.594618 0.440051 0.011193 0.019898
2 0.669092 0.433163 0.034439 0.052041
2 0.707405 0.426276 0.064573 0.102551
2 0.742705 0.445408 0.024968 0.067347
2 0.790058 0.446939 0.090402 0.119388
2 0.879911 0.461432 0.163584 0.156123
2 0.370074 0.448980 0.062851 0.073469
2 0.275797 0.472704 0.084375 0.090306
2 0.130724 0.496429 0.162723 0.131633
2 0.610976 0.431021 0.028412 0.042857
2 0.943251 0.497798 0.110168 0.170207
