9 0.229493 0.377687 0.091221 0.058325
9 0.616928 0.363767 0.015204 0.034141
9 0.567317 0.431338 0.010402 0.018493
9 0.632346 0.443836 0.014403 0.014226
9 0.550727 0.428188 0.016004 0.014226
9 0.545926 0.438146 0.028807 0.019916
9 0.591137 0.448815 0.008802 0.015648
9 0.594737 0.462329 0.006401 0.014226
2 0.454091 0.491593 0.024006 0.048367
2 0.428085 0.518621 0.047211 0.068282
2 0.320860 0.553474 0.151235 0.166438
2 0.244842 0.535692 0.047211 0.091043
2 0.198432 0.527157 0.058413 0.056902
2 0.577719 0.477367 0.018404 0.036986
2 0.612927 0.480212 0.015204 0.019916
2 0.624130 0.473100 0.013603 0.022761
2 0.647735 0.473100 0.011203 0.017071
2 0.662939 0.470966 0.016004 0.021338
2 0.674942 0.468121 0.017604 0.027028
2 0.692146 0.466698 0.016804 0.021338
2 0.770164 0.452473 0.046411 0.024183
2 0.526107 0.563432 0.156836 0.234721
2 0.027306 0.550629 0.053612 0.052634
