9 0.179601 0.556997 0.036876 0.063130
9 0.124969 0.464731 0.012292 0.019424
9 0.125652 0.481727 0.010926 0.009712
9 0.228359 0.516934 0.016389 0.031565
9 0.262504 0.514506 0.010926 0.016996
9 0.315769 0.507222 0.010926 0.016996
9 0.445245 0.469587 0.005463 0.019424
9 0.525144 0.402815 0.025950 0.041277
9 0.636319 0.282626 0.036876 0.058273
9 0.634953 0.342114 0.066923 0.080126
9 0.637001 0.407671 0.040974 0.055845
9 0.522071 0.430981 0.013658 0.021853
9 0.521729 0.456475 0.010926 0.029137
2 0.765066 0.562096 0.143407 0.084982
2 0.495779 0.542671 0.065558 0.070414
2 0.309350 0.549955 0.129749 0.080126
2 0.083263 0.526889 0.069072 0.043705
3 0.414074 0.553598 0.086044 0.126259
2 0.028461 0.549955 0.056922 0.099550
2 0.925045 0.564204 0.146474 0.095334
