2 0.035958 0.567638 0.071916 0.102047
2 0.111978 0.544252 0.087298 0.089291
2 0.176729 0.522081 0.082863 0.099618
2 0.238490 0.515855 0.043051 0.065906
2 0.273170 0.516918 0.028701 0.046772
2 0.292902 0.507351 0.032288 0.048898
2 0.313830 0.511603 0.019134 0.040394
2 0.328180 0.505225 0.019134 0.036142
2 0.341932 0.507351 0.015546 0.027638
2 0.349706 0.500973 0.021526 0.036142
2 0.374221 0.502036 0.022721 0.029764
2 0.390365 0.505529 0.014350 0.023386
2 0.419066 0.502340 0.028701 0.038268
2 0.459127 0.538482 0.075340 0.110551
8 0.384984 0.415174 0.010763 0.021260
8 0.440591 0.415174 0.011959 0.021260
9 0.550611 0.295056 0.038268 0.036142
2 0.986754 0.542126 0.023917 0.102047
