8 0.208679 0.404788 0.017938 0.017008
9 0.225421 0.431575 0.025113 0.025512
8 0.729479 0.463465 0.021526 0.029764
9 0.759375 0.270000 0.009567 0.012756
8 0.854447 0.415630 0.027505 0.036142
8 0.416640 0.459213 0.009567 0.017008
8 0.854327 0.218976 0.011959 0.093543
9 0.857317 0.287008 0.022721 0.042520
2 0.303750 0.508110 0.031093 0.025512
2 0.336636 0.510236 0.025113 0.025512
2 0.401213 0.509173 0.017938 0.014882
2 0.449048 0.502795 0.017938 0.040394
2 0.383873 0.511299 0.014350 0.019134
2 0.367729 0.509173 0.020330 0.027638
2 0.431708 0.526181 0.031093 0.040394
2 0.468780 0.500669 0.016742 0.027638
2 0.493295 0.493228 0.027505 0.021260
2 0.526779 0.530433 0.022721 0.027638
8 0.517810 0.508110 0.009567 0.012756
2 0.493893 0.536811 0.055010 0.061654
2 0.643376 0.563386 0.059793 0.068032
9 0.845358 0.563386 0.034680 0.080787
