0 0.451722 0.559439 0.044770 0.172959
8 0.407239 0.451225 0.017219 0.030612
8 0.148087 0.465000 0.003444 0.015306
8 0.392602 0.451990 0.005166 0.029082
8 0.151961 0.465000 0.006027 0.018367
8 0.144643 0.465000 0.003444 0.015306
9 0.284551 0.504031 0.006027 0.016837
2 0.207494 0.526914 0.006888 0.009184
2 0.186830 0.528444 0.008610 0.012245
2 0.179082 0.525383 0.008610 0.015306
2 0.281537 0.541454 0.012054 0.019898
2 0.346110 0.542985 0.036161 0.044388
2 0.405517 0.536862 0.032717 0.047449
2 0.693081 0.546429 0.181665 0.123980
2 0.223249 0.542602 0.028412 0.044388
2 0.197420 0.531888 0.016358 0.026020
2 0.172883 0.532653 0.017219 0.027551
2 0.145332 0.534949 0.024107 0.029082
2 0.731947 0.563594 0.229018 0.123980
2 0.046308 0.574089 0.092616 0.172959
2 0.925973 0.569388 0.146365 0.150000
2 0.489318 0.524490 0.046492 0.058163
9 0.249851 0.451012 0.008371 0.017008
9 0.253438 0.466957 0.008371 0.019134
3 0.096182 0.521777 0.043051 0.080787
