2 0.092812 0.543750 0.033750 0.056250
2 0.120762 0.542812 0.028477 0.050625
2 0.209883 0.542812 0.021094 0.035625
2 0.261035 0.540937 0.005273 0.020625
2 0.364922 0.551250 0.008437 0.015000
2 0.396035 0.544687 0.017930 0.031875
2 0.420820 0.545625 0.031641 0.048750
2 0.443496 0.547500 0.017930 0.056250
2 0.053789 0.544687 0.063281 0.058125
4 0.179297 0.528750 0.040078 0.071250
3 0.241523 0.520125 0.033750 0.082500
2 0.322207 0.544687 0.017930 0.028125
2 0.679219 0.575312 0.194062 0.208125
4 0.528926 0.491719 0.167695 0.228750
2 0.885515 0.633187 0.225703 0.376125
8 0.355430 0.508125 0.004219 0.018750
8 0.341719 0.521250 0.004219 0.015000
8 0.304101 0.532187 0.004219 0.016875
9 0.294961 0.496250 0.010547 0.015000
9 0.295488 0.511250 0.009492 0.007500
