2 0.181658 0.562870 0.362276 0.372718
2 0.781925 0.638233 0.433883 0.407143
2 0.843889 0.426900 0.309779 0.096099
2 0.692113 0.451819 0.046259 0.061910
2 0.573478 0.529774 0.233894 0.288296
2 0.425340 0.452310 0.124743 0.109959
3 0.075366 0.379497 0.064451 0.089630
2 0.025468 0.395667 0.038463 0.059138
8 0.063359 0.137218 0.014034 0.063758
8 0.199329 0.261191 0.008836 0.038809
8 0.321474 0.276899 0.008836 0.036961
8 0.467008 0.105801 0.018192 0.095175
8 0.265599 0.358522 0.004158 0.011088
8 0.288209 0.360370 0.004678 0.011088
8 0.872034 0.312320 0.033265 0.055441
9 0.144494 0.341889 0.011435 0.022177
9 0.309000 0.324333 0.005717 0.022177
9 0.361496 0.337731 0.009876 0.008316
9 0.515346 0.370996 0.007796 0.021253
9 0.840848 0.304466 0.038463 0.041581
9 0.873030 0.210986 0.033265 0.027721
9 0.869392 0.171715 0.027028 0.034189
9 0.490051 0.281212 0.007796 0.077618
9 0.204614 0.333419 0.006237 0.012012
3 0.005977 0.377695 0.010915 0.085934
