2 0.404930 0.430056 0.010518 0.011219
2 0.390731 0.432860 0.015776 0.013089
2 0.376532 0.430056 0.014725 0.014958
2 0.364437 0.430991 0.015776 0.016828
2 0.350238 0.437535 0.012621 0.011219
2 0.338143 0.437535 0.017880 0.018698
2 0.317108 0.445014 0.017880 0.018698
2 0.301857 0.442209 0.016828 0.020568
2 0.293969 0.449689 0.015776 0.016828
2 0.283977 0.448754 0.018932 0.026177
2 0.262942 0.454363 0.018932 0.018698
2 0.252950 0.448754 0.015776 0.018698
2 0.235596 0.449689 0.023139 0.020568
2 0.153032 0.453428 0.024191 0.024307
2 0.112013 0.452493 0.019984 0.026177
2 0.090209 0.456607 0.040454 0.026925
2 0.498011 0.437535 0.011569 0.018698
2 0.517995 0.450623 0.013673 0.022438
2 0.517469 0.461842 0.012621 0.026177
2 0.505374 0.463712 0.028398 0.033657
2 0.482235 0.459038 0.017880 0.028047
2 0.456993 0.456233 0.015776 0.026177
9 0.555333 0.428186 0.010518 0.014958
9 0.566376 0.430056 0.009466 0.007479
9 0.600559 0.430991 0.016828 0.016828
9 0.602662 0.444079 0.008414 0.013089
9 0.603714 0.459973 0.008414 0.014958
9 0.707839 0.431925 0.018932 0.018698
9 0.707313 0.455298 0.013673 0.024307
8 0.492753 0.388920 0.007362 0.014958
8 0.453837 0.422576 0.007362 0.014958
8 0.562695 0.420707 0.008414 0.014958
8 0.581627 0.415097 0.008414 0.011219
2 0.031553 0.458103 0.027346 0.018698
