3 0.307836 0.475030 0.015151 0.037545
3 0.291538 0.475846 0.017446 0.039178
3 0.267205 0.483192 0.029383 0.047340
3 0.499516 0.449728 0.018365 0.022854
3 0.515126 0.452993 0.009182 0.026119
3 0.527522 0.458706 0.013773 0.024486
3 0.539459 0.459522 0.021119 0.032648
3 0.568383 0.472582 0.038566 0.048972
3 0.594094 0.474214 0.052339 0.070193
3 0.645056 0.479111 0.093659 0.106106
3 0.721269 0.498700 0.117533 0.125695
3 0.842475 0.545224 0.246085 0.208948
3 0.218385 0.497340 0.067031 0.052237
3 0.057972 0.475878 0.115944 0.164873
3 0.364143 0.455558 0.040402 0.034281
3 0.481217 0.448212 0.013773 0.019589
9 0.423150 0.412999 0.008264 0.022854
10 0.608326 0.344039 0.012855 0.008997
10 0.599963 0.371192 0.020002 0.014331
9 0.478689 0.411315 0.008264 0.021221
