9 0.701384 0.208820 0.012037 0.043023
9 0.626426 0.239929 0.010797 0.031990
9 0.728996 0.329502 0.014396 0.027725
9 0.657617 0.315751 0.013196 0.034347
9 0.569875 0.358294 0.012859 0.025592
9 0.447572 0.275118 0.006214 0.021327
9 0.402093 0.270853 0.010797 0.038389
9 0.429685 0.339099 0.005998 0.021327
9 0.430885 0.356161 0.005998 0.017062
9 0.448279 0.340166 0.007198 0.023460
9 0.448879 0.357227 0.008398 0.019194
9 0.432684 0.371090 0.007198 0.021327
9 0.328315 0.234597 0.009597 0.042654
9 0.313919 0.220734 0.009597 0.049052
10 0.642622 0.145024 0.038389 0.055450
10 0.661216 0.198341 0.025193 0.021327
10 0.640822 0.227133 0.010797 0.027725
3 0.489245 0.404147 0.023637 0.040521
3 0.444680 0.386019 0.011996 0.012796
4 0.459379 0.382820 0.015002 0.036256
3 0.409971 0.389162 0.024153 0.023572
3 0.374301 0.407888 0.024792 0.030943
3 0.358306 0.411611 0.031191 0.029858
3 0.338512 0.415877 0.039588 0.046919
3 0.285728 0.434004 0.082775 0.074645
3 0.118377 0.415877 0.055184 0.046919
3 0.152567 0.403080 0.039588 0.029858
3 0.055396 0.409478 0.065980 0.051185
3 0.054990 0.507458 0.109980 0.230083
