10 0.019496 0.422070 0.035093 0.060827
10 0.500305 0.394012 0.028788 0.051199
10 0.577574 0.264281 0.022421 0.050257
10 0.631188 0.363062 0.018521 0.019063
9 0.616360 0.415572 0.020059 0.033969
9 0.517136 0.223556 0.014622 0.069320
9 0.501539 0.228755 0.012673 0.076252
9 0.483992 0.227888 0.012673 0.064121
3 0.967009 0.463575 0.062388 0.057189
3 0.951900 0.518165 0.094556 0.100514
3 0.823713 0.527147 0.183264 0.103344
3 0.407470 0.519898 0.027295 0.055456
3 0.333872 0.511233 0.022421 0.020796
3 0.360191 0.511233 0.024370 0.034660
3 0.316325 0.513832 0.014622 0.015597
3 0.294771 0.505108 0.018305 0.012014
3 0.297316 0.530295 0.025345 0.048524
3 0.272908 0.531499 0.025268 0.066912
3 0.212508 0.538094 0.025345 0.067587
3 0.182776 0.545026 0.049715 0.074519
3 0.208609 0.541560 0.015597 0.046791
3 0.133549 0.562356 0.072136 0.091849
3 0.245652 0.543293 0.062388 0.084917
3 0.379200 0.536361 0.056539 0.074519
3 0.443050 0.533761 0.063363 0.090116
3 0.033143 0.747786 0.066287 0.299808
