10 0.559540 0.375193 0.011698 0.015597
10 0.640449 0.382991 0.009748 0.017330
10 0.662382 0.439313 0.014622 0.008665
9 0.459622 0.376059 0.004874 0.020796
9 0.528346 0.369127 0.005849 0.017330
1 0.740367 0.519031 0.020471 0.105712
1 0.926555 0.546759 0.039967 0.147304
1 0.964085 0.512099 0.029244 0.105712
12 0.712097 0.516432 0.016572 0.055456
1 0.711610 0.480905 0.013647 0.025995
12 0.702349 0.516578 0.024370 0.062094
1 0.754014 0.518165 0.010723 0.093582
1 0.312913 0.447978 0.013647 0.029461
1 0.293417 0.449711 0.011698 0.029461
3 0.165230 0.537227 0.330460 0.686265
3 0.364091 0.521631 0.123801 0.176765
3 0.383587 0.441913 0.063363 0.093582
3 0.426478 0.472240 0.016572 0.043325
3 0.435252 0.471374 0.010723 0.031194
3 0.444737 0.475509 0.008247 0.018668
3 0.608280 0.496502 0.046791 0.050257
3 0.582935 0.489570 0.031194 0.046791
3 0.545892 0.484371 0.027295 0.022529
3 0.474066 0.477809 0.022181 0.030200
3 0.645323 0.490437 0.035093 0.031194
3 0.537119 0.481782 0.027295 0.031215
3 0.523973 0.484414 0.010082 0.022443
3 0.508094 0.483499 0.025710 0.024197
