9 0.363711 0.098307 0.015962 0.087601
9 0.291444 0.368026 0.008697 0.026843
9 0.339011 0.374408 0.008799 0.017207
9 0.348690 0.399437 0.007039 0.017207
9 0.383675 0.102363 0.017174 0.070685
9 0.535674 0.318093 0.014959 0.032851
9 0.553273 0.321221 0.013199 0.032851
9 0.004080 0.338429 0.008159 0.026593
10 0.459286 0.148303 0.074463 0.034291
10 0.537874 0.183562 0.019358 0.020336
10 0.525115 0.258649 0.030797 0.026593
10 0.360569 0.367369 0.013199 0.006257
3 0.318773 0.436980 0.033437 0.057879
3 0.280936 0.432287 0.038717 0.054751
3 0.252778 0.442456 0.022878 0.056315
3 0.217581 0.450277 0.051036 0.071958
3 0.189424 0.448713 0.028158 0.062572
3 0.166651 0.456761 0.029707 0.063027
3 0.103191 0.443209 0.100311 0.126767
3 0.363209 0.440109 0.032557 0.048494
3 0.345861 0.422913 0.011939 0.017230
3 0.386527 0.436980 0.012319 0.039108
3 0.398406 0.444020 0.025518 0.059444
3 0.431403 0.453406 0.059835 0.068830
1 0.477599 0.422119 0.013199 0.050058
1 0.564363 0.435245 0.026216 0.127052
1 0.590230 0.458099 0.027278 0.122016
1 0.670303 0.433852 0.029038 0.123581
9 0.940830 0.015469 0.032959 0.028125
