10 0.747190 0.344865 0.045816 0.110911
10 0.360191 0.320603 0.006824 0.013864
9 0.330015 0.294236 0.006909 0.014609
9 0.292110 0.320572 0.007133 0.013926
3 0.359217 0.376926 0.020471 0.029461
3 0.391873 0.388190 0.023395 0.041592
3 0.405520 0.393389 0.017547 0.045058
3 0.418680 0.400321 0.024370 0.045058
3 0.441768 0.405993 0.033504 0.054343
3 0.475706 0.415052 0.042892 0.060655
3 0.527858 0.428915 0.078959 0.088383
3 0.198970 0.396190 0.077810 0.081853
3 0.919244 0.427182 0.159868 0.088383
3 0.869041 0.532028 0.260274 0.211425
3 0.026320 0.450578 0.052640 0.405520
5 0.328998 0.357863 0.034118 0.053723
3 0.260384 0.364000 0.045018 0.035570
