9 0.656726 0.224340 0.018711 0.074846
9 0.671149 0.224340 0.014813 0.069302
9 0.637847 0.220182 0.016373 0.060986
9 0.817946 0.477292 0.007017 0.029107
9 0.220793 0.441948 0.020271 0.033265
9 0.832369 0.478480 0.017152 0.031879
10 0.228923 0.367795 0.021830 0.018018
10 0.250364 0.360171 0.013254 0.024949
10 0.810149 0.302651 0.028847 0.020791
3 0.340082 0.575173 0.073080 0.077682
3 0.601062 0.554387 0.063500 0.049951
3 0.650083 0.569211 0.036101 0.059114
3 0.705319 0.589019 0.102913 0.109128
3 0.549390 0.546329 0.006237 0.009702
9 0.248083 0.443116 0.007796 0.020791
9 0.561202 0.529412 0.003244 0.009227
9 0.555039 0.529988 0.005190 0.008074
9 0.543036 0.530565 0.004542 0.009227
3 0.450908 0.559977 0.177119 0.079585
