9 0.346110 0.438521 0.014636 0.035204
9 0.523039 0.455357 0.012054 0.029082
9 0.405169 0.509804 0.011678 0.020761
9 0.387436 0.517347 0.012915 0.021429
10 0.543907 0.475561 0.025829 0.013776
10 0.556821 0.510766 0.010332 0.026020
10 0.523674 0.512296 0.019802 0.010714
10 0.592121 0.500051 0.020663 0.016837
10 0.435925 0.519251 0.012915 0.016587
3 0.339965 0.568627 0.027898 0.029988
3 0.319276 0.568113 0.019802 0.032143
3 0.242219 0.571939 0.041327 0.055102
3 0.196158 0.568113 0.052519 0.071939
3 0.044183 0.574228 0.085236 0.111735
3 0.293865 0.567340 0.035300 0.045918
3 0.372774 0.569547 0.016958 0.025843
3 0.531853 0.577653 0.027551 0.036735
3 0.560853 0.577112 0.034985 0.056185
3 0.582526 0.589545 0.043297 0.083359
3 0.659933 0.596939 0.136033 0.159184
3 0.785867 0.671981 0.212660 0.209694
3 0.921258 0.755441 0.154114 0.370408
3 0.467868 0.553792 0.034204 0.062601
3 0.440434 0.570552 0.027551 0.053571
3 0.406856 0.579736 0.061990 0.087245
10 0.746030 0.353166 0.043048 0.084903
3 0.122946 0.573818 0.092128 0.088812
