9 0.554666 0.323203 0.005849 0.025995
9 0.548817 0.323203 0.005849 0.032927
9 0.493253 0.311939 0.007798 0.020796
9 0.413319 0.314538 0.005849 0.025995
9 0.408444 0.313672 0.005849 0.024262
3 0.126725 0.368261 0.046791 0.032927
3 0.127700 0.407253 0.021446 0.038126
3 0.167180 0.401188 0.067262 0.102247
3 0.386999 0.396855 0.048740 0.086650
3 0.350931 0.397722 0.052640 0.116110
3 0.557590 0.395122 0.044841 0.090116
3 0.470832 0.419384 0.150120 0.207959
3 0.063363 0.439313 0.126725 0.382991
3 0.266610 0.412452 0.170591 0.194095
4 0.773997 0.374326 0.444512 0.311939
4 0.348494 0.324069 0.078959 0.069320
