9 0.407701 0.285040 0.016141 0.060576
9 0.733570 0.124464 0.016237 0.062412
9 0.973647 0.330928 0.011598 0.032990
9 0.488273 0.403093 0.009278 0.016495
9 0.522487 0.400000 0.008119 0.018557
3 0.538771 0.440987 0.019622 0.029123
3 0.563660 0.439175 0.030155 0.047423
3 0.511469 0.440206 0.027835 0.032990
3 0.590335 0.444330 0.016237 0.024742
3 0.614318 0.443286 0.031039 0.033722
3 0.646585 0.443299 0.028995 0.039175
3 0.681959 0.446392 0.046392 0.061856
3 0.730670 0.438144 0.063789 0.074227
4 0.821134 0.447423 0.126418 0.129897
10 0.677900 0.376249 0.013918 0.032910
9 0.580263 0.408984 0.007655 0.019052
9 0.956889 0.313041 0.015310 0.036744
