3 0.136850 0.528137 0.020310 0.029563
3 0.120201 0.531118 0.024979 0.024868
3 0.082732 0.546217 0.051957 0.047961
3 0.072241 0.511579 0.030975 0.035526
3 0.326531 0.531118 0.033972 0.035526
3 0.282567 0.523125 0.049959 0.072829
9 0.734196 0.484934 0.007993 0.017763
9 0.686235 0.483158 0.003997 0.021316
3 0.664753 0.511579 0.008993 0.017763
3 0.677243 0.513355 0.009992 0.014211
3 0.651264 0.510691 0.013988 0.023092
3 0.594577 0.513029 0.020515 0.026058
3 0.584819 0.540888 0.034971 0.047961
3 0.712214 0.514243 0.011990 0.015987
3 0.725119 0.519986 0.019815 0.027472
3 0.776915 0.524013 0.033482 0.039079
3 0.631780 0.559539 0.064947 0.088816
3 0.840109 0.532895 0.039967 0.035526
3 0.878577 0.537336 0.046961 0.037303
3 0.933032 0.544441 0.071941 0.055066
9 0.643373 0.469641 0.003899 0.017330
