3 0.484910 0.553608 0.010438 0.022680
3 0.500567 0.551546 0.018557 0.043299
3 0.517384 0.563918 0.033634 0.051546
3 0.446057 0.562887 0.013918 0.053608
3 0.467397 0.573608 0.048711 0.070103
3 0.361276 0.562062 0.052191 0.096495
3 0.603673 0.606186 0.167010 0.270103
5 0.817655 0.506186 0.360696 0.391753
9 0.644266 0.409278 0.012758 0.043299
9 0.389949 0.434503 0.013401 0.029830
9 0.483634 0.432468 0.006959 0.021637
9 0.454059 0.505867 0.005799 0.015857
9 0.400709 0.481443 0.009278 0.024742
10 0.439794 0.521650 0.009278 0.024742
10 0.415206 0.533608 0.006959 0.016495
10 0.416366 0.508866 0.006959 0.020619
9 0.252545 0.448969 0.015077 0.022680
10 0.256025 0.403608 0.028995 0.022680
10 0.225000 0.483918 0.018557 0.035052
10 0.320683 0.467423 0.015077 0.014433
3 0.315464 0.564949 0.039433 0.065979
9 0.323788 0.509292 0.012008 0.024715
1 0.171578 0.565144 0.016382 0.065910
8 0.184080 0.621858 0.046559 0.059779
1 0.118984 0.559013 0.014657 0.062845
1 0.143988 0.578939 0.023279 0.114960
10 0.038368 0.339822 0.051732 0.084304
