9 0.389993 0.572797 0.007722 0.016780
10 0.529283 0.521695 0.018019 0.024407
10 0.479945 0.567458 0.008581 0.015254
1 0.459209 0.630000 0.011155 0.033559
1 0.486238 0.633813 0.012013 0.044237
1 0.529998 0.630763 0.020593 0.074746
3 0.769840 0.625097 0.017161 0.099153
3 0.448500 0.628910 0.011155 0.027458
3 0.441636 0.631198 0.011155 0.022881
3 0.408601 0.636537 0.010297 0.021356
3 0.398304 0.634249 0.013729 0.025932
3 0.380285 0.638063 0.029174 0.054915
3 0.363124 0.639588 0.018877 0.051864
3 0.336524 0.638063 0.041186 0.073220
3 0.232271 0.647978 0.043761 0.074746
3 0.170921 0.663995 0.085805 0.131186
3 0.281655 0.654407 0.080657 0.102203
3 0.425379 0.639152 0.030890 0.050339
5 0.065909 0.600690 0.131818 0.501864
