9 0.355008 0.435197 0.004996 0.024868
4 0.399796 0.493689 0.012989 0.051513
3 0.568657 0.469709 0.136887 0.152763
5 0.463244 0.493689 0.121900 0.186513
3 0.390479 0.526678 0.027977 0.047961
3 0.359504 0.532007 0.045962 0.072829
3 0.172658 0.552434 0.039967 0.067500
3 0.241102 0.526678 0.084930 0.133224
3 0.296556 0.556875 0.111908 0.143882
4 0.619790 0.512467 0.118902 0.222039
1 0.692230 0.543553 0.027977 0.099474
1 0.704220 0.548882 0.013988 0.088816
1 0.715711 0.545329 0.012989 0.088816
1 0.730699 0.522237 0.012989 0.042632
1 0.748184 0.539112 0.019984 0.072829
1 0.772164 0.537336 0.013988 0.083487
1 0.810633 0.525789 0.010991 0.067500
1 0.832615 0.538224 0.012989 0.092368
1 0.853098 0.551546 0.013988 0.104803
1 0.818127 0.552800 0.019984 0.109401
1 0.901558 0.542664 0.020983 0.111908
1 0.928536 0.563092 0.038968 0.152763
1 0.970002 0.564868 0.035970 0.145658
1 0.987987 0.554211 0.023980 0.106579
3 0.693229 0.531118 0.047961 0.081711
3 0.107711 0.694539 0.213824 0.490263
3 0.581821 0.706086 0.320736 0.339276
10 0.311544 0.441414 0.025979 0.015987
