1 0.045257 0.538970 0.020977 0.143844
1 0.666882 0.529913 0.022775 0.098027
1 0.689657 0.531511 0.022775 0.111878
1 0.636315 0.518193 0.025173 0.112944
1 0.745996 0.525651 0.023974 0.136385
1 0.067932 0.545896 0.045551 0.208840
1 0.018486 0.536306 0.035362 0.225888
10 0.102695 0.272141 0.014384 0.030707
10 0.108688 0.298343 0.045551 0.029834
10 0.829405 0.292660 0.019779 0.027703
10 0.833601 0.316634 0.040156 0.026638
10 0.641509 0.327822 0.027570 0.034096
10 0.962061 0.166930 0.053342 0.115075
10 0.965957 0.296922 0.056339 0.136385
9 0.080818 0.391397 0.018580 0.040489
9 0.083216 0.397790 0.024573 0.042620
9 0.378395 0.307399 0.011987 0.043686
9 0.622530 0.366713 0.011987 0.039424
9 0.826009 0.239740 0.019779 0.063931
9 0.289692 0.451243 0.014384 0.026638
9 0.390981 0.307932 0.008391 0.044751
9 0.633118 0.366890 0.009590 0.040489
9 0.654096 0.448402 0.016782 0.022376
9 0.854578 0.398323 0.020977 0.041555
3 0.182921 0.564720 0.201381 0.277032
3 0.454127 0.546819 0.379388 0.430466
10 0.303555 0.384359 0.021451 0.016780
