10 0.621944 0.359194 0.014403 0.022761
10 0.621143 0.384089 0.017604 0.012803
10 0.595538 0.408983 0.009602 0.022761
10 0.303070 0.331454 0.018404 0.015648
10 0.294668 0.350659 0.011203 0.014226
9 0.146034 0.377687 0.020005 0.032719
9 0.378221 0.263883 0.011203 0.041254
9 0.533056 0.307271 0.008802 0.034141
9 0.461440 0.401159 0.009602 0.014226
9 0.526655 0.391201 0.007202 0.014226
9 0.691600 0.327898 0.029607 0.018493
9 0.692800 0.348525 0.012803 0.039831
9 0.630386 0.403293 0.014403 0.021338
9 0.366985 0.266119 0.011203 0.049789
9 0.524621 0.305950 0.011203 0.032719
3 0.489233 0.450806 0.008002 0.015648
3 0.484832 0.450806 0.008802 0.012803
3 0.475630 0.451518 0.012803 0.022761
3 0.464027 0.454363 0.007202 0.019916
3 0.462027 0.452229 0.006401 0.018493
3 0.452424 0.455785 0.014403 0.022761
3 0.438421 0.458630 0.013603 0.028451
3 0.415216 0.475701 0.050412 0.065437
3 0.392411 0.462187 0.012803 0.027028
3 0.387209 0.470011 0.013603 0.036986
3 0.376407 0.471433 0.016004 0.039831
3 0.356802 0.477835 0.040809 0.049789
3 0.499635 0.455074 0.022405 0.038409
3 0.523241 0.460053 0.018404 0.031296
3 0.538124 0.456639 0.016804 0.031296
3 0.550927 0.458061 0.018404 0.036986
3 0.556529 0.460195 0.016804 0.038409
3 0.561330 0.463040 0.012003 0.046944
3 0.579334 0.469442 0.040009 0.059747
3 0.250458 0.501449 0.172840 0.186354
3 0.170039 0.493625 0.071216 0.119494
3 0.128430 0.482245 0.032808 0.036986
3 0.069616 0.527055 0.139232 0.152213
3 0.659219 0.495996 0.104824 0.102424
3 0.794784 0.534168 0.186443 0.203425
3 0.909595 0.563330 0.180811 0.298736
1 0.951428 0.427476 0.032007 0.061170
