3 0.091145 0.538960 0.182289 0.301541
3 0.221281 0.487837 0.146221 0.178498
3 0.303165 0.434114 0.070186 0.098781
3 0.897798 0.597016 0.200810 0.358729
3 0.781796 0.480905 0.226155 0.268614
3 0.640449 0.447978 0.128675 0.140372
3 0.510799 0.434114 0.074085 0.084917
3 0.404058 0.410719 0.032169 0.045058
3 0.507387 0.402921 0.053614 0.043325
3 0.461572 0.417651 0.039967 0.051990
3 0.362629 0.415918 0.035093 0.041592
3 0.321687 0.389057 0.031194 0.043325
3 0.383099 0.403787 0.013647 0.020796
10 0.510922 0.339666 0.032899 0.031194
