10 0.567338 0.071053 0.087733 0.031194
10 0.637037 0.194962 0.032169 0.015597
9 0.650684 0.247818 0.020471 0.031194
9 0.668718 0.249551 0.013647 0.034660
10 0.651172 0.175899 0.027295 0.019063
9 0.960186 0.013864 0.068237 0.027728
9 0.485454 0.031194 0.015597 0.062388
9 0.506413 0.032060 0.014622 0.060655
10 0.481068 0.289410 0.020471 0.010398
9 0.467420 0.283344 0.004874 0.022529
4 0.253937 0.363928 0.104304 0.138639
3 0.319737 0.369127 0.027295 0.065854
3 0.346939 0.373120 0.032958 0.040538
3 0.451336 0.358729 0.033143 0.045058
3 0.959698 0.377792 0.078959 0.097048
3 0.506900 0.362195 0.035093 0.038126
3 0.479036 0.349193 0.022584 0.029471
3 0.422092 0.346598 0.017547 0.024262
9 0.429403 0.304140 0.006824 0.019063
