10 0.384562 0.332734 0.047766 0.034660
10 0.432815 0.332226 0.048740 0.035677
4 0.269616 0.383418 0.090820 0.133559
4 0.335334 0.390790 0.042892 0.071053
3 0.081884 0.398453 0.042892 0.021066
3 0.208609 0.408986 0.035093 0.062388
3 0.488379 0.396855 0.017547 0.045058
3 0.511287 0.425449 0.039967 0.067587
3 0.363603 0.402054 0.013647 0.020796
3 0.378713 0.402054 0.014622 0.020796
3 0.150608 0.397722 0.032169 0.015597
3 0.175953 0.393389 0.028269 0.020796
3 0.563439 0.443512 0.085784 0.103711
3 0.786340 0.525528 0.360355 0.298937
3 0.436714 0.442779 0.118927 0.188896
10 0.447552 0.309886 0.015194 0.007503
