3 0.844922 0.709918 0.300218 0.506810
3 0.549138 0.594269 0.015137 0.035880
3 0.493005 0.581935 0.011353 0.029153
3 0.507134 0.586882 0.013368 0.031217
3 0.095658 0.556146 0.034058 0.040365
3 0.061599 0.560631 0.044150 0.040365
3 0.148804 0.559655 0.055341 0.042318
3 0.174452 0.570734 0.054091 0.022932
3 0.223061 0.569509 0.029013 0.013640
3 0.253582 0.572675 0.037843 0.018411
3 0.294331 0.569601 0.035320 0.022425
3 0.371908 0.574086 0.016398 0.013455
3 0.392840 0.579560 0.017674 0.019326
3 0.416497 0.587463 0.029013 0.048785
3 0.334697 0.606603 0.083254 0.091943
3 0.454675 0.602013 0.069120 0.105189
3 0.528006 0.597446 0.029650 0.042980
3 0.568801 0.601320 0.029235 0.041363
3 0.666903 0.627528 0.074779 0.085974
3 0.059917 0.664943 0.119835 0.380814
