1 0.630557 0.388482 0.014912 0.067296
8 0.646915 0.414992 0.020100 0.075453
9 0.352043 0.255432 0.005735 0.017360
9 0.345066 0.256955 0.003629 0.016327
9 0.481917 0.279239 0.003948 0.016030
9 0.477375 0.276683 0.003379 0.014099
10 0.535830 0.290122 0.007617 0.017404
10 0.535398 0.316736 0.009047 0.008447
10 0.280349 0.287369 0.011471 0.007819
1 0.183535 0.351163 0.011471 0.036707
3 0.061369 0.346677 0.122739 0.130514
3 0.237221 0.353814 0.064691 0.071375
3 0.280579 0.355853 0.027530 0.063218
3 0.303378 0.354435 0.025521 0.057897
3 0.429241 0.362471 0.014221 0.037747
3 0.364409 0.369097 0.089288 0.126459
3 0.555200 0.382405 0.060796 0.069335
3 0.577557 0.404859 0.055464 0.083736
3 0.415547 0.372627 0.022343 0.045985
3 0.473749 0.420091 0.128474 0.179456
9 0.556068 0.337315 0.013549 0.016614
