3 0.056630 0.462552 0.113260 0.122232
3 0.216203 0.471937 0.195351 0.115949
3 0.558166 0.500803 0.122502 0.076947
3 0.902127 0.555506 0.162427 0.155058
3 0.417480 0.484256 0.156281 0.102236
3 0.694808 0.510790 0.105129 0.074141
3 0.662153 0.504294 0.076018 0.061170
3 0.763385 0.512929 0.054395 0.058126
3 0.817789 0.516658 0.059214 0.054601
3 0.849796 0.488646 0.020805 0.007113
3 0.979826 0.517808 0.037609 0.039831
4 0.884238 0.462557 0.042800 0.036986
1 0.374086 0.448103 0.012003 0.036986
2 0.333277 0.454505 0.021605 0.075395
7 0.332877 0.471576 0.040009 0.055479
1 0.138307 0.424103 0.015754 0.043043
9 0.977826 0.420364 0.008002 0.029874
9 0.980452 0.470864 0.009150 0.017071
