9 0.768285 0.321733 0.027614 0.035206
9 0.337500 0.232911 0.012342 0.040506
9 0.348548 0.233010 0.009494 0.037328
10 0.258557 0.296197 0.016430 0.010679
10 0.268326 0.308521 0.018008 0.014559
10 0.755773 0.184529 0.014711 0.020253
10 0.762774 0.204935 0.029154 0.015560
10 0.749367 0.225035 0.034177 0.020253
10 0.754242 0.254533 0.009750 0.021395
10 0.621750 0.388474 0.006653 0.015444
9 0.524592 0.265432 0.005761 0.028006
10 0.348556 0.374517 0.010650 0.027004
9 0.020411 0.278491 0.023734 0.038074
9 0.156646 0.170102 0.015190 0.048945
1 0.663268 0.442314 0.012342 0.055696
1 0.673101 0.443319 0.017089 0.067511
1 0.684968 0.446695 0.012342 0.067511
1 0.701107 0.444163 0.014240 0.062447
1 0.242563 0.418003 0.010443 0.070886
1 0.232696 0.416315 0.011189 0.074262
1 0.159968 0.390155 0.014241 0.045570
1 0.530373 0.430005 0.018987 0.067511
3 0.502325 0.444444 0.018038 0.033755
3 0.571993 0.443678 0.019937 0.042039
3 0.584810 0.437693 0.015190 0.060759
3 0.421519 0.438537 0.015190 0.038819
3 0.412025 0.441069 0.017089 0.027004
3 0.395886 0.434318 0.032278 0.040506
3 0.380696 0.434318 0.015190 0.033755
3 0.362658 0.419128 0.030380 0.067511
3 0.331329 0.418847 0.055063 0.065823
1 0.303323 0.425035 0.010443 0.052321
3 0.458939 0.420330 0.067246 0.110865
3 0.605866 0.441350 0.047175 0.075949
4 0.538712 0.399486 0.051056 0.141674
3 0.833959 0.474768 0.057911 0.075949
10 0.651519 0.312293 0.021512 0.013497
3 0.071114 0.428449 0.142229 0.121033
1 0.150475 0.414429 0.016139 0.073865
