3 0.010638 0.495754 0.020912 0.099690
3 0.339748 0.410564 0.014491 0.028940
3 0.353924 0.412153 0.010711 0.028003
3 0.363825 0.411873 0.018541 0.042004
3 0.382983 0.417760 0.025049 0.050418
3 0.404219 0.418033 0.038843 0.064407
3 0.416096 0.426994 0.026055 0.066647
3 0.431818 0.433885 0.050281 0.093055
3 0.478348 0.440834 0.097345 0.112147
3 0.200644 0.444330 0.018557 0.039175
3 0.175129 0.444845 0.034794 0.050517
3 0.146427 0.458020 0.042339 0.054185
3 0.095683 0.474192 0.066108 0.071127
3 0.030155 0.500000 0.034794 0.035052
3 0.064948 0.471134 0.020876 0.030928
3 0.054510 0.494845 0.027835 0.041237
3 0.235401 0.431704 0.047570 0.029123
3 0.284388 0.420503 0.050405 0.026883
3 0.317309 0.418262 0.010396 0.017922
