3 0.100266 0.773048 0.152404 0.151743
3 0.521193 0.744302 0.105252 0.160780
3 0.785493 0.747767 0.237792 0.284137
3 0.340392 0.725060 0.055201 0.088381
3 0.658411 0.729055 0.074066 0.174641
3 0.607734 0.730441 0.045999 0.102567
3 0.585904 0.715195 0.027288 0.077618
3 0.574209 0.699948 0.025728 0.044353
3 0.417110 0.711037 0.032745 0.049897
3 0.389110 0.710122 0.031051 0.048069
3 0.475584 0.700641 0.007796 0.034651
3 0.449855 0.702027 0.020271 0.031879
9 0.461160 0.669456 0.005458 0.019405
10 0.683866 0.387250 0.051691 0.092571
10 0.512227 0.635235 0.012474 0.023038
