9 0.420572 0.315421 0.008658 0.030072
9 0.420465 0.363594 0.006495 0.022437
9 0.515195 0.307752 0.007128 0.024290
3 0.521685 0.402054 0.038018 0.038126
3 0.567988 0.404654 0.052640 0.071053
3 0.602106 0.385591 0.023395 0.043325
3 0.698125 0.376926 0.045816 0.060655
3 0.364578 0.438718 0.095531 0.136906
5 0.470570 0.395515 0.067259 0.131673
3 0.803103 0.446164 0.180942 0.160176
3 0.927918 0.465874 0.141870 0.241840
3 0.645615 0.381258 0.061413 0.107445
3 0.041332 0.477439 0.081884 0.067587
3 0.140044 0.461352 0.031186 0.044353
