10 0.649511 0.280013 0.029971 0.042882
9 0.440387 0.393337 0.010241 0.029409
9 0.508010 0.409298 0.005757 0.016519
9 0.562805 0.374433 0.011176 0.028013
10 0.582214 0.368129 0.005443 0.015405
3 0.669965 0.371399 0.007086 0.021827
3 0.462399 0.441030 0.014179 0.018205
3 0.467520 0.451534 0.018118 0.019606
3 0.451765 0.426326 0.019693 0.019606
3 0.489445 0.451400 0.026783 0.022407
3 0.510481 0.459196 0.016542 0.023807
3 0.446280 0.456395 0.018906 0.021006
3 0.424618 0.468299 0.021269 0.028008
3 0.393108 0.485104 0.040174 0.039212
3 0.603823 0.476001 0.059080 0.051815
3 0.528979 0.489305 0.053592 0.081224
3 0.235366 0.506786 0.095985 0.103914
10 0.403108 0.405328 0.007571 0.012812
9 0.381008 0.397573 0.009233 0.027158
