9 0.223796 0.463835 0.007651 0.028577
9 0.548491 0.437645 0.006695 0.030605
9 0.579095 0.472500 0.008608 0.028904
9 0.528407 0.517557 0.004782 0.017003
9 0.542071 0.435095 0.006695 0.025504
9 0.185040 0.536302 0.006738 0.010117
9 0.083269 0.529370 0.007777 0.016826
10 0.627871 0.416562 0.018171 0.044207
3 0.526972 0.566751 0.021041 0.017003
3 0.369327 0.571002 0.014346 0.015302
3 0.135509 0.602501 0.075197 0.078122
5 0.458749 0.557400 0.032517 0.073111
5 0.497643 0.561367 0.042081 0.079912
3 0.075555 0.656014 0.151110 0.161524
3 0.608903 0.638445 0.128157 0.178527
3 0.388800 0.569344 0.024320 0.022872
