9 0.561143 0.205547 0.011865 0.053906
9 0.787900 0.204375 0.011865 0.046875
9 0.864955 0.357943 0.009432 0.021199
9 0.381846 0.316875 0.014502 0.028125
9 0.463160 0.336155 0.010547 0.030469
9 0.516147 0.338386 0.007910 0.028125
9 0.777354 0.202031 0.011865 0.046875
9 0.852516 0.358270 0.004695 0.017978
9 0.317906 0.248906 0.036914 0.051562
10 0.396806 0.261854 0.022607 0.015623
10 0.382513 0.246638 0.021579 0.015582
10 0.348589 0.176231 0.050098 0.030206
10 0.347319 0.140379 0.019275 0.033851
10 0.398326 0.176250 0.029004 0.037500
10 0.847672 0.283044 0.021606 0.013917
10 0.583219 0.327845 0.010941 0.028747
3 0.579139 0.404625 0.036518 0.054187
3 0.609624 0.410961 0.029004 0.039844
3 0.629038 0.420243 0.023730 0.027638
3 0.654713 0.424606 0.029751 0.039844
3 0.690896 0.422668 0.047671 0.055601
3 0.540708 0.404765 0.015820 0.035156
3 0.729234 0.434515 0.071191 0.060033
3 0.440513 0.550078 0.284765 0.391406
