3 0.445281 0.627465 0.028557 0.045308
3 0.413193 0.635102 0.052243 0.093384
3 0.609499 0.622437 0.017414 0.020599
3 0.567034 0.649102 0.058342 0.082272
3 0.214908 0.597362 0.054617 0.063325
3 0.115172 0.715408 0.230343 0.506916
3 0.341739 0.637927 0.118307 0.146837
3 0.498087 0.669030 0.098549 0.139512
10 0.180475 0.365172 0.040369 0.071768
10 0.180578 0.414093 0.046093 0.021108
10 0.520642 0.521372 0.010696 0.021108
10 0.552001 0.524440 0.010675 0.019298
10 0.636412 0.557903 0.009499 0.016339
10 0.580252 0.530871 0.012583 0.027441
9 0.365582 0.122147 0.025228 0.071761
3 0.597305 0.635561 0.017356 0.043023
