10 0.218707 0.159374 0.026788 0.032581
10 0.584215 0.329279 0.007240 0.019306
10 0.569434 0.325166 0.009854 0.017940
10 0.990049 0.100736 0.018832 0.043710
1 0.817190 0.391320 0.023967 0.109884
3 0.505080 0.356272 0.012670 0.018234
3 0.493768 0.359204 0.010356 0.020235
3 0.480042 0.363422 0.014077 0.030389
3 0.466811 0.369269 0.022037 0.040365
3 0.463551 0.370936 0.012469 0.032546
3 0.456814 0.376651 0.017496 0.043975
3 0.447396 0.379370 0.021049 0.051559
3 0.440025 0.380670 0.026490 0.053444
3 0.204560 0.423463 0.230840 0.271345
3 0.398795 0.378438 0.075616 0.096174
3 0.706840 0.377865 0.129329 0.177159
5 0.527452 0.355557 0.014780 0.033250
5 0.552929 0.354663 0.032810 0.061494
3 0.488086 0.361277 0.006838 0.023239
