3 0.265529 0.402533 0.021444 0.029153
3 0.244715 0.403654 0.017660 0.035880
3 0.230209 0.408887 0.023967 0.037375
3 0.214862 0.418604 0.022706 0.044850
3 0.185849 0.424211 0.037843 0.051578
3 0.146114 0.441030 0.046673 0.071761
3 0.086828 0.453363 0.079469 0.082973
9 0.421104 0.152865 0.013876 0.065033
9 0.405967 0.154360 0.011353 0.065033
9 0.438133 0.145390 0.015137 0.082973
1 0.643823 0.466294 0.025112 0.114670
3 0.812354 0.475415 0.041627 0.056063
3 0.905699 0.446601 0.187951 0.154057
3 0.027121 0.477657 0.054241 0.096429
3 0.295184 0.402312 0.015114 0.022868
3 0.430775 0.400290 0.039104 0.049336
3 0.405546 0.391234 0.011353 0.029153
10 0.590484 0.372797 0.016633 0.028019
9 0.295561 0.336177 0.013401 0.029118
9 0.397555 0.333530 0.011912 0.029118
