2 0.105703 0.482410 0.049433 0.067313
2 0.025242 0.455298 0.050485 0.065443
2 0.060477 0.475866 0.017880 0.035526
2 0.285765 0.475866 0.009466 0.028047
2 0.237384 0.478671 0.013673 0.033657
2 0.262100 0.467452 0.008414 0.033657
0 0.253160 0.478858 0.009466 0.034030
3 0.065735 0.456233 0.019984 0.022438
3 0.247796 0.462777 0.025242 0.046745
2 0.185742 0.482410 0.016828 0.037396
2 0.199941 0.474931 0.011569 0.022438
2 0.297229 0.467452 0.021035 0.037396
2 0.274616 0.479232 0.022087 0.034778
9 0.329098 0.416032 0.011569 0.013089
9 0.354866 0.429121 0.010518 0.009349
9 0.343297 0.449689 0.010518 0.020568
2 0.316477 0.469322 0.011569 0.022438
9 0.293338 0.442209 0.015776 0.013089
9 0.395359 0.408553 0.011569 0.020568
9 0.361702 0.449689 0.015776 0.024307
2 0.217190 0.488020 0.038915 0.052355
2 0.153032 0.503913 0.076779 0.084141
2 0.037338 0.518871 0.074675 0.140236
8 0.201939 0.388920 0.006311 0.026177
8 0.309430 0.410423 0.006311 0.016828
8 0.303645 0.409488 0.007362 0.018698
8 0.196680 0.388359 0.006311 0.024307
0 0.510422 0.491198 0.017880 0.065443
0 0.428910 0.482784 0.010518 0.037396
0 0.391362 0.485589 0.011569 0.050485
