2 0.044736 0.480461 0.089471 0.157119
2 0.057275 0.408027 0.105540 0.088427
2 0.241775 0.419444 0.042044 0.059492
2 0.285536 0.423257 0.060922 0.064068
2 0.430117 0.399613 0.008581 0.038136
2 0.425827 0.399613 0.017161 0.035085
3 0.400515 0.402664 0.047193 0.062542
2 0.375202 0.401139 0.015445 0.028983
2 0.445133 0.414868 0.021451 0.083898
2 0.349461 0.420206 0.070360 0.097627
2 0.489752 0.428596 0.093528 0.135763
9 0.504339 0.243257 0.088379 0.076271
9 0.559683 0.319529 0.020593 0.045763
9 0.435266 0.364529 0.020593 0.032034
9 0.327561 0.363051 0.031748 0.022881
3 0.309971 0.394322 0.032606 0.042712
