2 0.413660 0.386115 0.013673 0.016828
2 0.443635 0.389855 0.008414 0.016828
2 0.451523 0.391725 0.013673 0.016828
2 0.474662 0.395464 0.009466 0.020568
2 0.480973 0.392659 0.011569 0.026177
2 0.508845 0.399204 0.014725 0.028047
2 0.521992 0.398269 0.011569 0.029917
2 0.525147 0.402943 0.013673 0.031787
2 0.535139 0.402009 0.016828 0.037396
2 0.550915 0.402943 0.031553 0.043006
2 0.559329 0.407618 0.016828 0.041136
2 0.573002 0.407618 0.023139 0.052355
2 0.621910 0.419772 0.038915 0.054224
2 0.604555 0.405748 0.052588 0.071053
2 0.804601 0.462777 0.125160 0.115928
2 0.429016 0.392099 0.022087 0.028047
2 0.462146 0.392099 0.014725 0.020568
2 0.492122 0.397708 0.026294 0.039266
2 0.663244 0.423885 0.077831 0.087881
2 0.924398 0.470630 0.148299 0.218767
