8 0.679219 0.219375 0.012656 0.063750
8 0.663926 0.214687 0.011602 0.058125
8 0.694511 0.219375 0.011602 0.056250
8 0.989807 0.305625 0.011635 0.018750
2 0.516269 0.329598 0.024258 0.028125
2 0.395602 0.315070 0.029720 0.059070
2 0.641777 0.346403 0.026367 0.035484
2 0.893931 0.374523 0.039967 0.039704
2 0.935963 0.376793 0.040100 0.050164
2 0.961009 0.378470 0.029975 0.039309
2 0.988486 0.387432 0.018984 0.035137
2 0.548847 0.352988 0.055898 0.063750
2 0.450234 0.375488 0.126562 0.187500
2 0.755039 0.440176 0.265781 0.286875
