2 0.389795 0.554812 0.021853 0.050989
2 0.404135 0.565738 0.034145 0.038849
3 0.443743 0.548741 0.058729 0.106835
2 0.481302 0.576664 0.065558 0.089838
2 0.516130 0.582734 0.017755 0.048561
2 0.607637 0.617941 0.146139 0.157824
3 0.791335 0.518391 0.275888 0.235522
2 0.359064 0.566952 0.061460 0.099550
2 0.163757 0.546313 0.039608 0.029137
2 0.119369 0.546313 0.051900 0.038849
2 0.753776 0.611628 0.042339 0.046133
2 0.882842 0.668688 0.232183 0.354497
9 0.210501 0.484224 0.036876 0.038849
9 0.241231 0.478154 0.019121 0.041277
9 0.254206 0.484224 0.015024 0.038849
