9 0.430285 0.393128 0.007198 0.017062
2 0.468673 0.417654 0.007198 0.019194
2 0.459676 0.416587 0.013196 0.021327
2 0.444081 0.420853 0.013196 0.017062
2 0.421887 0.421919 0.026392 0.031991
2 0.402693 0.425118 0.014396 0.038389
2 0.344510 0.425118 0.025193 0.021327
2 0.301323 0.437914 0.099570 0.063981
2 0.073991 0.444312 0.062381 0.051185
2 0.192755 0.438981 0.055184 0.049052
2 0.013602 0.446445 0.027204 0.059716
2 0.382299 0.442180 0.050385 0.072512
2 0.486668 0.436848 0.035989 0.053317
2 0.503463 0.416587 0.014396 0.021327
2 0.521458 0.429384 0.011996 0.025592
2 0.528656 0.432583 0.014396 0.040521
2 0.549049 0.434715 0.035989 0.066114
2 0.567644 0.457109 0.046786 0.085308
2 0.618029 0.480568 0.094772 0.132227
2 0.930478 0.754620 0.139043 0.411611
