2 0.446377 0.490853 0.016059 0.022432
2 0.461862 0.491873 0.017206 0.020393
2 0.485378 0.486775 0.016059 0.026511
2 0.492260 0.490853 0.011471 0.026511
2 0.497422 0.495952 0.014912 0.032628
2 0.506025 0.502069 0.020648 0.032628
2 0.515202 0.507168 0.016059 0.030589
2 0.528967 0.511246 0.032119 0.046903
2 0.328800 0.436813 0.017206 0.020393
2 0.295534 0.437424 0.024089 0.022432
2 0.284063 0.463935 0.021795 0.026511
2 0.243915 0.447621 0.024089 0.026511
2 0.208928 0.457817 0.027530 0.026511
2 0.562233 0.522054 0.055060 0.077492
4 0.864474 0.435575 0.266159 0.871150
3 0.109053 0.389501 0.218105 0.779003
4 0.378698 0.470461 0.091767 0.148867
9 0.440641 0.456186 0.011471 0.026511
9 0.441215 0.470461 0.010324 0.014275
8 0.457847 0.460264 0.009177 0.018353
8 0.480789 0.464343 0.006883 0.022432
2 0.710208 0.526541 0.066531 0.085650
9 0.719958 0.452107 0.030971 0.030589
9 0.779607 0.338927 0.026383 0.069335
