9 0.292150 0.472854 0.019283 0.022854
9 0.467531 0.519377 0.019283 0.027751
9 0.493395 0.572431 0.018365 0.042443
9 0.545734 0.391233 0.012855 0.016324
9 0.623783 0.388785 0.025710 0.034281
9 0.650871 0.387152 0.021119 0.037545
8 0.188914 0.505230 0.011019 0.031016
8 0.299101 0.427690 0.011019 0.035913
8 0.344095 0.420345 0.009182 0.034281
8 0.462087 0.385248 0.010101 0.029383
8 0.529577 0.400756 0.011019 0.034281
8 0.569979 0.399940 0.011019 0.029383
8 0.676034 0.458706 0.010101 0.029383
9 0.674657 0.390961 0.012855 0.021221
9 0.675116 0.419528 0.013773 0.019589
9 0.250894 0.549305 0.019283 0.037545
2 0.154262 0.573791 0.032138 0.031016
2 0.419171 0.541959 0.018365 0.035913
2 0.439831 0.541143 0.026629 0.040810
3 0.546134 0.499548 0.078049 0.133857
2 0.289949 0.575455 0.061521 0.083253
2 0.374885 0.552601 0.084477 0.122430
2 0.576895 0.545256 0.091823 0.107739
2 0.888175 0.537910 0.211193 0.184462
2 0.984589 0.622795 0.029383 0.151814
