8 0.795673 0.377831 0.022925 0.066226
8 0.631141 0.214387 0.015761 0.068774
8 0.479505 0.211840 0.017193 0.063679
8 0.361062 0.232217 0.020059 0.078962
8 0.778479 0.379953 0.020059 0.063679
9 0.789225 0.422406 0.024357 0.022925
9 0.786360 0.445755 0.030088 0.025472
9 0.521056 0.221179 0.037252 0.068774
9 0.359151 0.326038 0.040118 0.061132
9 0.319750 0.455944 0.030088 0.071321
9 0.320466 0.506887 0.020059 0.020377
9 0.320466 0.536180 0.020059 0.033113
8 0.340764 0.374434 0.017671 0.040755
8 0.369897 0.375708 0.018626 0.048396
0 0.864447 0.592218 0.051580 0.170661
2 0.396404 0.517500 0.020059 0.038208
2 0.384225 0.511133 0.018626 0.050943
2 0.368464 0.511133 0.024357 0.050943
2 0.324048 0.518774 0.050147 0.061132
2 0.426970 0.512831 0.014328 0.025472
2 0.442014 0.511557 0.018626 0.022925
2 0.464939 0.516651 0.015761 0.028019
3 0.492161 0.492453 0.041551 0.066226
2 0.492400 0.530661 0.045849 0.071321
2 0.938235 0.537029 0.050147 0.063679
0 0.756937 0.567428 0.026294 0.145845
8 0.517660 0.460849 0.014725 0.018698
8 0.536066 0.462719 0.011569 0.026177
3 0.096954 0.448257 0.189318 0.242082
