9 0.709237 0.446070 0.032474 0.080412
9 0.768967 0.399678 0.015077 0.028866
9 0.464521 0.353286 0.013918 0.014433
9 0.572381 0.546070 0.006959 0.016495
9 0.655307 0.521327 0.010438 0.037113
2 0.311985 0.574845 0.048711 0.045361
2 0.278930 0.572784 0.022036 0.032990
2 0.521907 0.574845 0.016237 0.041237
2 0.570387 0.578557 0.013918 0.041237
2 0.176564 0.573608 0.091624 0.086598
2 0.134812 0.584949 0.103222 0.084536
2 0.776178 0.659175 0.240077 0.286598
3 0.400868 0.527217 0.133376 0.294845
2 0.494232 0.582887 0.030155 0.039175
2 0.545263 0.584949 0.039433 0.068041
2 0.058291 0.579059 0.116582 0.119588
2 0.894804 0.700709 0.206443 0.375258
9 0.935977 0.493492 0.012758 0.018557
9 0.820301 0.444512 0.030219 0.019063
