9 0.579363 0.359786 0.072267 0.077492
9 0.523156 0.349590 0.037854 0.097885
9 0.652122 0.432181 0.021795 0.030589
9 0.652122 0.463789 0.021795 0.040785
9 0.320803 0.295015 0.020648 0.036707
9 0.842539 0.391104 0.081444 0.205967
9 0.326921 0.507342 0.025236 0.038746
8 0.013847 0.184117 0.021795 0.118278
8 0.632621 0.430287 0.010324 0.022432
8 0.629180 0.439464 0.010324 0.024471
8 0.321186 0.330363 0.020648 0.034668
2 0.636063 0.487387 0.017206 0.020393
2 0.607959 0.486367 0.013765 0.026511
2 0.619512 0.492631 0.021795 0.028550
2 0.569613 0.499768 0.034413 0.050982
8 0.471264 0.128134 0.026383 0.104003
9 0.469433 0.065257 0.019501 0.032628
