4 0.172287 0.410315 0.344574 0.820630
2 0.871353 0.588898 0.254720 0.437953
2 0.733231 0.500669 0.179380 0.210472
2 0.446821 0.507047 0.161442 0.308268
8 0.426241 0.231277 0.009567 0.027638
8 0.435808 0.231277 0.009567 0.044646
8 0.614590 0.253600 0.008371 0.038268
8 0.621167 0.253600 0.009567 0.046772
9 0.683950 0.266659 0.013155 0.038268
9 0.685744 0.326187 0.021526 0.012756
0 0.630136 0.451316 0.010763 0.068032
0 0.644487 0.452683 0.015546 0.070157
0 0.658239 0.435675 0.014350 0.053150
2 0.344922 0.437801 0.043051 0.048898
2 0.363458 0.429297 0.025113 0.048898
2 0.591271 0.426108 0.052618 0.080787
2 0.553003 0.426108 0.028701 0.034016
2 0.534467 0.425045 0.013155 0.031890
8 0.878876 0.198020 0.013155 0.059528
9 0.886301 0.119055 0.016742 0.076535
9 0.894673 0.205158 0.014350 0.019134
9 0.904837 0.242362 0.029897 0.017008
9 0.881518 0.261496 0.021526 0.021260
9 0.888693 0.289134 0.040659 0.012756
8 0.905435 0.356102 0.026309 0.036142
3 0.976589 0.342284 0.044247 0.085039
8 0.694963 0.380551 0.019134 0.025512
