2 0.421892 0.645068 0.037969 0.046250
2 0.289861 0.636055 0.023906 0.027500
2 0.156619 0.642930 0.042891 0.028750
2 0.133416 0.646055 0.009141 0.022500
2 0.379861 0.611055 0.011250 0.022500
2 0.352439 0.614805 0.011250 0.020000
2 0.397791 0.611680 0.011953 0.018750
2 0.474783 0.622305 0.025313 0.017500
2 0.340664 0.614792 0.009141 0.011250
2 0.365625 0.606042 0.008437 0.011250
2 0.597656 0.627917 0.053438 0.025000
2 0.807188 0.625417 0.157500 0.095000
2 0.857109 0.584583 0.032344 0.025000
2 0.652149 0.610208 0.030234 0.028750
9 0.960015 0.299375 0.050625 0.131250
