8 0.257123 0.342181 0.010531 0.020801
8 0.872580 0.400424 0.008190 0.045763
9 0.240742 0.476349 0.029252 0.052003
9 0.857954 0.290177 0.014041 0.029122
9 0.852689 0.340100 0.029252 0.029122
9 0.580647 0.532512 0.007020 0.018721
2 0.501960 0.584515 0.011701 0.012481
2 0.516001 0.575154 0.011701 0.018721
2 0.539597 0.574461 0.010531 0.014561
2 0.548373 0.574461 0.009361 0.018721
2 0.555978 0.579661 0.012871 0.024961
2 0.568849 0.577581 0.019891 0.033282
2 0.602196 0.589022 0.053823 0.068644
3 0.379103 0.571341 0.084245 0.137288
2 0.104136 0.656279 0.142749 0.072804
8 0.566288 0.398202 0.010926 0.024281
2 0.928391 0.573629 0.094239 0.053417
