9 0.761897 0.276952 0.023967 0.015698
9 0.756852 0.392442 0.010091 0.022425
9 0.590975 0.377865 0.011353 0.029153
9 0.159780 0.280315 0.021024 0.013455
8 0.165877 0.224252 0.011353 0.058306
8 0.370437 0.389452 0.005046 0.017940
8 0.391250 0.381603 0.006307 0.020183
8 0.446122 0.384967 0.007569 0.017940
9 0.443179 0.397300 0.012614 0.011213
8 0.353197 0.226121 0.012614 0.056063
8 0.417530 0.386088 0.005046 0.020183
8 0.589714 0.127450 0.021444 0.105399
8 0.769886 0.340116 0.025228 0.026910
8 0.176599 0.294518 0.010091 0.062791
8 0.605481 0.146512 0.010091 0.062791
8 0.573315 0.145390 0.011353 0.056063
2 0.001892 0.455232 0.003784 0.044850
2 0.020813 0.429069 0.041627 0.067276
0 0.049195 0.412251 0.012614 0.033638
2 0.061179 0.441403 0.056764 0.060548
2 0.122988 0.441403 0.087038 0.091943
2 0.177860 0.429069 0.017660 0.040365
2 0.239039 0.426827 0.011353 0.017940
2 0.217595 0.426079 0.029013 0.026910
2 0.253545 0.428322 0.020183 0.022425
2 0.278774 0.428322 0.032797 0.040365
2 0.297485 0.427201 0.011353 0.038123
2 0.305053 0.426079 0.008830 0.022425
2 0.348909 0.419128 0.010091 0.015698
2 0.335664 0.418006 0.013876 0.008970
2 0.320527 0.419128 0.016398 0.011213
2 0.318635 0.429219 0.012614 0.013455
2 0.335664 0.429219 0.016398 0.013455
2 0.350170 0.429219 0.010091 0.013455
2 0.359000 0.421370 0.010091 0.015698
2 0.379813 0.419128 0.008830 0.020183
2 0.367830 0.419128 0.010091 0.015698
2 0.359000 0.420249 0.010091 0.013455
2 0.422702 0.422491 0.011353 0.017940
2 0.439100 0.421370 0.011353 0.011213
2 0.405672 0.429219 0.010091 0.022425
2 0.390788 0.434825 0.027751 0.033638
2 0.431784 0.423613 0.011353 0.015698
2 0.483124 0.428098 0.020183 0.024668
2 0.485646 0.431461 0.012614 0.022425
2 0.498261 0.434825 0.020183 0.033638
2 0.504568 0.437068 0.015137 0.033638
2 0.518443 0.438189 0.030274 0.040365
2 0.527273 0.444917 0.025228 0.040365
4 0.456886 0.418006 0.022706 0.031395
2 0.547582 0.447383 0.034058 0.047093
