2 0.017932 0.626488 0.035864 0.121971
2 0.201928 0.600154 0.084202 0.091478
2 0.467787 0.647279 0.174641 0.268891
2 0.709088 0.672921 0.231555 0.239784
2 0.352790 0.564117 0.041321 0.058214
2 0.267418 0.573819 0.046779 0.085934
2 0.307180 0.566196 0.032745 0.059600
2 0.327841 0.557880 0.021050 0.048511
2 0.378908 0.561345 0.015593 0.022177
2 0.392552 0.558573 0.016373 0.022177
2 0.560955 0.604312 0.050677 0.113655
3 0.446737 0.503824 0.035864 0.026335
8 0.467787 0.414425 0.006237 0.027721
8 0.552769 0.442146 0.004678 0.027721
8 0.461550 0.417890 0.007796 0.031879
9 0.029621 0.462232 0.027523 0.055601
9 0.033374 0.402183 0.022519 0.037809
