8 0.323178 0.298478 0.013658 0.065558
8 0.627748 0.438091 0.008195 0.043705
8 0.778667 0.310618 0.015024 0.070414
8 0.254889 0.423523 0.013658 0.043705
8 0.094410 0.275411 0.017755 0.072842
9 0.252841 0.417453 0.031413 0.070414
9 0.628431 0.402884 0.012292 0.021853
9 0.459757 0.436877 0.013658 0.016996
9 0.459757 0.457516 0.013658 0.019424
9 0.459757 0.479368 0.010926 0.019424
9 0.516437 0.401670 0.058729 0.048561
9 0.540338 0.464800 0.010926 0.024281
9 0.530095 0.478154 0.012292 0.021853
9 0.587458 0.453874 0.015024 0.021853
9 0.345031 0.475726 0.008195 0.031565
2 0.300643 0.510933 0.009560 0.019424
2 0.310886 0.509719 0.010926 0.021853
2 0.331373 0.510933 0.008195 0.019424
2 0.346397 0.512147 0.005463 0.021853
2 0.353909 0.512147 0.012292 0.021853
2 0.378493 0.509719 0.012292 0.016996
2 0.389419 0.513361 0.012292 0.019424
2 0.438587 0.513361 0.031413 0.019424
2 0.399662 0.513361 0.016389 0.024281
2 0.365518 0.510933 0.013658 0.024281
2 0.340251 0.510933 0.012292 0.019424
2 0.319764 0.510933 0.012292 0.024281
2 0.151346 0.537642 0.302692 0.466187
2 0.805300 0.517003 0.387883 0.468615
0 0.590189 0.517003 0.006829 0.031565
0 0.517803 0.514575 0.004097 0.026709
0 0.527363 0.510933 0.006829 0.024281
0 0.487073 0.507291 0.008195 0.026709
