8 0.422952 0.420099 0.006994 0.019539
2 0.409963 0.460954 0.012989 0.023092
2 0.400470 0.467171 0.011990 0.028421
2 0.392477 0.463618 0.011990 0.031974
2 0.423451 0.456513 0.009992 0.017763
2 0.458922 0.461842 0.014988 0.031974
2 0.464917 0.462730 0.014988 0.033750
2 0.474909 0.468947 0.018984 0.049737
2 0.495392 0.475164 0.043964 0.079934
2 0.518373 0.489375 0.051957 0.090592
2 0.523869 0.500921 0.036970 0.088816
2 0.579323 0.516020 0.117903 0.161645
2 0.672746 0.573750 0.190843 0.238026
2 0.323034 0.487599 0.062948 0.097697
2 0.256089 0.504474 0.112907 0.135000
2 0.177154 0.541776 0.190843 0.188289
2 0.372493 0.469836 0.033972 0.055066
2 0.017386 0.710526 0.034771 0.227368
2 0.836611 0.730066 0.324733 0.515132
2 0.438176 0.450578 0.008773 0.020796
