8 0.376080 0.403279 0.008799 0.015643
8 0.280608 0.415794 0.006159 0.012514
8 0.285448 0.439258 0.007039 0.015643
8 0.248931 0.459594 0.007919 0.012514
8 0.237932 0.466634 0.008799 0.010950
8 0.335163 0.458030 0.007919 0.012514
8 0.344843 0.440041 0.006159 0.014079
8 0.119582 0.466477 0.009679 0.015643
8 0.427995 0.392173 0.007039 0.014079
8 0.416116 0.435191 0.007919 0.018772
2 0.270489 0.483372 0.012319 0.025029
2 0.248491 0.506055 0.042236 0.067265
2 0.224733 0.515440 0.070394 0.092294
2 0.156539 0.545944 0.138148 0.197103
2 0.089224 0.524044 0.043996 0.050058
2 0.046108 0.565498 0.091512 0.132966
2 0.387519 0.461472 0.033437 0.021900
2 0.339776 0.601493 0.208969 0.286300
2 0.453953 0.491976 0.057195 0.089166
2 0.548105 0.495886 0.094152 0.128273
2 0.587702 0.514658 0.074794 0.143917
4 0.809795 0.407503 0.377488 0.808749
0 0.043028 0.492758 0.011439 0.021900
0 0.018390 0.495104 0.009679 0.017207
0 0.006951 0.493540 0.009679 0.023465
0 0.463192 0.503708 0.015839 0.081344
