8 0.307921 0.290758 0.011996 0.042654
8 0.600634 0.269431 0.007198 0.051185
8 0.298324 0.290758 0.009597 0.042654
8 0.318718 0.299289 0.009597 0.042654
8 0.589238 0.272630 0.010797 0.053318
8 0.607832 0.272630 0.007198 0.040521
8 0.878951 0.385663 0.031191 0.044787
8 0.037401 0.375000 0.032390 0.036256
9 0.064993 0.337677 0.022793 0.017062
9 0.854359 0.324881 0.025193 0.034123
9 0.850160 0.201185 0.021594 0.093839
9 0.707402 0.408057 0.009597 0.017062
9 0.706803 0.367535 0.010797 0.017062
9 0.722998 0.349407 0.016795 0.010664
2 0.379300 0.436848 0.010797 0.014929
2 0.451878 0.483767 0.016795 0.019194
2 0.441082 0.490166 0.014396 0.023460
2 0.432084 0.493365 0.013196 0.025592
2 0.424886 0.499763 0.020394 0.025592
2 0.403893 0.493365 0.031191 0.046919
2 0.391896 0.509360 0.045586 0.057583
2 0.490267 0.489099 0.007198 0.021327
2 0.498664 0.490166 0.009597 0.023460
2 0.508262 0.491232 0.014396 0.017062
2 0.536453 0.485900 0.044387 0.053318
2 0.577841 0.524289 0.134360 0.104502
2 0.928737 0.510426 0.140358 0.093839
2 0.168762 0.539218 0.211137 0.223934
2 0.747590 0.550947 0.231531 0.264455
9 0.968710 0.402644 0.024169 0.040195
