2 0.390539 0.443147 0.015610 0.029383
2 0.474098 0.443147 0.013773 0.016324
2 0.520010 0.455390 0.017446 0.031016
2 0.539751 0.465185 0.042239 0.047340
2 0.633870 0.477428 0.035811 0.039178
2 0.622392 0.474163 0.053257 0.039178
2 0.378143 0.449677 0.014692 0.029383
2 0.361615 0.453758 0.018365 0.034281
2 0.408987 0.449702 0.030468 0.035964
2 0.341122 0.458706 0.033974 0.040810
2 0.263991 0.475030 0.043157 0.057134
2 0.307147 0.465236 0.044993 0.053869
2 0.213095 0.483076 0.083559 0.070193
2 0.488563 0.483892 0.046830 0.065296
2 0.553757 0.487157 0.052339 0.071826
2 0.799646 0.514091 0.273632 0.269347
2 0.905624 0.514751 0.185482 0.311790
9 0.869855 0.359301 0.065194 0.002374
9 0.106348 0.438027 0.089986 0.151814
9 0.869154 0.301825 0.066112 0.101209
9 0.183911 0.364453 0.019775 0.060937
