9 0.904427 0.511708 0.040959 0.068561
9 0.835741 0.516929 0.015610 0.028295
9 0.596849 0.546856 0.022037 0.019589
9 0.566088 0.536245 0.017446 0.021221
9 0.538541 0.501965 0.033974 0.031016
2 0.066718 0.613734 0.106222 0.076723
2 0.355573 0.617050 0.105596 0.133857
2 0.529490 0.596295 0.013773 0.032648
2 0.520767 0.619148 0.025710 0.075091
2 0.548182 0.593380 0.011937 0.026119
2 0.553233 0.599093 0.012855 0.040810
2 0.567924 0.603174 0.029383 0.048972
2 0.464012 0.647249 0.128552 0.200786
2 0.582004 0.611608 0.043157 0.058767
3 0.751570 0.662485 0.309443 0.311790
