2 0.092361 0.635978 0.144773 0.138399
2 0.200258 0.626266 0.065558 0.089838
2 0.270596 0.637192 0.050534 0.058273
2 0.302009 0.620196 0.020487 0.053417
2 0.342299 0.616554 0.013658 0.021853
2 0.580629 0.660259 0.096971 0.143256
2 0.517803 0.650547 0.028681 0.094694
2 0.493901 0.635978 0.016389 0.075270
2 0.473415 0.633550 0.016389 0.060701
2 0.461123 0.633550 0.010926 0.046133
2 0.444733 0.623838 0.016389 0.036421
2 0.920709 0.722468 0.154334 0.146270
2 0.382317 0.615166 0.013673 0.018698
2 0.433854 0.619841 0.015776 0.024307
