8 0.467776 0.336379 0.008830 0.031395
8 0.462400 0.333976 0.010091 0.033638
8 0.573495 0.346630 0.011353 0.026910
9 0.494476 0.348712 0.010091 0.017940
9 0.531058 0.356561 0.012614 0.020183
0 0.728344 0.442001 0.012614 0.051578
0 0.578991 0.439535 0.012614 0.044850
2 0.899918 0.468874 0.050667 0.051204
8 0.529796 0.387957 0.010091 0.022425
3 0.502045 0.403654 0.032797 0.040365
2 0.527904 0.415988 0.013876 0.026910
2 0.549348 0.441777 0.034058 0.060548
2 0.474924 0.426079 0.013876 0.024668
2 0.461679 0.437292 0.025228 0.033638
2 0.506460 0.483264 0.094606 0.139036
2 0.434649 0.423997 0.025228 0.020183
2 0.419512 0.423997 0.012614 0.024668
2 0.404375 0.430725 0.022706 0.029153
2 0.350134 0.423997 0.017660 0.020183
3 0.374642 0.418231 0.030274 0.047093
2 0.332474 0.426560 0.025228 0.033638
3 0.265949 0.378239 0.104698 0.121096
8 0.218646 0.330025 0.012614 0.038123
2 0.119625 0.429817 0.056764 0.031395
2 0.062650 0.499335 0.125301 0.161462
3 0.947250 0.472211 0.102925 0.278073
2 0.208555 0.531852 0.262375 0.253405
8 0.620168 0.413906 0.011353 0.017940
8 0.633413 0.394844 0.015137 0.024668
8 0.123619 0.282558 0.022706 0.024668
9 0.125511 0.316196 0.011353 0.038123
9 0.115420 0.316196 0.011353 0.038123
