2 0.502253 0.447704 0.009471 0.010714
2 0.495365 0.450766 0.011193 0.013776
2 0.486755 0.453061 0.014636 0.018367
2 0.476424 0.459184 0.014636 0.015306
2 0.466092 0.461480 0.014636 0.016837
2 0.454039 0.462245 0.014636 0.021429
2 0.444137 0.465306 0.018941 0.024490
2 0.431223 0.468368 0.020663 0.027551
2 0.413142 0.469898 0.018941 0.030612
2 0.404963 0.473725 0.018080 0.035204
2 0.393340 0.478317 0.029273 0.035204
2 0.303369 0.498215 0.042188 0.050510
2 0.262903 0.504337 0.054241 0.071939
2 0.649356 0.445955 0.030134 0.035204
2 0.565411 0.444424 0.010332 0.022959
2 0.575743 0.448251 0.020663 0.018367
2 0.614056 0.442894 0.018080 0.022959
2 0.896672 0.425713 0.132727 0.089391
2 0.979784 0.403317 0.038744 0.087245
2 0.946129 0.575269 0.106053 0.288239
2 0.362964 0.485053 0.044353 0.041119
2 0.208420 0.514900 0.084819 0.088568
2 0.591056 0.453779 0.024968 0.033673
2 0.622481 0.459901 0.036161 0.052041
9 0.929847 0.191327 0.057685 0.091837
9 0.931569 0.249490 0.043909 0.024490
9 0.046237 0.441941 0.025022 0.059957
9 0.809637 0.352973 0.015231 0.040616
