8 0.302148 0.335579 0.021119 0.052237
9 0.287916 0.345373 0.016528 0.048972
9 0.246136 0.351903 0.022956 0.045707
9 0.196093 0.330384 0.040402 0.043038
9 0.652452 0.360881 0.033056 0.073458
8 0.613428 0.371491 0.019283 0.045707
8 0.844362 0.038013 0.034893 0.076026
9 0.621233 0.446582 0.025710 0.026119
8 0.635006 0.475965 0.027547 0.029383
0 0.523900 0.552689 0.018365 0.062031
0 0.538592 0.554321 0.011019 0.045707
0 0.558793 0.555137 0.018365 0.066929
0 0.582208 0.551056 0.013773 0.052237
0 0.609296 0.556770 0.020201 0.063664
0 0.734175 0.551872 0.022037 0.079988
2 0.466052 0.546159 0.029383 0.048972
2 0.446769 0.551056 0.027547 0.052237
2 0.428864 0.563299 0.024792 0.044075
2 0.327942 0.558446 0.042990 0.066929
2 0.378987 0.543755 0.071622 0.099577
2 0.033274 0.533797 0.065194 0.156711
2 0.173763 0.540327 0.254349 0.277509
2 0.821355 0.544408 0.159772 0.096312
2 0.969438 0.537910 0.059685 0.060399
2 0.913885 0.527299 0.053257 0.055502
9 0.844386 0.160808 0.034100 0.137565
9 0.848321 0.238917 0.028854 0.051295
8 0.318833 0.340881 0.014427 0.060622
