8 0.336395 0.466988 0.010531 0.035362
8 0.458668 0.341140 0.014041 0.054083
8 0.601416 0.537712 0.007020 0.018721
8 0.594981 0.548113 0.005850 0.018721
8 0.584764 0.514831 0.015839 0.022881
8 0.253320 0.457627 0.008190 0.037442
9 0.155619 0.535632 0.004680 0.018721
9 0.157374 0.566834 0.010531 0.010401
9 0.638858 0.538752 0.037442 0.016641
9 0.648219 0.488829 0.018721 0.016641
9 0.647634 0.515871 0.017551 0.020801
9 0.616627 0.476349 0.028082 0.066564
9 0.792138 0.533552 0.023401 0.035362
9 0.458082 0.302658 0.010531 0.018721
2 0.170830 0.616757 0.060844 0.081125
2 0.411865 0.611557 0.032762 0.058243
2 0.342831 0.598036 0.023401 0.031202
2 0.655824 0.586595 0.066694 0.033282
2 0.685076 0.591795 0.043293 0.031202
2 0.747090 0.579315 0.071374 0.035362
2 0.777017 0.588251 0.068046 0.036593
4 0.501960 0.547073 0.154449 0.345301
3 0.413327 0.549153 0.032762 0.068644
2 0.267069 0.635478 0.163810 0.191371
2 0.376470 0.624037 0.071374 0.093606
2 0.100334 0.632358 0.176681 0.139368
2 0.013163 0.695802 0.025742 0.141448
0 0.609314 0.607396 0.019891 0.072804
