2 0.669535 0.519948 0.009181 0.023316
2 0.657076 0.524611 0.010492 0.018653
2 0.646584 0.521114 0.015738 0.025648
2 0.633468 0.518782 0.020984 0.030311
2 0.622976 0.518782 0.023608 0.044301
2 0.613140 0.519948 0.024919 0.041969
2 0.603959 0.521114 0.024919 0.053627
2 0.596745 0.525777 0.026231 0.058290
2 0.361326 0.568912 0.182302 0.167876
2 0.689733 0.523446 0.009181 0.020984
2 0.696290 0.524611 0.011804 0.023316
2 0.704815 0.523446 0.013115 0.030311
2 0.710717 0.524611 0.014427 0.027979
2 0.721210 0.525777 0.019673 0.030311
2 0.731046 0.531606 0.018361 0.046632
2 0.751375 0.532772 0.038034 0.058290
2 0.756621 0.540933 0.032788 0.065285
2 0.777605 0.535104 0.053773 0.090933
2 0.778261 0.542098 0.044592 0.095596
2 0.822853 0.550259 0.104922 0.111917
2 0.854461 0.577073 0.077380 0.142228
2 0.563564 0.514119 0.061642 0.090933
2 0.524087 0.535104 0.073446 0.086269
2 0.156072 0.628368 0.312144 0.370725
2 0.925546 0.599223 0.145580 0.261140
