9 0.280547 0.376875 0.012656 0.024375
9 0.797343 0.205312 0.034805 0.045000
2 0.383906 0.511250 0.025312 0.045000
2 0.356484 0.498125 0.033750 0.090000
2 0.343828 0.499062 0.033750 0.091875
2 0.317461 0.511250 0.040078 0.112500
2 0.307969 0.511250 0.061172 0.112500
2 0.245215 0.532812 0.123398 0.163125
2 0.158730 0.587187 0.171914 0.208125
2 0.480937 0.514062 0.012656 0.024375
2 0.494121 0.502812 0.015820 0.046875
2 0.506777 0.494375 0.017930 0.063750
2 0.519961 0.495312 0.023203 0.088125
2 0.546328 0.504687 0.063281 0.103125
2 0.579551 0.518750 0.081211 0.135000
2 0.639668 0.550625 0.133945 0.180000
2 0.076992 0.607812 0.151875 0.403125
2 0.823711 0.599375 0.350156 0.427500
9 0.179824 0.396428 0.013711 0.052500
