9 0.636062 0.254750 0.049715 0.024262
9 0.679012 0.290579 0.026436 0.036999
9 0.732568 0.333601 0.024370 0.015597
9 0.022908 0.143838 0.045816 0.038126
9 0.366528 0.409853 0.019496 0.008665
9 0.498614 0.405520 0.010723 0.013864
8 0.488379 0.407253 0.005849 0.024262
8 0.590246 0.256483 0.010723 0.062388
8 0.176928 0.173299 0.018521 0.076252
8 0.091632 0.370860 0.015597 0.045058
8 0.074573 0.416785 0.018521 0.029461
8 0.388948 0.404654 0.005849 0.019063
8 0.600482 0.261682 0.011698 0.055456
8 0.195936 0.185430 0.017547 0.076252
8 0.104792 0.363928 0.008773 0.065854
8 0.120876 0.420250 0.011698 0.046791
2 0.118439 0.510366 0.193987 0.133440
2 0.245652 0.520764 0.093582 0.116110
2 0.337771 0.467908 0.030219 0.041592
3 0.290980 0.464442 0.059463 0.076252
2 0.388948 0.448845 0.019496 0.017330
2 0.357754 0.506900 0.140372 0.105712
2 0.425016 0.522497 0.163768 0.126508
2 0.522984 0.506900 0.238828 0.154236
3 0.609742 0.447978 0.063363 0.098781
3 0.826150 0.454044 0.221281 0.221823
2 0.779359 0.620411 0.330460 0.363928
2 0.483992 0.695796 0.305115 0.445379
2 0.118439 0.729590 0.234929 0.474840
9 0.720207 0.208717 0.023980 0.015987
