2 0.461572 0.587484 0.024370 0.024262
2 0.442563 0.585751 0.015597 0.024262
2 0.280745 0.584018 0.019496 0.024262
2 0.243702 0.582285 0.038992 0.034660
2 0.214458 0.580552 0.033143 0.045058
2 0.173516 0.590950 0.046791 0.041592
2 0.566851 0.589217 0.014622 0.020796
2 0.593658 0.599615 0.009748 0.024262
2 0.602431 0.603081 0.007798 0.024262
2 0.616566 0.604814 0.020471 0.031194
2 0.670180 0.606547 0.061413 0.083184
2 0.705273 0.631675 0.086758 0.095315
2 0.641424 0.596149 0.017547 0.034660
8 0.580011 0.541017 0.009748 0.021444
8 0.386482 0.526829 0.002983 0.013864
8 0.428915 0.519898 0.003899 0.017330
9 0.313401 0.465308 0.010723 0.019063
9 0.305115 0.506900 0.013647 0.025995
9 0.305602 0.530295 0.014622 0.013864
2 0.060330 0.584644 0.019009 0.033794
2 0.584089 0.590870 0.008004 0.010672
