9 0.415941 0.359676 0.021050 0.042967
9 0.580056 0.355518 0.021830 0.045739
9 0.541074 0.394327 0.023389 0.031879
9 0.699732 0.359676 0.014813 0.031879
9 0.505600 0.396406 0.014813 0.027721
9 0.484550 0.396406 0.013254 0.027721
2 0.486499 0.435215 0.012474 0.016632
8 0.712201 0.389929 0.011996 0.010664
8 0.742192 0.386730 0.011996 0.012796
8 0.778181 0.386730 0.009597 0.012796
8 0.851360 0.381398 0.011996 0.014929
9 0.901145 0.412322 0.017995 0.029858
2 0.631225 0.427251 0.022793 0.017062
2 0.653418 0.425118 0.016795 0.021327
