3 0.384860 0.392578 0.008993 0.024844
2 0.372371 0.392566 0.009992 0.017763
2 0.363378 0.389901 0.007993 0.015987
2 0.319414 0.390789 0.019984 0.017763
2 0.275450 0.392566 0.017985 0.031974
2 0.350389 0.421875 0.037969 0.065724
2 0.316417 0.412105 0.027977 0.035526
2 0.191020 0.447632 0.092924 0.113684
2 0.406343 0.394342 0.021982 0.021316
2 0.437817 0.430757 0.042965 0.069276
3 0.508259 0.424539 0.089926 0.149211
2 0.690109 0.487599 0.227813 0.232697
2 0.039806 0.463618 0.079612 0.195395
2 0.856294 0.623487 0.286407 0.621711
9 0.600788 0.312632 0.016950 0.021316
