9 0.696481 0.439636 0.014665 0.040806
9 0.637503 0.466274 0.007651 0.023804
8 0.539405 0.445871 0.005101 0.017003
8 0.464169 0.446437 0.003826 0.015869
0 0.923373 0.551286 0.015940 0.075945
0 0.738972 0.532907 0.007651 0.045340
0 0.140863 0.509671 0.070773 0.232368
0 0.065627 0.501007 0.056746 0.190752
2 0.446498 0.512342 0.006376 0.024937
2 0.436297 0.509509 0.017853 0.044207
2 0.413981 0.517443 0.042081 0.071411
2 0.479334 0.510075 0.014665 0.024937
2 0.638596 0.525378 0.047182 0.066877
2 0.590777 0.511776 0.052283 0.098615
2 0.559535 0.499307 0.014027 0.023804
2 0.364157 0.528211 0.062484 0.086146
2 0.522393 0.531159 0.105610 0.160050
2 0.686904 0.537506 0.080337 0.090680
2 0.785015 0.548938 0.083525 0.095214
2 0.461642 0.508602 0.014665 0.023804
8 0.978412 0.150016 0.022309 0.080847
