9 0.555978 0.282897 0.017551 0.049923
9 0.672985 0.267296 0.024571 0.076965
9 0.740849 0.289137 0.012871 0.033282
9 0.771271 0.123767 0.150939 0.126888
9 0.684101 0.332820 0.021061 0.037442
9 0.642564 0.282897 0.015211 0.016641
9 0.646074 0.306818 0.010531 0.018721
9 0.423175 0.342181 0.028082 0.018721
9 0.360577 0.409785 0.012871 0.020801
9 0.509761 0.358822 0.018721 0.014561
8 0.956740 0.314446 0.023401 0.031202
8 0.640236 0.329006 0.026912 0.027042
8 0.416167 0.396610 0.014041 0.012481
2 0.435266 0.428506 0.011701 0.016641
2 0.448722 0.434746 0.010531 0.020801
2 0.426491 0.435786 0.015211 0.022881
2 0.359797 0.436826 0.012871 0.020801
2 0.347511 0.437866 0.011701 0.022881
2 0.331715 0.439946 0.017551 0.022881
2 0.314164 0.442027 0.015211 0.027042
2 0.296613 0.443067 0.019891 0.033282
2 0.258586 0.442027 0.028082 0.035362
2 0.149184 0.436826 0.085415 0.083205
2 0.100041 0.445147 0.043293 0.041602
2 0.033054 0.447227 0.065524 0.064484
2 0.708673 0.377543 0.046803 0.039522
0 0.216024 0.538158 0.098286 0.536672
9 0.646716 0.401951 0.010135 0.024949
2 0.376569 0.430364 0.018711 0.031879
