2 0.390686 0.460343 0.014346 0.017003
2 0.438028 0.467144 0.017215 0.037406
2 0.446157 0.471395 0.018171 0.042506
2 0.514539 0.495199 0.057384 0.096914
2 0.519321 0.513051 0.042081 0.098615
2 0.554707 0.517302 0.068860 0.154723
2 0.646681 0.531612 0.178208 0.258438
2 0.370283 0.469553 0.025823 0.035705
2 0.311943 0.476354 0.027735 0.045907
2 0.239576 0.500158 0.014346 0.069710
2 0.260617 0.467853 0.037299 0.035705
2 0.416509 0.465303 0.035387 0.030605
2 0.812204 0.632834 0.372037 0.442066
3 0.120159 0.406700 0.238142 0.673300
2 0.339173 0.480661 0.046863 0.069710
2 0.464169 0.476638 0.034430 0.054408
8 0.258863 0.317947 0.007651 0.040806
8 0.416190 0.346852 0.006695 0.037406
8 0.507047 0.420246 0.006695 0.015302
8 0.247387 0.421096 0.007651 0.013602
8 0.267471 0.317664 0.007651 0.035705
8 0.423363 0.344868 0.005738 0.028904
9 0.249618 0.402960 0.011477 0.011902
