8 0.399971 0.165197 0.016986 0.042632
8 0.756677 0.264671 0.008993 0.028421
8 0.699224 0.286875 0.009992 0.026645
8 0.307047 0.228257 0.010991 0.023092
8 0.323534 0.268224 0.007993 0.017763
9 0.489397 0.296645 0.009992 0.014211
9 0.546850 0.309967 0.012989 0.023092
9 0.306048 0.292204 0.012989 0.023092
2 0.381486 0.356151 0.037969 0.047961
2 0.313042 0.396118 0.084930 0.099474
2 0.261085 0.362368 0.040966 0.039079
2 0.188645 0.445855 0.199836 0.202500
2 0.060438 0.387302 0.093582 0.074475
2 0.765670 0.373914 0.096920 0.079934
2 0.870084 0.360592 0.161867 0.099474
2 0.979993 0.367697 0.039967 0.074605
2 0.479405 0.514243 0.273775 0.385461
2 0.125750 0.376059 0.042892 0.041592
9 0.398696 0.119576 0.017547 0.031194
8 0.733056 0.208826 0.019496 0.025995
