9 0.450611 0.015283 0.055879 0.022925
9 0.401896 0.095519 0.173367 0.137547
9 0.517235 0.263632 0.017193 0.010189
9 0.483565 0.264906 0.015761 0.007642
9 0.565950 0.262359 0.014328 0.007642
9 0.558069 0.284010 0.035820 0.040755
9 0.502191 0.290378 0.053013 0.033113
9 0.513653 0.312029 0.024357 0.010189
9 0.586725 0.313302 0.010029 0.028019
9 0.603919 0.313302 0.018626 0.022925
9 0.481416 0.326038 0.022925 0.012736
9 0.346017 0.314576 0.012895 0.007642
9 0.449997 0.323127 0.010029 0.025472
2 0.505773 0.383349 0.017193 0.020377
2 0.437716 0.389717 0.038685 0.045849
2 0.339570 0.403727 0.057311 0.078962
2 0.019212 0.609737 0.038425 0.305661
