8 0.400962 0.403593 0.007910 0.028125
8 0.322520 0.428203 0.009229 0.025781
8 0.150474 0.386015 0.010547 0.030469
8 0.284288 0.387187 0.009229 0.037500
8 0.497202 0.465703 0.015820 0.021094
8 0.026548 0.472734 0.015820 0.021094
9 0.034459 0.436406 0.010547 0.018750
9 0.464243 0.459843 0.013184 0.014062
0 0.674522 0.525468 0.019775 0.103125
0 0.919077 0.555937 0.042187 0.220312
2 0.249351 0.499687 0.010547 0.023437
2 0.261875 0.517265 0.019775 0.039844
2 0.301426 0.504375 0.011865 0.023437
2 0.280992 0.516093 0.034277 0.046875
2 0.310655 0.513750 0.022412 0.032812
2 0.468199 0.526640 0.036914 0.067969
2 0.497202 0.537187 0.055371 0.075000
2 0.422715 0.505547 0.017139 0.030469
2 0.408872 0.504375 0.010547 0.018750
2 0.379869 0.497343 0.013184 0.023437
2 0.343614 0.504375 0.014502 0.023437
2 0.396348 0.496172 0.014502 0.030469
2 0.429966 0.510234 0.018457 0.030469
2 0.571690 0.553593 0.125244 0.150000
2 0.168272 0.545390 0.177978 0.213281
2 0.355129 0.501745 0.008576 0.011088
2 0.367213 0.501052 0.007796 0.012474
