3 0.042949 0.379868 0.085898 0.256500
3 0.841513 0.443573 0.315757 0.329661
3 0.440822 0.356211 0.056786 0.085758
3 0.235603 0.331654 0.023866 0.013500
3 0.651016 0.327750 0.039780 0.053350
3 0.719637 0.325458 0.015595 0.041321
3 0.513554 0.313396 0.014609 0.022506
10 0.767708 0.152297 0.014103 0.040500
10 0.782195 0.209834 0.030058 0.068139
10 0.538794 0.262286 0.013018 0.019286
3 0.272884 0.332173 0.014206 0.018918
3 0.331594 0.322714 0.019527 0.015429
3 0.254571 0.327536 0.010848 0.013500
3 0.215518 0.335250 0.013018 0.017357
3 0.193279 0.338143 0.018442 0.023143
3 0.144462 0.341036 0.020612 0.021214
3 0.123308 0.342000 0.019527 0.019286
3 0.108120 0.344893 0.015187 0.017357
