10 0.242141 0.340047 0.020059 0.028019
10 0.261611 0.339644 0.016016 0.022118
10 0.497893 0.349964 0.010029 0.018374
10 0.518668 0.361698 0.017193 0.020377
10 0.558786 0.411368 0.020059 0.012736
10 0.597041 0.373161 0.024357 0.017830
10 0.791040 0.270000 0.032954 0.086604
9 0.280306 0.343827 0.010209 0.040838
9 0.418967 0.433209 0.008375 0.018610
9 0.478986 0.358147 0.011166 0.019851
9 0.477123 0.427644 0.007440 0.019815
9 0.557847 0.376137 0.009770 0.023573
9 0.289397 0.341900 0.005108 0.034503
3 0.491302 0.478868 0.024357 0.025472
3 0.368942 0.487783 0.075938 0.094245
9 0.524542 0.484700 0.044416 0.044375
9 0.568430 0.433042 0.014665 0.022670
9 0.260791 0.442676 0.007651 0.017003
9 0.604773 0.408671 0.012114 0.017003
3 0.412686 0.482217 0.013958 0.024814
