9 0.405598 0.471050 0.007198 0.014888
9 0.454036 0.467328 0.008027 0.014888
3 0.390161 0.523983 0.014343 0.040536
3 0.383519 0.528430 0.015066 0.031643
3 0.369483 0.532174 0.011005 0.024901
3 0.359978 0.531285 0.012006 0.030237
3 0.347972 0.533063 0.014007 0.030237
3 0.337467 0.533953 0.015007 0.032016
3 0.329463 0.541957 0.015007 0.037352
3 0.309453 0.541957 0.027013 0.044466
3 0.294424 0.552563 0.022969 0.047893
3 0.266932 0.550329 0.036018 0.064768
5 0.176887 0.529506 0.136067 0.168972
3 0.077338 0.597095 0.153076 0.176087
3 0.465214 0.518400 0.016377 0.029370
3 0.491043 0.517945 0.020010 0.035573
3 0.503549 0.525949 0.019009 0.037352
3 0.515054 0.526838 0.020010 0.039130
3 0.532563 0.526838 0.037018 0.074704
3 0.550572 0.546403 0.039019 0.064032
3 0.584923 0.549149 0.061699 0.094424
3 0.642631 0.557899 0.083069 0.126551
3 0.768180 0.569526 0.238118 0.263241
3 0.902246 0.640672 0.194096 0.345059
