3 0.192298 0.399515 0.019984 0.056094
3 0.353043 0.355575 0.016828 0.046745
3 0.363035 0.363054 0.022087 0.061704
3 0.376708 0.363054 0.028398 0.061704
3 0.583204 0.345291 0.024191 0.059834
3 0.611602 0.351835 0.045226 0.080402
3 0.538154 0.318490 0.071520 0.145845
4 0.274511 0.352770 0.147247 0.186981
3 0.455240 0.389231 0.148299 0.251177
3 0.652621 0.367417 0.078882 0.091621
1 0.103599 0.380194 0.019984 0.097230
1 0.173541 0.363366 0.014725 0.063573
1 0.715902 0.338123 0.014725 0.050485
1 0.584432 0.357133 0.016828 0.097230
1 0.983577 0.349342 0.032605 0.196330
10 0.740093 0.098165 0.023139 0.035526
13 0.566920 0.371175 0.039082 0.083127
