9 0.484569 0.425145 0.008375 0.029777
9 0.371402 0.451791 0.005849 0.022529
9 0.326847 0.399801 0.008371 0.025995
9 0.317787 0.400668 0.007798 0.027728
3 0.408932 0.521977 0.018521 0.034660
3 0.384074 0.515912 0.015597 0.022529
3 0.365230 0.521299 0.018145 0.033499
3 0.345082 0.517645 0.015597 0.019063
3 0.329972 0.516778 0.022421 0.027728
3 0.326148 0.543011 0.018145 0.057072
3 0.300728 0.542773 0.043866 0.079718
3 0.264660 0.547972 0.049715 0.090116
3 0.204710 0.564435 0.099430 0.126508
3 0.112103 0.607760 0.130624 0.150770
3 0.038151 0.629869 0.076303 0.181123
3 0.430909 0.525080 0.015509 0.058195
3 0.463034 0.536708 0.062388 0.119576
3 0.521035 0.533242 0.022421 0.064121
3 0.539556 0.530642 0.043866 0.083184
3 0.571771 0.545934 0.071253 0.097658
3 0.606975 0.567114 0.073425 0.117685
3 0.687542 0.589537 0.166323 0.182382
3 0.860755 0.651951 0.276845 0.440180
9 0.229080 0.479519 0.017547 0.022529
1 0.504844 0.528934 0.008447 0.058694
10 0.294045 0.402192 0.032103 0.013648
3 0.676838 0.471050 0.140276 0.074442
