3 0.177375 0.660699 0.164907 0.151589
3 0.315334 0.629238 0.083660 0.088665
3 0.413071 0.612077 0.042634 0.051483
3 0.483056 0.599921 0.023328 0.024311
3 0.518853 0.591340 0.022524 0.032892
3 0.679335 0.624232 0.115032 0.135858
3 0.908041 0.620657 0.181495 0.171610
1 0.794368 0.619227 0.031372 0.168750
3 0.625037 0.614937 0.037003 0.100106
3 0.607339 0.620657 0.025742 0.054343
3 0.602111 0.602781 0.032981 0.061494
3 0.591251 0.602066 0.022524 0.045763
3 0.581925 0.599749 0.017447 0.035408
3 0.532930 0.591340 0.010457 0.021451
10 0.691402 0.497670 0.018502 0.034322
