9 0.035876 0.031890 0.028701 0.061654
10 0.044845 0.098858 0.058597 0.038268
10 0.044247 0.153071 0.040659 0.065906
9 0.020330 0.212598 0.040659 0.044646
9 0.512130 0.297372 0.011361 0.027106
10 0.394337 0.335374 0.010763 0.019134
10 0.526181 0.310925 0.011959 0.021260
3 0.499198 0.369886 0.018091 0.028631
3 0.461604 0.370453 0.009567 0.012756
3 0.426326 0.367264 0.017938 0.027638
3 0.481934 0.360886 0.026309 0.040394
3 0.523724 0.364116 0.033353 0.076453
3 0.446058 0.374705 0.023917 0.034016
3 0.392842 0.374484 0.022721 0.059969
3 0.352183 0.384272 0.070556 0.104173
3 0.559068 0.384272 0.027505 0.040394
10 0.655933 0.296043 0.013155 0.038268
1 0.757581 0.391713 0.020330 0.038268
3 0.842687 0.513213 0.310925 0.555874
