10 0.171070 0.401650 0.026675 0.016495
9 0.215678 0.394127 0.009365 0.032258
3 0.136910 0.428282 0.123047 0.048316
9 0.314304 0.443299 0.011598 0.016495
10 0.317204 0.407217 0.017397 0.018557
10 0.353157 0.381443 0.017397 0.020619
10 0.355477 0.422680 0.015077 0.028866
9 0.385486 0.438144 0.008410 0.018557
10 0.385632 0.390722 0.017397 0.026804
9 0.408247 0.400000 0.006959 0.024742
3 0.404188 0.506186 0.054510 0.088660
10 0.490013 0.410309 0.008119 0.028866
9 0.524349 0.371134 0.008375 0.028866
10 0.559021 0.365672 0.030155 0.015049
9 0.537333 0.422680 0.005799 0.020619
3 0.567139 0.475258 0.020876 0.022680
1 0.633475 0.481890 0.012052 0.058900
3 0.538492 0.458763 0.012758 0.022680
3 0.549742 0.463505 0.009278 0.016495
3 0.479923 0.512990 0.104381 0.181443
3 0.179768 0.587217 0.262113 0.243299
10 0.315756 0.376771 0.009356 0.031879
