3 0.033127 0.571610 0.065414 0.081759
3 0.156273 0.567507 0.140152 0.082522
10 0.849566 0.494624 0.016749 0.024814
10 0.301781 0.451634 0.034775 0.023203
9 0.056762 0.236559 0.018145 0.074442
9 0.336616 0.324648 0.013958 0.049628
9 0.485965 0.392266 0.011166 0.043424
9 0.766102 0.484011 0.010091 0.033638
10 0.485238 0.360321 0.008433 0.017985
10 0.302550 0.480442 0.035157 0.029118
10 0.302155 0.506599 0.032970 0.023197
1 0.641747 0.554559 0.014890 0.050294
10 0.054668 0.186311 0.011166 0.028536
