3 0.477246 0.450451 0.079102 0.164723
3 0.406714 0.455468 0.056689 0.089062
3 0.845928 0.539909 0.306775 0.343672
3 0.581797 0.448098 0.049295 0.068238
3 0.245874 0.436718 0.040869 0.051562
3 0.285315 0.426172 0.032740 0.044531
3 0.309715 0.421484 0.027530 0.039844
3 0.333563 0.416130 0.021130 0.038510
9 0.181933 0.191797 0.021094 0.067969
9 0.491897 0.236559 0.010468 0.019851
10 0.534594 0.232812 0.019775 0.028125
10 0.633471 0.303515 0.019775 0.016406
10 0.638745 0.236719 0.022412 0.028125
10 0.644018 0.348047 0.022412 0.016406
10 0.112060 0.162891 0.023730 0.053906
9 0.098877 0.300000 0.013184 0.037500
3 0.435058 0.409375 0.018457 0.028125
3 0.513880 0.417080 0.025124 0.045906
9 0.513501 0.353125 0.009229 0.018750
9 0.644859 0.375000 0.013184 0.028125
9 0.200168 0.191692 0.017206 0.071375
3 0.570758 0.418941 0.032801 0.042184
3 0.553660 0.400331 0.026520 0.034739
