9 0.760912 0.359179 0.020487 0.075270
9 0.796190 0.464002 0.031878 0.036559
9 0.503462 0.515963 0.008195 0.019078
9 0.538289 0.509892 0.006829 0.022199
4 0.491608 0.541413 0.009072 0.017254
3 0.474069 0.550888 0.009503 0.016781
3 0.435856 0.550996 0.012292 0.016996
3 0.388053 0.566778 0.015024 0.029137
3 0.380696 0.568679 0.010542 0.026779
3 0.366884 0.567992 0.019121 0.036421
3 0.349128 0.570421 0.021853 0.041277
3 0.330007 0.576491 0.032779 0.038849
3 0.184551 0.593487 0.077850 0.082554
4 0.515418 0.547554 0.012292 0.023449
3 0.457708 0.555852 0.015024 0.026709
3 0.421515 0.561922 0.019121 0.029137
3 0.269913 0.592273 0.095605 0.109263
3 0.093044 0.620196 0.121555 0.092266
5 0.573800 0.547354 0.075118 0.155396
1 0.612725 0.570421 0.008195 0.109263
1 0.215282 0.542498 0.013658 0.029137
1 0.468427 0.557123 0.004851 0.025254
3 0.484884 0.550040 0.005890 0.009855
3 0.493719 0.549732 0.007622 0.011703
1 0.399742 0.557359 0.006191 0.029873
