9 0.271128 0.136078 0.011005 0.053360
9 0.400998 0.256482 0.010005 0.021344
10 0.373985 0.309842 0.022011 0.042688
10 0.387268 0.220348 0.017008 0.040909
3 0.146628 0.342205 0.031479 0.038274
3 0.177388 0.341858 0.035017 0.049802
3 0.245921 0.324071 0.014007 0.028459
3 0.079439 0.409799 0.158878 0.225889
3 0.220792 0.339339 0.056261 0.091009
3 0.266932 0.338300 0.034017 0.042688
5 0.256222 0.301190 0.041770 0.056464
3 0.332097 0.324961 0.025746 0.055138
3 0.340499 0.334746 0.015560 0.046251
3 0.363339 0.330486 0.039789 0.066751
1 0.587217 0.359043 0.044277 0.215793
9 0.816904 0.035391 0.056689 0.070781
9 0.742417 0.042422 0.031641 0.084844
