9 0.023799 0.399678 0.041753 0.053608
9 0.773606 0.171843 0.019717 0.088660
9 0.041969 0.401328 0.033248 0.056908
10 0.101505 0.228544 0.030155 0.049485
10 0.043515 0.235760 0.053351 0.035052
10 0.955693 0.228544 0.049871 0.070103
10 0.107884 0.327513 0.031314 0.070103
10 0.077149 0.090399 0.076546 0.111340
10 0.337523 0.461534 0.019716 0.024742
10 0.329984 0.494523 0.013918 0.028866
1 0.353157 0.553608 0.008119 0.037113
1 0.345619 0.563918 0.011598 0.041237
1 0.338080 0.571134 0.012758 0.047423
1 0.329961 0.558763 0.005799 0.047423
1 0.324742 0.570103 0.006959 0.061856
1 0.291108 0.569072 0.011598 0.080412
1 0.300387 0.568041 0.009278 0.045361
1 0.278351 0.569072 0.009278 0.068041
1 0.271972 0.578351 0.012758 0.082474
1 0.262113 0.568041 0.009278 0.082474
1 0.249936 0.629897 0.026675 0.218557
1 0.208763 0.543299 0.009278 0.024742
1 0.204124 0.549485 0.013918 0.028866
1 0.224420 0.588660 0.038273 0.218557
1 0.187887 0.608248 0.034794 0.162887
1 0.161791 0.589691 0.017397 0.142268
1 0.149613 0.605155 0.034794 0.164948
1 0.094523 0.558419 0.022036 0.084536
1 0.105541 0.606873 0.060309 0.197938
1 0.055670 0.564605 0.016237 0.080412
1 0.049871 0.525430 0.011598 0.030928
1 0.045232 0.601718 0.034794 0.187629
1 0.018557 0.617182 0.037113 0.210309
1 0.960912 0.579059 0.023196 0.070103
1 0.939456 0.581121 0.022036 0.061856
1 0.893644 0.587307 0.023196 0.082474
1 0.880887 0.570812 0.020876 0.078351
3 0.375216 0.567719 0.034794 0.051546
3 0.462781 0.509987 0.128737 0.084536
3 0.841454 0.631637 0.120619 0.216495
4 0.586299 0.517204 0.118299 0.156701
4 0.721415 0.638853 0.314304 0.334021
3 0.473219 0.750193 0.286469 0.404124
3 0.946995 0.702771 0.102062 0.206186
3 0.969611 0.895554 0.056830 0.204124
