3 0.334459 0.632612 0.032119 0.046903
3 0.304635 0.636691 0.034413 0.050982
3 0.292017 0.660142 0.027530 0.024471
3 0.564369 0.609233 0.012618 0.012236
3 0.578708 0.609233 0.016059 0.020393
3 0.591900 0.611273 0.014912 0.016314
3 0.735286 0.610253 0.100944 0.124396
3 0.652695 0.632685 0.110121 0.112160
3 0.360646 0.639109 0.020648 0.024471
3 0.380720 0.630952 0.021795 0.024471
3 0.398500 0.630952 0.022942 0.020393
3 0.415706 0.629932 0.022942 0.014275
3 0.434341 0.621552 0.016892 0.023661
3 0.450466 0.617002 0.013309 0.023661
