3 0.491134 0.425474 0.011996 0.019194
3 0.482832 0.422663 0.010528 0.030636
3 0.471940 0.426540 0.016795 0.025592
3 0.458744 0.429739 0.016795 0.036256
3 0.432951 0.432938 0.037189 0.051185
3 0.280521 0.493628 0.113815 0.134544
3 0.541339 0.421741 0.008398 0.023460
3 0.548537 0.416410 0.013196 0.025592
3 0.556335 0.418542 0.014396 0.038389
3 0.565932 0.420675 0.016795 0.038389
3 0.582127 0.423874 0.029991 0.044787
3 0.623142 0.436536 0.054437 0.078641
3 0.686496 0.457997 0.111567 0.130095
3 0.858045 0.515047 0.283116 0.332701
3 0.049136 0.628329 0.097792 0.196489
