9 0.700114 0.050789 0.019579 0.084530
9 0.385456 0.224822 0.011188 0.054696
9 0.398043 0.226421 0.008391 0.057182
9 0.373569 0.225178 0.006992 0.049724
9 0.718352 0.052549 0.013869 0.077395
9 0.679338 0.054281 0.019980 0.080860
9 0.680536 0.381807 0.013985 0.034807
9 0.265187 0.378078 0.013985 0.022376
9 0.667093 0.379710 0.010104 0.030611
10 0.280570 0.244712 0.013985 0.059669
9 0.426012 0.405781 0.011188 0.032320
9 0.435102 0.409511 0.006992 0.034807
3 0.950240 0.463479 0.099521 0.107937
3 0.554406 0.477881 0.101223 0.146685
3 0.196661 0.461721 0.170615 0.124309
10 0.268368 0.308287 0.023774 0.019890
10 0.285150 0.351796 0.020977 0.017403
3 0.410850 0.454922 0.035596 0.049219
