3 0.460837 0.318865 0.015761 0.019276
3 0.446509 0.319884 0.015761 0.017239
3 0.430754 0.320350 0.018637 0.018170
3 0.414558 0.318516 0.020631 0.034881
3 0.398930 0.332230 0.021488 0.040997
3 0.370952 0.348588 0.063714 0.098560
5 0.294634 0.325274 0.090265 0.282736
5 0.137744 0.330003 0.275095 0.650260
3 0.510268 0.327821 0.025790 0.033113
3 0.524019 0.340724 0.032675 0.053825
3 0.529922 0.346656 0.027846 0.060595
3 0.561848 0.347742 0.063043 0.088239
4 0.661427 0.377168 0.173367 0.194231
10 0.682202 0.176264 0.028656 0.020377
10 0.680770 0.215745 0.042984 0.073868
10 0.520298 0.278151 0.014328 0.025472
10 0.382750 0.273057 0.017193 0.015283
10 0.382750 0.287066 0.014328 0.028019
3 0.806138 0.507397 0.342435 0.320944
10 0.838376 0.121500 0.025790 0.048396
3 0.477840 0.321499 0.012514 0.010281
3 0.412033 0.331764 0.017295 0.034474
