10 0.410455 0.373520 0.011101 0.027752
10 0.662627 0.284051 0.027013 0.023123
10 0.661627 0.310731 0.025012 0.019565
10 0.658625 0.242253 0.033016 0.028459
10 0.680136 0.206680 0.030015 0.021344
3 0.271934 0.425455 0.024012 0.032016
3 0.245921 0.424565 0.020010 0.030237
3 0.222910 0.426344 0.030015 0.040909
3 0.158878 0.442352 0.052026 0.062253
3 0.112856 0.454802 0.064032 0.080040
3 0.044422 0.466364 0.088844 0.113834
3 0.320458 0.406779 0.015007 0.023123
3 0.361479 0.396107 0.009004 0.016008
3 0.405500 0.413004 0.013006 0.028459
3 0.423509 0.418340 0.025012 0.032016
3 0.459527 0.431680 0.047023 0.058696
9 0.306451 0.380988 0.011005 0.014229
3 0.527371 0.416785 0.040942 0.071053
3 0.389923 0.398588 0.027295 0.041592
