10 0.405857 0.422793 0.012855 0.009794
10 0.399889 0.435036 0.022956 0.017956
10 0.341122 0.442382 0.026629 0.011427
10 0.451156 0.461427 0.011019 0.019589
3 0.142785 0.501965 0.030302 0.026118
3 0.358568 0.462787 0.010101 0.016324
3 0.370964 0.462787 0.014692 0.013059
3 0.383820 0.469317 0.016528 0.016324
3 0.399429 0.473398 0.012855 0.014692
3 0.428813 0.475846 0.023874 0.013059
3 0.334694 0.469317 0.010101 0.013059
3 0.324135 0.470133 0.009182 0.011427
3 0.306688 0.482376 0.011019 0.016324
3 0.323676 0.481560 0.011937 0.014692
3 0.266286 0.490471 0.016528 0.014692
3 0.387492 0.490538 0.014692 0.029383
3 0.061860 0.585218 0.123720 0.210580
3 0.217533 0.519598 0.070297 0.074849
3 0.336990 0.494619 0.023874 0.034281
3 0.369587 0.497884 0.033974 0.053869
3 0.421926 0.528083 0.070704 0.104474
