3 0.954639 0.390208 0.020084 0.015302
3 0.805920 0.384257 0.024866 0.013602
3 0.701354 0.388508 0.118593 0.062909
3 0.769258 0.422513 0.164499 0.093514
3 0.871433 0.409761 0.153979 0.091814
3 0.472458 0.374056 0.032517 0.020403
3 0.472936 0.418262 0.117636 0.091814
3 0.408539 0.379156 0.016259 0.020403
3 0.394671 0.372355 0.013389 0.010202
3 0.372674 0.377456 0.053558 0.027204
3 0.354503 0.373205 0.015302 0.015302
3 0.331071 0.374906 0.037299 0.028904
3 0.297597 0.356203 0.012433 0.015302
3 0.277991 0.356203 0.034430 0.015302
3 0.290424 0.374906 0.026779 0.028904
3 0.244996 0.357053 0.037299 0.023804
3 0.257429 0.373205 0.048776 0.032305
3 0.222521 0.357053 0.021041 0.020403
3 0.196698 0.357903 0.028692 0.018703
3 0.213913 0.374056 0.053558 0.037406
3 0.168006 0.373205 0.040168 0.035705
3 0.132939 0.362154 0.026779 0.017003
3 0.071729 0.357053 0.057384 0.044207
3 0.039212 0.362154 0.026779 0.027204
3 0.107594 0.404660 0.106160 0.091814
3 0.033474 0.403527 0.066947 0.108816
3 0.974211 0.412028 0.051578 0.037406
3 0.570010 0.441782 0.275441 0.160391
10 0.314653 0.212248 0.026779 0.120718
10 0.295047 0.212248 0.014346 0.117317
10 0.314653 0.321915 0.005738 0.044207
10 0.004782 0.312563 0.009564 0.025504
10 0.625799 0.353653 0.005738 0.017003
10 0.504019 0.357903 0.005738 0.018703
10 0.322623 0.320498 0.011477 0.042506
