9 0.483045 0.487458 0.010763 0.021260
9 0.383190 0.474702 0.009567 0.038268
9 0.393355 0.470602 0.010763 0.029460
9 0.489622 0.557615 0.007175 0.021260
9 0.459725 0.555489 0.009567 0.017008
10 0.511745 0.561867 0.013155 0.008504
3 0.450394 0.608503 0.017699 0.020956
3 0.423978 0.615599 0.010104 0.027946
3 0.425405 0.611295 0.015760 0.035042
3 0.341334 0.636581 0.031093 0.076535
3 0.210387 0.637644 0.044247 0.053150
3 0.605621 0.605754 0.019134 0.027638
3 0.650466 0.632329 0.092082 0.131811
3 0.729991 0.657689 0.150679 0.169775
3 0.084821 0.692615 0.166225 0.210473
3 0.889465 0.744095 0.216104 0.327402
3 0.560776 0.647970 0.087298 0.129685
9 0.579312 0.571738 0.011959 0.014882
3 0.496199 0.607576 0.017938 0.014882
3 0.398267 0.615285 0.044504 0.055811
3 0.291706 0.640529 0.080123 0.093543
9 0.668041 0.549828 0.011598 0.024742
3 0.433498 0.610659 0.007234 0.030261
3 0.438605 0.609525 0.009788 0.029505
