3 0.380215 0.438348 0.028477 0.050625
3 0.354375 0.443036 0.033750 0.067500
3 0.325898 0.449598 0.042187 0.080625
3 0.292535 0.455130 0.051961 0.087939
3 0.253606 0.453072 0.068463 0.110073
3 0.184043 0.456456 0.110742 0.139341
3 0.068027 0.474205 0.136055 0.215554
3 0.428493 0.442481 0.043014 0.066390
3 0.474082 0.429911 0.013711 0.022500
3 0.487265 0.432455 0.014766 0.028125
3 0.503613 0.435268 0.020039 0.033750
3 0.522070 0.443705 0.025312 0.039375
3 0.547910 0.453080 0.036914 0.073125
3 0.579551 0.468080 0.041133 0.110625
3 0.605707 0.488549 0.053450 0.100380
3 0.682157 0.514553 0.133945 0.172500
9 0.355430 0.386116 0.008437 0.020625
9 0.485156 0.397366 0.010547 0.016875
3 0.564527 0.463964 0.034459 0.073874
