10 0.392477 0.344635 0.151532 0.135956
10 0.398616 0.454507 0.016381 0.010401
10 0.403296 0.472188 0.030422 0.033282
10 0.520303 0.508590 0.014041 0.022881
10 0.278099 0.431626 0.018721 0.072804
10 0.303840 0.342181 0.014041 0.047843
10 0.377555 0.497150 0.011701 0.020801
3 0.373460 0.532512 0.026912 0.049923
3 0.344793 0.515871 0.018721 0.008320
3 0.358834 0.546033 0.035102 0.056163
3 0.287459 0.511711 0.018721 0.024961
3 0.316711 0.550193 0.067864 0.085285
3 0.508603 0.532512 0.009361 0.016641
3 0.499242 0.533552 0.011701 0.018721
3 0.485201 0.528352 0.016381 0.024961
3 0.436058 0.576195 0.119347 0.170570
4 0.142374 0.364246 0.284748 0.728491
