3 0.425191 0.501514 0.011426 0.020312
3 0.417720 0.505420 0.014062 0.021875
3 0.409371 0.503857 0.009668 0.021875
3 0.402779 0.512451 0.012305 0.032812
3 0.386080 0.521826 0.014062 0.029687
3 0.386519 0.512451 0.029004 0.051562
3 0.368941 0.524951 0.021973 0.039062
3 0.348726 0.532764 0.034277 0.054687
3 0.310054 0.533545 0.064160 0.096875
3 0.280611 0.549170 0.047461 0.087500
3 0.201070 0.553076 0.145020 0.164062
3 0.088570 0.609326 0.176660 0.207812
3 0.471773 0.499170 0.009668 0.015625
3 0.480562 0.501514 0.009668 0.017187
3 0.489351 0.503857 0.016699 0.031250
3 0.501656 0.510107 0.016699 0.031250
3 0.520552 0.515576 0.024609 0.039062
3 0.535933 0.520264 0.020215 0.045312
3 0.556587 0.527295 0.038672 0.071875
3 0.578999 0.537451 0.057129 0.098437
3 0.620747 0.546826 0.068555 0.126562
3 0.742915 0.564795 0.230273 0.268750
3 0.448921 0.507764 0.030762 0.048437
