3 0.062388 0.613233 0.124775 0.290651
3 0.828921 0.725321 0.342158 0.549358
3 0.145246 0.542426 0.183264 0.214891
3 0.263198 0.514699 0.081884 0.117843
3 0.310964 0.515565 0.040942 0.091849
3 0.330947 0.504301 0.032169 0.072786
3 0.350931 0.501701 0.019496 0.043325
3 0.363603 0.491303 0.021446 0.036393
3 0.657020 0.598749 0.194962 0.261682
3 0.552716 0.563222 0.087733 0.142105
3 0.524934 0.538960 0.086758 0.117843
3 0.474244 0.516432 0.055564 0.072786
3 0.448899 0.507767 0.032169 0.045058
3 0.429890 0.499102 0.021446 0.034660
9 0.389923 0.435847 0.007798 0.019063
9 0.429890 0.449711 0.005849 0.019063
