10 0.137950 0.251250 0.017139 0.046875
10 0.132676 0.334453 0.043506 0.072656
10 0.052916 0.380156 0.036914 0.060937
3 0.078624 0.461015 0.046143 0.049219
3 0.127471 0.469737 0.041005 0.047913
3 0.180137 0.458672 0.035596 0.044531
3 0.203208 0.449297 0.021094 0.044531
3 0.210459 0.459843 0.027686 0.028125
3 0.456992 0.512578 0.032959 0.049219
3 0.388438 0.507890 0.011865 0.035156
3 0.376573 0.496172 0.014502 0.025781
3 0.033050 0.472734 0.066099 0.058594
3 0.776035 0.570000 0.293994 0.271875
3 0.921714 0.659062 0.155566 0.285937
3 0.291250 0.512812 0.056013 0.059061
3 0.360852 0.509479 0.034377 0.047709
3 0.401621 0.512578 0.025049 0.035156
3 0.491270 0.523125 0.051416 0.079687
10 0.124014 0.411616 0.017099 0.039338
10 0.103396 0.421450 0.012070 0.019669
