1 0.051732 0.480568 0.036161 0.126735
1 0.170546 0.473221 0.025829 0.115714
1 0.332752 0.496181 0.029962 0.121224
1 0.597685 0.517303 0.019630 0.104694
1 0.629713 0.529242 0.029962 0.106531
1 0.795019 0.576079 0.023763 0.123061
1 0.814132 0.588936 0.020663 0.097347
1 0.877155 0.659650 0.045459 0.198367
1 0.922615 0.661487 0.041327 0.238775
1 0.839445 0.600481 0.019630 0.075306
3 0.611116 0.490146 0.079554 0.102857
3 0.543075 0.380598 0.036161 0.031224
3 0.497616 0.377842 0.013431 0.018367
3 0.362788 0.450393 0.066122 0.101020
1 0.321904 0.407230 0.014464 0.066122
1 0.306923 0.399883 0.011365 0.062449
3 0.462931 0.531472 0.104349 0.185510
3 0.422121 0.398309 0.037194 0.055102
3 0.469130 0.369840 0.017564 0.034898
3 0.487727 0.397391 0.023763 0.031224
3 0.510973 0.390044 0.020663 0.031224
3 0.551266 0.417595 0.033061 0.045918
9 0.413856 0.169111 0.010332 0.053265
9 0.581745 0.214111 0.009298 0.055102
9 0.573479 0.216866 0.009298 0.045918
10 0.285743 0.260029 0.030995 0.022041
10 0.273345 0.308703 0.022730 0.016531
10 0.401458 0.308703 0.012398 0.031224
9 0.265597 0.358294 0.017564 0.027551
3 0.604843 0.429796 0.022730 0.022041
3 0.353342 0.382041 0.026862 0.036735
9 0.712251 0.428482 0.021444 0.033638
10 0.705224 0.386675 0.018921 0.022425
