9 0.375491 0.426316 0.009992 0.049737
9 0.446932 0.436974 0.006994 0.042632
9 0.523869 0.537336 0.006994 0.026645
10 0.590814 0.334836 0.024979 0.047961
10 0.549348 0.338388 0.033972 0.058618
10 0.328530 0.537336 0.015987 0.033750
10 0.349512 0.523125 0.013988 0.026645
3 0.500388 0.578191 0.043964 0.065724
3 0.545851 0.621711 0.100917 0.120789
3 0.287635 0.586184 0.093923 0.113684
3 0.221618 0.562204 0.023980 0.051513
3 0.162666 0.559539 0.027977 0.039079
3 0.121700 0.561316 0.061949 0.056842
3 0.408963 0.626151 0.180851 0.285987
3 0.081481 0.627458 0.161363 0.370310
9 0.574327 0.538224 0.011990 0.017763
3 0.203247 0.564089 0.014622 0.022529
10 0.596582 0.406387 0.011698 0.022529
10 0.603893 0.439313 0.008773 0.032927
10 0.590734 0.434981 0.007798 0.017330
