4 0.071062 0.609401 0.140564 0.663436
1 0.091998 0.393634 0.015593 0.113655
1 0.166064 0.401258 0.029627 0.134446
3 0.313417 0.461550 0.254164 0.252259
3 0.530549 0.431057 0.134879 0.230082
3 0.636191 0.404723 0.106032 0.163552
3 0.729358 0.402644 0.084981 0.134446
3 0.495465 0.379774 0.036643 0.047125
3 0.550430 0.361062 0.010915 0.012474
3 0.548481 0.349281 0.011695 0.011088
3 0.465448 0.375616 0.020271 0.038809
3 0.496634 0.347895 0.014034 0.016632
3 0.479482 0.347895 0.014034 0.016632
3 0.464669 0.346509 0.010915 0.013860
4 0.585904 0.345816 0.064711 0.115041
10 0.078354 0.137218 0.021050 0.041581
10 0.667766 0.302156 0.011695 0.024949
10 0.675563 0.277207 0.013254 0.019405
10 0.742612 0.250180 0.017932 0.031879
10 0.742223 0.274435 0.015593 0.011088
10 0.919202 0.226617 0.038982 0.026335
10 0.935964 0.200282 0.025728 0.020791
9 0.461940 0.296612 0.007017 0.016632
9 0.059253 0.254338 0.015593 0.048511
9 0.102913 0.250873 0.031186 0.049897
1 0.883728 0.379081 0.017932 0.103953
3 0.835780 0.381853 0.038982 0.040195
9 0.942981 0.275128 0.027288 0.034651
9 0.549650 0.293147 0.004678 0.015246
