1 0.868140 0.705620 0.023603 0.111593
1 0.732965 0.702898 0.019903 0.087097
1 0.779661 0.696774 0.020668 0.119758
1 0.765882 0.703579 0.023730 0.127923
3 0.538069 0.660938 0.013626 0.039919
4 0.547561 0.651865 0.022199 0.062601
5 0.589664 0.647782 0.062005 0.103427
5 0.394079 0.597016 0.128604 0.199495
5 0.169175 0.524005 0.337585 0.536317
3 0.579866 0.678176 0.048226 0.062601
3 0.501785 0.666608 0.074253 0.102067
9 0.398289 0.486109 0.011482 0.038105
9 0.556747 0.538503 0.009951 0.036744
9 0.505076 0.607228 0.007655 0.019052
10 0.329037 0.457031 0.046695 0.025857
10 0.657436 0.582460 0.016075 0.019052
10 0.622606 0.580418 0.009186 0.025857
10 0.603086 0.550479 0.023730 0.034022
1 0.670705 0.682031 0.014544 0.061240
