10 0.108540 0.509254 0.025829 0.040408
10 0.077545 0.500070 0.036161 0.055102
10 0.217022 0.549662 0.029962 0.022041
3 0.177731 0.593877 0.044027 0.051429
3 0.128457 0.586530 0.030995 0.029388
3 0.099324 0.589286 0.025203 0.023878
3 0.061195 0.602143 0.033272 0.034898
3 0.297895 0.581020 0.039260 0.044082
3 0.324758 0.579184 0.018597 0.025714
3 0.367117 0.581939 0.016531 0.027551
3 0.530874 0.586530 0.032028 0.025714
3 0.342306 0.586550 0.034094 0.053265
3 0.389315 0.584713 0.028929 0.045918
3 0.600596 0.603080 0.125013 0.141429
3 0.468868 0.580956 0.043393 0.056772
3 0.016859 0.607171 0.032028 0.058775
