10 0.107968 0.362204 0.043187 0.091706
10 0.142158 0.353317 0.032390 0.073934
10 0.255524 0.356872 0.016795 0.029858
10 0.314307 0.379265 0.021594 0.053317
10 0.351496 0.380331 0.014396 0.042654
10 0.434871 0.405924 0.020394 0.038389
10 0.468461 0.433649 0.032390 0.072512
10 0.709189 0.366469 0.017995 0.031990
10 0.729583 0.209715 0.044387 0.021327
10 0.401881 0.399526 0.016795 0.042654
10 0.027592 0.345142 0.055184 0.125829
10 0.174548 0.344431 0.037189 0.083175
10 0.200940 0.354028 0.017995 0.055450
9 0.690995 0.455758 0.011996 0.019194
9 0.633412 0.456824 0.014396 0.012796
