9 0.876969 0.197056 0.022046 0.076210
9 0.308662 0.123024 0.017147 0.071855
9 0.451040 0.436573 0.007951 0.023952
9 0.347523 0.422419 0.006683 0.021774
9 0.405009 0.467949 0.008375 0.018610
10 0.305600 0.468145 0.006124 0.017419
10 0.477072 0.487742 0.008574 0.017419
3 0.318893 0.500956 0.013113 0.022074
3 0.303710 0.502197 0.012353 0.024555
3 0.289889 0.506071 0.013895 0.036658
3 0.276205 0.505161 0.025721 0.043548
3 0.251096 0.514960 0.029395 0.067500
3 0.214965 0.502984 0.047767 0.100161
3 0.158624 0.522581 0.106557 0.130645
3 0.049701 0.554153 0.099040 0.189436
3 0.482583 0.515553 0.026946 0.025138
3 0.512364 0.526875 0.032959 0.026250
3 0.573007 0.540029 0.040866 0.043184
3 0.631013 0.545811 0.042100 0.063879
3 0.674264 0.551976 0.057566 0.071855
3 0.735504 0.561774 0.094309 0.087097
3 0.801031 0.549798 0.048992 0.045726
3 0.833685 0.569105 0.074318 0.066919
3 0.930942 0.600968 0.137109 0.121936
3 0.951093 0.826331 0.096808 0.324436
3 0.551914 0.526640 0.040869 0.044531
3 0.459794 0.513234 0.018843 0.019851
