2 0.065045 0.565564 0.128384 0.220953
2 0.164748 0.580133 0.076484 0.118975
2 0.216647 0.559494 0.043705 0.058273
2 0.243963 0.538856 0.019121 0.031565
2 0.294497 0.537642 0.021853 0.038849
2 0.269913 0.530358 0.016389 0.004856
2 0.277425 0.526715 0.015024 0.012140
2 0.308838 0.521859 0.012292 0.021853
2 0.316350 0.519431 0.010926 0.016996
2 0.259670 0.556465 0.050534 0.057070
2 0.436539 0.592273 0.065558 0.104407
2 0.633211 0.656617 0.122921 0.131115
2 0.566971 0.612912 0.083313 0.106835
2 0.520534 0.614126 0.042339 0.065558
2 0.504828 0.608055 0.030047 0.058273
2 0.489804 0.601985 0.027316 0.055845
2 0.428344 0.544926 0.013658 0.014568
2 0.418100 0.538856 0.015024 0.016996
2 0.407857 0.530358 0.008195 0.024281
2 0.403760 0.531572 0.013658 0.016996
2 0.373712 0.525501 0.010926 0.024281
2 0.935732 0.606841 0.034145 0.031565
9 0.751352 0.396814 0.031413 0.048561
9 0.760229 0.438091 0.032779 0.038849
2 0.837998 0.613125 0.072510 0.056250
