9 0.529412 0.441733 0.008195 0.021853
2 0.492536 0.481796 0.008195 0.024281
2 0.502096 0.485438 0.010926 0.026709
2 0.511657 0.487867 0.013658 0.036421
2 0.522583 0.492723 0.016389 0.050989
2 0.534875 0.506077 0.013658 0.063130
2 0.547167 0.501221 0.021853 0.072842
2 0.562191 0.510933 0.049168 0.077698
2 0.581994 0.523073 0.058729 0.106835
2 0.625700 0.541284 0.094239 0.133543
2 0.460440 0.483010 0.015024 0.021853
2 0.444050 0.479368 0.012292 0.024281
2 0.433807 0.480582 0.010926 0.031565
2 0.424246 0.479368 0.013658 0.029137
2 0.410589 0.480582 0.013658 0.031565
2 0.400345 0.486652 0.015024 0.029137
2 0.384639 0.489081 0.019121 0.038849
2 0.366884 0.496365 0.016389 0.043705
2 0.353909 0.501221 0.017755 0.038849
2 0.332056 0.504863 0.025950 0.046133
2 0.319081 0.507291 0.024584 0.050989
2 0.302009 0.508505 0.031413 0.063130
2 0.284937 0.515789 0.024584 0.063130
2 0.261718 0.523073 0.040974 0.097122
2 0.181820 0.540070 0.143407 0.135971
2 0.724719 0.593487 0.188478 0.237950
2 0.072557 0.567992 0.143407 0.216097
9 0.933001 0.226850 0.055997 0.072842
9 0.917977 0.141868 0.042339 0.063130
9 0.930269 0.292408 0.058729 0.111691
9 0.973974 0.164935 0.047802 0.036421
2 0.477512 0.481796 0.016389 0.024281
