9 0.483648 0.580305 0.010287 0.012661
9 0.486813 0.599296 0.015035 0.019695
2 0.351759 0.606110 0.023740 0.019695
2 0.324459 0.604704 0.027696 0.033763
2 0.265505 0.593449 0.007913 0.014068
2 0.229104 0.591339 0.014244 0.023916
2 0.245722 0.610331 0.037984 0.053458
2 0.214860 0.589932 0.017409 0.043611
2 0.116340 0.612441 0.026114 0.074560
2 0.290036 0.611034 0.052227 0.057679
2 0.168172 0.617365 0.117116 0.109730
2 0.512003 0.623695 0.018200 0.023916
2 0.575029 0.628839 0.020574 0.025322
2 0.609056 0.635873 0.039566 0.033763
2 0.669592 0.641500 0.051436 0.039390
2 0.769959 0.663306 0.066471 0.040797
2 0.050645 0.583118 0.039566 0.023916
2 0.018904 0.580671 0.036401 0.029543
2 0.410609 0.618654 0.044314 0.094256
2 0.867204 0.666486 0.101290 0.068933
2 0.527871 0.623437 0.020039 0.024375
2 0.558984 0.627187 0.021094 0.028125
3 0.548437 0.623437 0.021094 0.028125
2 0.980859 0.693750 0.035859 0.048750
