9 0.160357 0.090572 0.037943 0.046201
9 0.146584 0.127995 0.051976 0.030493
9 0.104483 0.299402 0.015593 0.044353
9 0.675924 0.394626 0.007277 0.015708
4 0.627644 0.404790 0.019751 0.032341
4 0.611271 0.407562 0.015073 0.026797
2 0.603995 0.408486 0.009876 0.017556
2 0.595794 0.406638 0.009876 0.023101
2 0.591896 0.410334 0.009356 0.023101
2 0.584879 0.405252 0.012994 0.033265
2 0.577342 0.408024 0.013514 0.035113
2 0.568246 0.409410 0.014034 0.037885
2 0.554992 0.406638 0.020791 0.039733
2 0.513411 0.407100 0.012474 0.024025
2 0.484305 0.416803 0.057174 0.078542
2 0.397244 0.440365 0.077445 0.097947
2 0.659783 0.408486 0.008836 0.019405
2 0.667319 0.411720 0.010395 0.025873
2 0.673816 0.416341 0.011955 0.031417
2 0.684471 0.417265 0.020791 0.036961
2 0.690968 0.427429 0.025468 0.038809
2 0.728392 0.444061 0.055615 0.086858
2 0.536079 0.430201 0.054575 0.077618
2 0.297767 0.455150 0.156969 0.136756
0 0.188617 0.423271 0.037423 0.148768
0 0.791832 0.438979 0.011435 0.061910
0 0.779097 0.440365 0.014034 0.064682
0 0.821198 0.486566 0.042101 0.186653
2 0.910858 0.536566 0.175680 0.232854
