2 0.008966 0.415118 0.017932 0.059600
2 0.035474 0.408188 0.038203 0.054055
2 0.114998 0.410960 0.041321 0.048511
2 0.861508 0.611935 0.275995 0.528080
2 0.806543 0.505903 0.201928 0.180185
2 0.688037 0.462936 0.161387 0.191273
2 0.594090 0.462936 0.077965 0.110883
2 0.549260 0.468480 0.045999 0.066530
2 0.512617 0.424127 0.060033 0.033265
2 0.465448 0.411653 0.029627 0.022177
2 0.431144 0.435215 0.032745 0.049897
2 0.408144 0.428978 0.024169 0.026335
2 0.393721 0.418583 0.014034 0.022177
2 0.381636 0.418583 0.014813 0.022177
2 0.369162 0.419276 0.010135 0.015246
2 0.349671 0.427592 0.028847 0.040195
2 0.478702 0.481648 0.115388 0.137218
2 0.313028 0.419276 0.027288 0.034651
2 0.184776 0.414425 0.024949 0.030493
2 0.207776 0.415118 0.021050 0.029107
2 0.226877 0.414425 0.014034 0.022177
2 0.243103 0.411950 0.018419 0.019999
2 0.262448 0.411554 0.014034 0.015246
2 0.276872 0.409475 0.011695 0.016632
8 0.409801 0.355122 0.009356 0.020791
8 0.299871 0.350964 0.010915 0.018018
8 0.318583 0.375913 0.007796 0.015246
8 0.328718 0.392545 0.006237 0.009702
8 0.377446 0.384229 0.007017 0.012474
9 0.430072 0.358191 0.015593 0.011088
9 0.386022 0.384526 0.008576 0.008316
9 0.150179 0.318689 0.026508 0.012474
8 0.180975 0.320768 0.007017 0.019405
2 0.357131 0.917362 0.094473 0.023386
