9 0.763511 0.305156 0.092285 0.159375
9 0.236827 0.382500 0.038232 0.065625
9 0.462925 0.448183 0.013184 0.028242
9 0.446446 0.455156 0.011865 0.018750
2 0.389905 0.483398 0.021094 0.023437
2 0.376062 0.491601 0.014502 0.035156
2 0.367492 0.500976 0.021094 0.044531
2 0.356946 0.511523 0.026367 0.060937
2 0.430774 0.483398 0.010547 0.028125
2 0.448571 0.495117 0.027686 0.051562
2 0.465710 0.497461 0.040869 0.056250
2 0.494055 0.531445 0.063281 0.096094
2 0.319372 0.517382 0.069873 0.114844
2 0.558506 0.575625 0.125244 0.182812
2 0.232212 0.554531 0.171387 0.225000
2 0.108855 0.738515 0.217710 0.424218
2 0.720005 0.683437 0.337500 0.370312
2 0.901279 0.555703 0.196435 0.142969
2 0.958628 0.914296 0.081738 0.086719
2 0.416783 0.480703 0.015820 0.021094
