8 0.374306 0.605374 0.009567 0.017008
8 0.365337 0.604311 0.005979 0.017008
8 0.473563 0.496949 0.007175 0.031890
8 0.463398 0.502264 0.013155 0.038268
8 0.550099 0.536280 0.011959 0.034016
8 0.488511 0.617067 0.010763 0.017008
8 0.527377 0.606437 0.007175 0.017008
8 0.506449 0.617067 0.008371 0.017008
0 0.744427 0.663839 0.015546 0.021260
0 0.696592 0.672343 0.013155 0.038268
2 0.489109 0.661713 0.011959 0.025512
2 0.352781 0.663839 0.019134 0.025512
2 0.308534 0.669154 0.026309 0.027638
2 0.330657 0.674469 0.027505 0.034016
2 0.218844 0.669154 0.038268 0.027638
2 0.113009 0.665965 0.072948 0.046772
2 0.542923 0.661713 0.011959 0.025512
2 0.521996 0.667028 0.013155 0.027638
2 0.504058 0.671280 0.027505 0.031890
2 0.397028 0.679784 0.081319 0.125433
2 0.559666 0.674469 0.047835 0.059528
2 0.837405 0.740374 0.141112 0.127559
2 0.753695 0.719114 0.105236 0.093543
2 0.928889 0.763760 0.139916 0.221102
2 0.473862 0.665965 0.023917 0.029764
9 0.270266 0.460276 0.021526 0.036142
