9 0.322208 0.253418 0.020238 0.028158
9 0.314729 0.272972 0.036957 0.026593
9 0.320888 0.315991 0.019358 0.062572
9 0.498487 0.398117 0.013199 0.039108
9 0.665459 0.435549 0.016719 0.025029
9 0.689217 0.433202 0.018478 0.026593
9 0.706375 0.431638 0.014079 0.026593
9 0.763130 0.398005 0.011439 0.037543
9 0.538310 0.452756 0.010559 0.018772
8 0.309058 0.205707 0.028941 0.070394
8 0.300210 0.198667 0.020238 0.068830
8 0.617047 0.421582 0.007919 0.018772
8 0.629806 0.445829 0.010559 0.017207
8 0.605168 0.439571 0.010559 0.014079
8 0.297215 0.369911 0.023758 0.046929
8 0.324052 0.368346 0.026398 0.050058
0 0.116830 0.492709 0.041356 0.161124
2 0.513656 0.484936 0.038717 0.035979
2 0.695801 0.500579 0.031677 0.054751
2 0.767074 0.497451 0.029917 0.039108
2 0.782033 0.520915 0.040477 0.070394
2 0.818990 0.523262 0.065114 0.093859
2 0.856387 0.528737 0.067754 0.126709
2 0.896423 0.575666 0.095032 0.248725
2 0.956030 0.618788 0.087077 0.438321
2 0.734306 0.516483 0.071274 0.111066
2 0.589999 0.476593 0.014959 0.025029
2 0.564921 0.503187 0.049276 0.075087
2 0.635315 0.546205 0.121430 0.167381
2 0.394215 0.518048 0.195343 0.258111
8 0.699620 0.418864 0.006824 0.019063
8 0.754209 0.439487 0.016572 0.031194
9 0.822494 0.427616 0.008773 0.012131
9 0.822982 0.439747 0.015597 0.008665
0 0.921356 0.439891 0.010723 0.019063
