9 0.310954 0.433814 0.021010 0.039486
9 0.344870 0.461561 0.015608 0.018142
9 0.391573 0.454625 0.009004 0.014941
9 0.391273 0.466897 0.009605 0.011739
9 0.408982 0.468498 0.009004 0.010672
9 0.600703 0.471878 0.010805 0.024545
9 0.846825 0.431858 0.024012 0.042688
9 0.743273 0.427589 0.021010 0.012806
9 0.301555 0.474546 0.007204 0.012806
8 0.375592 0.451957 0.007204 0.011739
8 0.435621 0.464763 0.008404 0.013874
8 0.498352 0.470633 0.005403 0.010672
8 0.666736 0.323893 0.013207 0.026680
8 0.656631 0.296324 0.011406 0.023478
2 0.454274 0.516522 0.034217 0.054427
2 0.474384 0.517055 0.009605 0.019209
2 0.491193 0.518656 0.010805 0.024545
2 0.516705 0.519190 0.041420 0.064032
2 0.414355 0.519190 0.051626 0.085376
2 0.383740 0.515988 0.013207 0.027747
2 0.376236 0.516522 0.010205 0.022411
2 0.360028 0.512787 0.022211 0.023478
2 0.345321 0.514921 0.014407 0.021344
2 0.331814 0.520791 0.024612 0.041621
2 0.307802 0.525059 0.034217 0.048024
2 0.258878 0.525593 0.070835 0.096047
2 0.217457 0.531996 0.074437 0.093913
2 0.128914 0.542668 0.173486 0.140870
2 0.560527 0.533063 0.009004 0.029881
2 0.577635 0.530929 0.031215 0.042688
2 0.589041 0.535731 0.028814 0.037352
2 0.622658 0.541601 0.067233 0.085376
2 0.667380 0.548538 0.039019 0.052293
2 0.832918 0.637648 0.333165 0.370316
8 0.434029 0.012314 0.028814 0.024545
8 0.458641 0.019251 0.024012 0.032016
