3 0.557281 0.477320 0.022036 0.053608
2 0.528866 0.480412 0.044072 0.080412
2 0.504510 0.515464 0.064948 0.088660
2 0.764304 0.502062 0.056830 0.086598
2 0.708054 0.504124 0.070747 0.098969
2 0.893621 0.560825 0.211083 0.200000
9 0.560760 0.415464 0.015077 0.012371
9 0.552642 0.432990 0.028995 0.030928
9 0.599614 0.452577 0.011598 0.024742
9 0.618750 0.454639 0.015077 0.024742
9 0.458119 0.243299 0.016237 0.026804
9 0.459278 0.277320 0.013918 0.028866
9 0.466817 0.353608 0.010438 0.020619
9 0.825193 0.395876 0.023196 0.047423
9 0.771263 0.254639 0.042912 0.028866
9 0.737049 0.309278 0.109021 0.101031
