9 0.362629 0.535494 0.013647 0.031194
9 0.611692 0.525096 0.018521 0.031194
2 0.162306 0.670668 0.170591 0.169833
2 0.319250 0.619545 0.078959 0.088383
2 0.052152 0.617812 0.102355 0.102247
2 0.364578 0.616945 0.029244 0.072786
2 0.425016 0.596149 0.027295 0.034660
2 0.504463 0.590084 0.022421 0.025995
2 0.704299 0.635141 0.117952 0.150770
2 0.901210 0.762516 0.195936 0.346598
2 0.628264 0.623011 0.053614 0.074519
2 0.598045 0.619545 0.018521 0.067587
2 0.596582 0.597882 0.050690 0.072786
2 0.560027 0.596149 0.016572 0.038126
2 0.547355 0.593550 0.008773 0.025995
2 0.442563 0.595283 0.007798 0.029461
2 0.451336 0.593550 0.005849 0.022529
2 0.460109 0.582285 0.011698 0.020796
2 0.470345 0.582285 0.006824 0.020796
2 0.477168 0.579686 0.008773 0.008665
2 0.535170 0.584885 0.009748 0.019063
2 0.525057 0.576540 0.014396 0.017062
2 0.490867 0.579739 0.013196 0.019194
