9 0.235378 0.211716 0.011208 0.019926
9 0.229774 0.261531 0.011208 0.019926
9 0.233977 0.292666 0.044834 0.022417
8 0.203154 0.398524 0.033625 0.034871
2 0.023118 0.418450 0.046235 0.034871
2 0.025219 0.465775 0.050438 0.019926
2 0.114887 0.692436 0.229774 0.428413
2 0.249389 0.597786 0.193346 0.224170
2 0.453944 0.531781 0.011208 0.037362
3 0.479863 0.488192 0.040631 0.049816
3 0.569531 0.498155 0.043433 0.059779
3 0.640986 0.506873 0.102277 0.117066
3 0.864315 0.540498 0.208758 0.124539
9 0.841197 0.474493 0.016813 0.012454
8 0.721406 0.404751 0.009807 0.037362
8 0.709638 0.405996 0.012610 0.034871
8 0.509286 0.384825 0.009807 0.032380
9 0.424522 0.463284 0.011208 0.024908
9 0.354469 0.437131 0.014011 0.027399
9 0.360073 0.405996 0.022417 0.014945
2 0.974999 0.611485 0.049037 0.082196
2 0.528060 0.547971 0.032224 0.049816
2 0.540810 0.564161 0.033625 0.062269
2 0.575836 0.585332 0.081262 0.104613
2 0.486168 0.545480 0.056042 0.104613
2 0.788981 0.776126 0.415081 0.438377
0 0.407008 0.522067 0.009807 0.024908
0 0.390196 0.520572 0.012610 0.024908
0 0.373383 0.551707 0.018214 0.077214
0 0.359372 0.549216 0.012610 0.072232
0 0.318041 0.504382 0.008406 0.022417
0 0.430826 0.560425 0.021016 0.109594
