9 0.423521 0.414958 0.030302 0.013059
9 0.512590 0.441076 0.015610 0.026119
8 0.523608 0.403531 0.011937 0.029383
8 0.443722 0.418223 0.010101 0.026119
2 0.367598 0.514208 0.049584 0.068561
2 0.328114 0.519105 0.051421 0.094680
2 0.441515 0.487273 0.028465 0.053869
2 0.470439 0.492171 0.023874 0.027751
2 0.498904 0.501965 0.029383 0.040810
2 0.518646 0.500333 0.019283 0.037545
2 0.542061 0.499516 0.053257 0.055502
2 0.584299 0.507678 0.038566 0.084885
2 0.589350 0.524002 0.039484 0.097944
2 0.617356 0.527267 0.045911 0.130593
2 0.629599 0.494619 0.073458 0.202418
2 0.045299 0.566717 0.088150 0.295466
2 0.254655 0.534613 0.123043 0.138755
2 0.746520 0.539782 0.269959 0.290568
2 0.932920 0.677449 0.132225 0.434220
