9 0.124775 0.150770 0.081884 0.038126
9 0.023395 0.249551 0.019496 0.017330
9 0.918269 0.260815 0.015597 0.015597
9 0.910471 0.237420 0.031194 0.020796
9 0.834436 0.196695 0.035093 0.050257
9 0.225181 0.110911 0.040942 0.062388
8 0.135986 0.122176 0.020471 0.084917
8 0.019009 0.172433 0.026320 0.077985
8 0.278795 0.100514 0.017547 0.083184
8 0.695525 0.131707 0.016572 0.062388
8 0.537607 0.355263 0.006824 0.017330
8 0.546867 0.371727 0.009748 0.015597
8 0.423067 0.365661 0.007798 0.024262
8 0.017547 0.343999 0.015597 0.032927
8 0.052640 0.344865 0.007798 0.027728
8 0.922168 0.350064 0.015597 0.027728
8 0.896336 0.350931 0.010723 0.022529
9 0.403570 0.364795 0.025345 0.012131
2 0.394797 0.422850 0.019496 0.034660
2 0.505925 0.428049 0.005849 0.024262
2 0.527858 0.428915 0.028269 0.036393
2 0.221281 0.479172 0.366528 0.237420
2 0.653121 0.466175 0.323636 0.228755
3 0.471320 0.400321 0.065312 0.121309
2 0.421117 0.422850 0.035093 0.055456
2 0.900235 0.490437 0.180339 0.121309
2 0.949135 0.505167 0.100724 0.168100
0 0.858318 0.425449 0.018521 0.043325
0 0.880251 0.430648 0.019496 0.046791
8 0.302745 0.103594 0.019775 0.075000
