2 0.392848 0.423197 0.040942 0.072786
2 0.483017 0.420597 0.016572 0.039859
2 0.503976 0.427529 0.033143 0.060655
2 0.524447 0.443992 0.038992 0.062388
2 0.543455 0.419731 0.016572 0.027728
2 0.556128 0.421464 0.024370 0.024262
2 0.555640 0.426663 0.031194 0.031194
2 0.921193 0.468254 0.044841 0.065854
2 0.189600 0.403267 0.057514 0.036393
2 0.137448 0.395469 0.050690 0.034660
2 0.016572 0.455257 0.033143 0.067587
2 0.073598 0.440526 0.108204 0.097048
2 0.134523 0.446592 0.062388 0.077985
1 0.161818 0.447458 0.031194 0.097048
7 0.161818 0.458723 0.064337 0.074519
0 0.271971 0.497715 0.099430 0.280745
0 0.423067 0.513312 0.077985 0.221823
0 0.577574 0.516778 0.049715 0.256483
0 0.605356 0.514179 0.056539 0.282478
0 0.886588 0.515045 0.082859 0.287677
0 0.830536 0.560103 0.074085 0.329268
0 0.759375 0.554904 0.109178 0.381258
0 0.742804 0.446592 0.021446 0.081451
0 0.719408 0.435328 0.015597 0.086650
0 0.469857 0.430129 0.015597 0.076252
0 0.498127 0.432728 0.015597 0.057189
5 0.457672 0.411066 0.036068 0.079718
2 0.623877 0.412799 0.109178 0.166367
0 0.673105 0.458723 0.026320 0.098781
0 0.789107 0.445725 0.024370 0.107445
0 0.807628 0.449191 0.020471 0.100514
0 0.349469 0.417998 0.016572 0.045058
9 0.711610 0.226502 0.021446 0.050257
9 0.712097 0.260295 0.022421 0.020796
9 0.711610 0.298421 0.031194 0.034660
8 0.603893 0.220437 0.010723 0.065854
8 0.619978 0.221303 0.011698 0.057189
8 0.609742 0.215238 0.014622 0.062388
8 0.302190 0.258562 0.009748 0.045058
8 0.489841 0.360809 0.008773 0.020796
2 0.898285 0.739468 0.201785 0.247818
