2 0.605992 0.310309 0.070747 0.063918
2 0.489433 0.336083 0.053351 0.053608
2 0.387951 0.342268 0.063789 0.065979
9 0.097423 0.326461 0.030155 0.053608
9 0.183827 0.323368 0.015077 0.035052
9 0.255155 0.326461 0.013918 0.032990
9 0.314304 0.322337 0.011598 0.032990
9 0.363595 0.314089 0.015077 0.028866
9 0.407088 0.316151 0.011598 0.024742
9 0.451740 0.306873 0.017397 0.026804
9 0.490593 0.302749 0.011598 0.018557
9 0.532345 0.299656 0.011598 0.028866
9 0.688918 0.136770 0.064948 0.115464
9 0.689498 0.222337 0.028995 0.051546
9 0.196585 0.024742 0.298067 0.041237
9 0.012758 0.131959 0.025515 0.173196
