2 0.430793 0.535632 0.017551 0.047843
2 0.402711 0.542913 0.052653 0.070724
2 0.360589 0.547073 0.071374 0.070724
2 0.555405 0.517951 0.039782 0.012481
2 0.626780 0.538752 0.056163 0.045763
2 0.598698 0.565794 0.102966 0.083205
2 0.866059 0.537712 0.015211 0.047843
2 0.829202 0.541872 0.086585 0.106086
2 0.323732 0.547073 0.058504 0.070724
2 0.175133 0.531472 0.065524 0.043683
2 0.058504 0.542147 0.027325 0.031752
2 0.116894 0.552891 0.103496 0.065720
0 0.952644 0.524191 0.010531 0.033282
0 0.944454 0.525231 0.010531 0.035362
2 0.758413 0.559554 0.218803 0.145609
2 0.517963 0.568914 0.180191 0.110247
2 0.237146 0.552273 0.131048 0.093606
2 0.022627 0.560594 0.045255 0.085285
2 0.035093 0.537227 0.019496 0.027728
