2 0.687341 0.538010 0.010332 0.019898
2 0.697242 0.540306 0.016358 0.027551
2 0.706282 0.546429 0.018941 0.021429
2 0.716183 0.554082 0.016358 0.024490
2 0.725224 0.562500 0.018941 0.035204
2 0.735555 0.572449 0.029273 0.055102
2 0.768703 0.572449 0.054241 0.125510
2 0.820361 0.586225 0.116231 0.168367
2 0.922099 0.611225 0.153253 0.269388
2 0.970743 0.701531 0.055963 0.244898
2 0.644292 0.546684 0.013776 0.019898
2 0.631378 0.545919 0.012054 0.018367
2 0.620185 0.545919 0.012054 0.015306
2 0.605549 0.549745 0.013776 0.016837
2 0.589621 0.548215 0.016358 0.022959
2 0.571971 0.552806 0.018941 0.029082
2 0.539756 0.564796 0.050654 0.058163
2 0.461767 0.577296 0.030995 0.047449
2 0.422593 0.580357 0.049075 0.065816
2 0.365195 0.587245 0.078348 0.076531
2 0.250895 0.516451 0.056396 0.058290
