8 0.399497 0.494822 0.009004 0.028459
8 0.448522 0.526838 0.007003 0.021344
8 0.468531 0.534842 0.007003 0.019565
9 0.546570 0.494822 0.041020 0.053360
9 0.538566 0.541957 0.019009 0.026680
9 0.671132 0.411225 0.020010 0.024901
2 0.457526 0.587312 0.017008 0.028459
2 0.441518 0.589980 0.017008 0.037352
2 0.416006 0.582866 0.040020 0.058696
2 0.387491 0.586423 0.025012 0.055138
2 0.118859 0.580198 0.108053 0.206324
2 0.516555 0.584644 0.015007 0.023123
2 0.485040 0.597984 0.048024 0.078261
2 0.540567 0.600652 0.025012 0.044466
2 0.261429 0.607767 0.255126 0.325494
2 0.034317 0.625554 0.067033 0.218775
0 0.688140 0.618439 0.028014 0.122727
