2 0.565298 0.593623 0.006883 0.009517
2 0.555356 0.594983 0.009941 0.012236
2 0.545415 0.593623 0.009941 0.014955
2 0.533562 0.596342 0.010706 0.012236
2 0.520179 0.592943 0.013000 0.016314
2 0.492266 0.597022 0.012236 0.016314
2 0.508326 0.599061 0.018353 0.012236
2 0.473913 0.595662 0.024471 0.024471
2 0.452883 0.597702 0.013000 0.028550
2 0.441412 0.597022 0.013000 0.029909
2 0.423823 0.594983 0.028295 0.039426
2 0.404323 0.605179 0.022942 0.029909
2 0.375263 0.603820 0.038236 0.048943
2 0.340850 0.605859 0.033648 0.050302
2 0.306055 0.606539 0.042060 0.057100
2 0.577534 0.599255 0.013000 0.028550
2 0.593210 0.602654 0.022942 0.035347
2 0.258260 0.611491 0.068826 0.063897
2 0.601841 0.606344 0.029824 0.040785
2 0.792536 0.607043 0.073414 0.047583
2 0.861594 0.596828 0.067296 0.057100
2 0.981274 0.589350 0.035942 0.061178
2 0.924684 0.592749 0.080296 0.070695
8 0.544486 0.367069 0.014530 0.062538
8 0.786523 0.379985 0.012236 0.061178
9 0.783082 0.448964 0.025236 0.059171
9 0.779640 0.554683 0.021412 0.043505
8 0.696667 0.558761 0.008412 0.016314
8 0.684049 0.560121 0.007647 0.016314
9 0.681883 0.515710 0.013765 0.010876
8 0.140247 0.374573 0.017589 0.053021
8 0.006003 0.529216 0.011233 0.027959
8 0.025100 0.526221 0.008987 0.029956
9 0.609234 0.571154 0.008987 0.007988
9 0.029031 0.299556 0.030330 0.039941
