2 0.360574 0.610714 0.022730 0.027551
2 0.351275 0.611633 0.020663 0.029388
2 0.440644 0.613469 0.013431 0.022041
2 0.457691 0.611633 0.014464 0.025714
2 0.471639 0.625408 0.034094 0.034898
2 0.515032 0.635510 0.054758 0.062449
2 0.321314 0.616224 0.033061 0.033061
8 0.332236 0.472828 0.010332 0.033061
8 0.341977 0.472959 0.006199 0.033061
8 0.454149 0.498805 0.008265 0.022041
8 0.390019 0.562041 0.007232 0.014694
8 0.433756 0.571837 0.007232 0.014694
2 0.149621 0.596714 0.043393 0.064286
2 0.722510 0.672020 0.032028 0.141429
8 0.402934 0.584040 0.006888 0.015306
8 0.409391 0.593989 0.007749 0.013776
8 0.428763 0.596285 0.010332 0.006122
8 0.415418 0.600877 0.004305 0.012245
