8 0.537053 0.431516 0.009597 0.034123
8 0.362505 0.492298 0.013196 0.023460
8 0.571243 0.491232 0.005998 0.021327
0 0.943732 0.580805 0.026392 0.162085
0 0.840563 0.572274 0.019194 0.102370
0 0.806373 0.559478 0.017995 0.076777
9 0.774914 0.386730 0.024655 0.081043
2 0.358906 0.544549 0.032390 0.055450
2 0.391896 0.568009 0.069579 0.110900
2 0.572443 0.571208 0.104369 0.172749
4 0.439882 0.475237 0.079176 0.091706
4 0.273731 0.478436 0.152355 0.110900
8 0.306721 0.361137 0.009597 0.038389
2 0.064993 0.570142 0.121164 0.089573
2 0.261735 0.590402 0.207538 0.223934
2 0.478870 0.638388 0.200341 0.285782
2 0.714600 0.611729 0.191943 0.245260
2 0.872353 0.568009 0.063581 0.068246
