9 0.560175 0.466401 0.017932 0.026335
9 0.578887 0.448383 0.021050 0.034651
9 0.606954 0.436601 0.024169 0.044353
9 0.813560 0.342351 0.055355 0.036037
9 0.672756 0.411653 0.013254 0.022177
2 0.450635 0.504517 0.004678 0.011088
2 0.442839 0.505210 0.007796 0.012474
2 0.431924 0.507982 0.010915 0.012474
2 0.477143 0.498280 0.004678 0.012474
2 0.482211 0.498973 0.008576 0.011088
2 0.488448 0.501745 0.007017 0.011088
2 0.495855 0.507289 0.007796 0.013860
2 0.505210 0.510754 0.010915 0.018018
2 0.514566 0.515606 0.007796 0.016632
2 0.527430 0.519071 0.016373 0.034651
2 0.407657 0.514566 0.041906 0.045046
2 0.463889 0.500359 0.021830 0.027721
2 0.363705 0.521843 0.035084 0.040195
2 0.308740 0.532238 0.074846 0.066530
2 0.101354 0.592531 0.201149 0.231468
2 0.618844 0.598768 0.212064 0.267505
2 0.795433 0.526694 0.033525 0.045739
2 0.926024 0.516299 0.115388 0.108111
