9 0.139219 0.594375 0.046406 0.048750
9 0.408691 0.562768 0.015820 0.030000
9 0.409746 0.588080 0.009492 0.016875
9 0.504668 0.529955 0.032695 0.028125
9 0.438223 0.607768 0.011602 0.018750
9 0.470918 0.605893 0.011602 0.015000
2 0.141328 0.694687 0.021094 0.028125
2 0.579551 0.630000 0.049570 0.086250
2 0.682526 0.628125 0.095209 0.097500
2 0.453515 0.610000 0.023203 0.041250
2 0.519433 0.649375 0.098086 0.127500
2 0.836250 0.684863 0.291094 0.236250
9 0.513515 0.576113 0.012656 0.022500
2 0.045329 0.708794 0.036068 0.024262
