8 0.508362 0.523364 0.006824 0.013864
2 0.495525 0.554158 0.014480 0.018591
2 0.475816 0.555588 0.013675 0.018591
2 0.459728 0.557733 0.013675 0.022881
2 0.448064 0.562739 0.011262 0.027172
2 0.435193 0.559163 0.017697 0.037182
2 0.421115 0.561309 0.016893 0.038612
2 0.404625 0.564884 0.020915 0.037182
2 0.388536 0.567744 0.020915 0.048623
2 0.279135 0.584190 0.191453 0.213083
2 0.585620 0.542717 0.025742 0.047193
2 0.602513 0.544147 0.022524 0.038612
2 0.604926 0.554873 0.014480 0.045763
2 0.628657 0.557733 0.031372 0.054343
0 0.740874 0.561309 0.011262 0.055773
0 0.754951 0.568459 0.018502 0.104396
0 0.778681 0.569174 0.016088 0.094386
0 0.935142 0.571319 0.034590 0.121557
