9 0.682943 0.359804 0.028807 0.064015
9 0.546912 0.425952 0.032007 0.102424
9 0.442031 0.460094 0.013603 0.019916
9 0.255588 0.362649 0.031207 0.035564
2 0.402413 0.475843 0.010402 0.024183
2 0.411615 0.475843 0.011203 0.027028
2 0.419617 0.477977 0.012803 0.028451
2 0.434420 0.485801 0.018404 0.027028
2 0.386009 0.482245 0.012803 0.014226
2 0.299589 0.480822 0.016004 0.017071
2 0.286786 0.479400 0.011203 0.014226
2 0.268782 0.480822 0.015204 0.014226
2 0.251578 0.480111 0.016004 0.012803
2 0.067536 0.486512 0.028807 0.034141
2 0.032327 0.491491 0.049611 0.046944
