2 0.286815 0.477114 0.010926 0.016996
2 0.292961 0.477114 0.009560 0.026709
2 0.301838 0.477114 0.016389 0.036421
2 0.318228 0.478328 0.021853 0.053417
2 0.328471 0.479542 0.020487 0.065558
2 0.335300 0.479542 0.020487 0.080126
2 0.360567 0.479542 0.054631 0.084982
2 0.399492 0.502608 0.094239 0.116547
2 0.255402 0.479946 0.010926 0.014568
2 0.247207 0.482374 0.010926 0.019424
2 0.239695 0.484803 0.012292 0.019424
2 0.212379 0.479137 0.006829 0.022662
2 0.194624 0.478328 0.015024 0.019424
2 0.202136 0.490468 0.021853 0.033993
2 0.185747 0.492896 0.013658 0.043705
2 0.170723 0.494110 0.032779 0.046133
2 0.129749 0.518391 0.071021 0.094694
4 0.273840 0.471853 0.031413 0.024281
2 0.271791 0.483993 0.016389 0.029137
2 0.055178 0.534659 0.109263 0.160252
2 0.936791 0.390675 0.121555 0.235522
8 0.537982 0.295009 0.020487 0.046133
8 0.555737 0.295009 0.025950 0.046133
2 0.223852 0.486826 0.028681 0.041277
