8 0.282440 0.287764 0.012236 0.035347
8 0.265798 0.271029 0.013765 0.033988
8 0.511275 0.266757 0.015295 0.047583
8 0.601568 0.382218 0.011471 0.027190
8 0.448131 0.377946 0.007647 0.019033
8 0.149941 0.232574 0.013000 0.047583
8 0.135029 0.233254 0.013765 0.051662
0 0.826853 0.435725 0.011471 0.053021
0 0.811249 0.442523 0.008412 0.042145
0 0.801690 0.440483 0.010706 0.038066
0 0.782572 0.440483 0.007647 0.032628
0 0.768807 0.439804 0.009177 0.036707
0 0.698834 0.443882 0.014530 0.055740
0 0.677804 0.451359 0.010706 0.065257
0 0.669902 0.427568 0.009177 0.025831
0 0.664883 0.466994 0.014530 0.077492
0 0.643471 0.450000 0.011471 0.054381
8 0.310723 0.470350 0.023707 0.107402
2 0.452391 0.436016 0.012236 0.016314
2 0.440538 0.436016 0.011471 0.016314
2 0.390066 0.425820 0.017589 0.020393
2 0.372477 0.431938 0.020648 0.021752
2 0.344182 0.458448 0.048178 0.061178
2 0.253944 0.448252 0.066531 0.076133
2 0.196207 0.454758 0.052002 0.055740
2 0.561948 0.486027 0.083355 0.099245
2 0.416194 0.528716 0.155240 0.297734
2 0.744109 0.489290 0.118533 0.066616
2 0.823914 0.622685 0.351010 0.331722
2 0.912191 0.458689 0.168143 0.061528
8 0.302450 0.336480 0.016824 0.044864
8 0.279126 0.337840 0.016059 0.042145
9 0.029633 0.227719 0.059266 0.036707
9 0.551612 0.280018 0.068061 0.025831
8 0.583731 0.291574 0.016059 0.029909
9 0.738623 0.296332 0.023707 0.017674
9 0.710710 0.250788 0.035177 0.021752
