8 0.426670 0.355547 0.006592 0.021094
8 0.380528 0.371953 0.011865 0.030469
8 0.498521 0.402422 0.010547 0.016406
9 0.497202 0.370781 0.018457 0.014062
8 0.483360 0.373125 0.009229 0.023437
9 0.449082 0.361406 0.027686 0.018750
9 0.371299 0.200859 0.022412 0.016406
9 0.366685 0.241875 0.047461 0.065625
8 0.205845 0.415312 0.015820 0.023437
9 0.580918 0.009609 0.027686 0.019219
0 0.530161 0.441093 0.010547 0.065625
0 0.498521 0.450468 0.015820 0.065625
0 0.540049 0.444609 0.019775 0.067969
2 0.365367 0.477422 0.018457 0.030469
2 0.352183 0.478593 0.023730 0.028125
2 0.314610 0.484453 0.064600 0.035156
2 0.222984 0.483281 0.071191 0.042187
2 0.215733 0.503203 0.054053 0.044531
2 0.184751 0.499687 0.044824 0.070312
2 0.141246 0.495000 0.079102 0.075000
2 0.103672 0.505547 0.104150 0.086719
2 0.467539 0.420000 0.043506 0.028125
2 0.054143 0.513750 0.108287 0.107812
2 0.020525 0.537187 0.041050 0.089062
2 0.465562 0.478593 0.076465 0.103125
9 0.536753 0.231094 0.029004 0.023437
9 0.567075 0.212344 0.021094 0.042187
9 0.622446 0.017812 0.034277 0.032812
