2 0.175516 0.603680 0.024357 0.028019
2 0.194859 0.604953 0.028656 0.030566
2 0.217783 0.611321 0.022925 0.033113
2 0.234977 0.613868 0.028656 0.033113
2 0.298019 0.608774 0.025790 0.028019
2 0.273662 0.615142 0.042984 0.045849
2 0.346734 0.608774 0.045849 0.053491
2 0.401896 0.604953 0.070206 0.061132
2 0.141846 0.604953 0.017193 0.020377
9 0.448564 0.418646 0.021492 0.063679
9 0.449095 0.491764 0.022555 0.033673
8 0.599723 0.525809 0.011462 0.030566
2 0.087450 0.618696 0.017219 0.029082
2 0.072813 0.621320 0.018941 0.041327
2 0.054733 0.626895 0.027551 0.052041
2 0.023492 0.621320 0.046984 0.093367
8 0.619837 0.520080 0.016358 0.026020
