9 0.025832 0.372593 0.018521 0.017330
9 0.518598 0.246951 0.042892 0.053723
9 0.520060 0.311072 0.034118 0.064121
9 0.773510 0.231354 0.039967 0.039859
9 0.442075 0.432381 0.014622 0.015597
8 0.119414 0.367394 0.008773 0.038126
8 0.071648 0.475706 0.006824 0.029461
8 0.317787 0.382125 0.007798 0.025995
8 0.136473 0.368261 0.015597 0.036393
8 0.105279 0.367394 0.013647 0.034660
8 0.327535 0.384724 0.007798 0.024262
8 0.540531 0.411586 0.022421 0.036393
8 0.452798 0.456643 0.010723 0.019063
2 0.082859 0.585751 0.165717 0.346598
2 0.839797 0.654204 0.316813 0.556290
2 0.340695 0.571021 0.201785 0.337933
2 0.173028 0.569288 0.123801 0.178498
2 0.660920 0.571021 0.267097 0.320603
2 0.517623 0.556290 0.115027 0.176765
2 0.462546 0.553691 0.047766 0.116110
3 0.239803 0.500835 0.033143 0.114377
