9 0.411961 0.179408 0.050958 0.074605
9 0.298554 0.187401 0.099918 0.058618
2 0.437440 0.329507 0.019984 0.030197
2 0.486400 0.325954 0.015987 0.033750
2 0.457923 0.328618 0.020983 0.039079
2 0.504546 0.319065 0.020305 0.037736
2 0.411961 0.333059 0.030975 0.040855
2 0.341631 0.339276 0.045738 0.046184
2 0.269079 0.361480 0.080933 0.087039
3 0.769167 0.268224 0.461620 0.532895
9 0.143784 0.162035 0.073111 0.081451
9 0.410882 0.064987 0.008773 0.039859
2 0.169617 0.356996 0.017547 0.027728
2 0.148658 0.357863 0.020471 0.029461
2 0.127700 0.363928 0.017547 0.027728
2 0.104304 0.365661 0.023395 0.031194
