2 0.094922 0.366629 0.016875 0.020758
2 0.207246 0.352500 0.009492 0.011250
2 0.185098 0.355312 0.011602 0.013125
2 0.276328 0.342187 0.008437 0.016875
2 0.601699 0.337500 0.039023 0.048750
2 0.040078 0.382500 0.080156 0.093750
2 0.243527 0.351562 0.018773 0.028125
2 0.227812 0.354375 0.014766 0.022500
2 0.215156 0.353437 0.014766 0.024375
2 0.157676 0.362812 0.032695 0.043125
9 0.233508 0.287812 0.035859 0.028125
9 0.651902 0.308437 0.017930 0.039375
9 0.581765 0.305625 0.014766 0.015000
9 0.486844 0.285937 0.021094 0.035625
9 0.295629 0.322500 0.013711 0.022500
2 0.252387 0.345937 0.007383 0.016875
2 0.281918 0.347812 0.011602 0.016875
2 0.265482 0.348662 0.011959 0.017008
