8 0.308350 0.349281 0.013254 0.060986
8 0.620208 0.282751 0.027288 0.088706
8 0.288079 0.322946 0.019491 0.038809
8 0.959744 0.454620 0.023389 0.036037
9 0.180878 0.444918 0.024949 0.016632
9 0.295096 0.430364 0.027288 0.018018
9 0.653343 0.230775 0.024949 0.048511
9 0.745341 0.417197 0.015593 0.038809
9 0.928168 0.259189 0.024169 0.069302
9 0.934795 0.435908 0.037423 0.020791
9 0.934795 0.374230 0.038982 0.063758
2 0.044440 0.519071 0.087320 0.281365
2 0.947337 0.585600 0.103049 0.070688
2 0.136048 0.559266 0.072507 0.062372
2 0.464279 0.585600 0.148912 0.248101
2 0.675563 0.605005 0.180098 0.220380
2 0.827984 0.586986 0.099795 0.070688
2 0.569141 0.568968 0.056134 0.079004
0 0.944541 0.602233 0.042881 0.170482
8 0.102523 0.449076 0.008576 0.016632
