9 0.559493 0.261926 0.012633 0.006238
9 0.634237 0.246953 0.018949 0.038678
9 0.699005 0.204532 0.013335 0.046164
2 0.397935 0.315665 0.011229 0.033688
2 0.383197 0.316289 0.016844 0.044917
2 0.366142 0.316601 0.023441 0.050531
2 0.347053 0.320032 0.018949 0.054898
2 0.331963 0.321280 0.043513 0.062384
2 0.308803 0.331261 0.036495 0.059889
2 0.280730 0.330014 0.039302 0.072366
3 0.208933 0.323151 0.115801 0.122274
2 0.554723 0.331885 0.026669 0.034935
2 0.584199 0.329390 0.030880 0.044917
2 0.639994 0.328766 0.089132 0.103558
2 0.501578 0.314002 0.018247 0.022458
2 0.484376 0.314834 0.013335 0.012477
2 0.088781 0.368484 0.157911 0.119778
