8 0.334418 0.565447 0.006460 0.012760
8 0.392915 0.574379 0.007177 0.010208
8 0.403681 0.543755 0.007177 0.028072
8 0.412653 0.543391 0.005024 0.025520
9 0.614848 0.481687 0.038041 0.065076
9 0.614489 0.531451 0.037323 0.031900
9 0.552066 0.574197 0.007895 0.010208
9 0.548119 0.562713 0.007177 0.007656
9 0.467731 0.556971 0.015790 0.049764
9 0.214008 0.616943 0.005024 0.014036
8 0.232669 0.595251 0.006460 0.011484
9 0.243794 0.594613 0.005742 0.010208
2 0.373348 0.645652 0.006460 0.012760
2 0.379807 0.652670 0.012202 0.021692
2 0.396315 0.653946 0.026557 0.037004
2 0.416412 0.676276 0.027992 0.071456
2 0.465578 0.682656 0.097613 0.145463
2 0.356839 0.653946 0.023686 0.059972
2 0.210419 0.631616 0.012202 0.022968
3 0.082302 0.638634 0.127759 0.123771
2 0.294395 0.664154 0.106944 0.169707
2 0.502183 0.719235 0.076081 0.175236
2 0.648244 0.710728 0.312220 0.262855
2 0.886536 0.744967 0.224654 0.236059
2 0.881153 0.662666 0.101920 0.045936
