8 0.471320 0.214891 0.008773 0.048524
8 0.623877 0.261682 0.009748 0.051990
8 0.637524 0.372593 0.015597 0.024262
2 0.045329 0.486104 0.080909 0.064121
2 0.144759 0.471374 0.065312 0.058922
2 0.227130 0.451444 0.027295 0.008665
2 0.256374 0.467041 0.029244 0.039859
2 0.483505 0.455777 0.019496 0.034660
2 0.474244 0.461842 0.012673 0.022529
2 0.468395 0.460976 0.010723 0.027728
2 0.341183 0.460976 0.011698 0.027728
2 0.497639 0.462709 0.028269 0.041592
2 0.804216 0.538960 0.348981 0.346598
2 0.428915 0.460976 0.019496 0.027728
2 0.402596 0.458376 0.017547 0.032927
2 0.358242 0.459243 0.022421 0.034660
8 0.464496 0.216624 0.010723 0.045058
8 0.761325 0.292009 0.037043 0.064121
9 0.510799 0.335334 0.019496 0.029461
9 0.509337 0.386457 0.016572 0.027728
9 0.619978 0.332734 0.029244 0.020796
9 0.587322 0.333601 0.014622 0.022529
8 0.333872 0.392523 0.006824 0.019063
9 0.201785 0.428915 0.021446 0.019063
2 0.973833 0.798043 0.048740 0.303274
