2 0.631129 0.609443 0.025950 0.033993
2 0.571034 0.605801 0.023218 0.026709
2 0.389112 0.599731 0.039608 0.038849
2 0.347455 0.602159 0.035510 0.048561
2 0.305116 0.605801 0.051900 0.050989
2 0.221667 0.605801 0.061460 0.065558
2 0.159797 0.611871 0.081947 0.072842
2 0.070338 0.609443 0.107897 0.092266
2 0.012292 0.615513 0.024584 0.094694
9 0.443606 0.526889 0.013658 0.024281
9 0.574722 0.423696 0.106531 0.084982
0 0.801943 0.607535 0.023218 0.103019
9 0.830533 0.454047 0.031413 0.053417
9 0.443367 0.558280 0.010926 0.016996
