8 0.468778 0.078172 0.020648 0.085650
8 0.089717 0.034307 0.026765 0.068613
8 0.116482 0.039383 0.019118 0.077492
8 0.066392 0.035305 0.016824 0.069335
8 0.447548 0.079532 0.016059 0.077492
8 0.481196 0.082931 0.016059 0.076133
8 0.700902 0.320166 0.018353 0.036707
8 0.668094 0.321483 0.009177 0.032628
8 0.687595 0.318764 0.013000 0.032628
8 0.168665 0.365809 0.019883 0.031269
8 0.188845 0.365676 0.014360 0.034253
8 0.185628 0.222961 0.022942 0.062538
9 0.195643 0.271450 0.013000 0.019033
9 0.188749 0.290214 0.032119 0.024471
9 0.296004 0.364739 0.009941 0.029909
9 0.545633 0.379033 0.006883 0.010876
8 0.567964 0.380393 0.009941 0.019033
9 0.631054 0.376994 0.012236 0.028550
9 0.844566 0.345725 0.018353 0.033988
9 0.909185 0.342326 0.005353 0.013595
0 0.553217 0.439577 0.009049 0.038066
0 0.711962 0.441163 0.028295 0.108761
0 0.897090 0.406212 0.016187 0.058346
0 0.862509 0.459474 0.054296 0.221601
0 0.627077 0.433346 0.006118 0.025831
0 0.635107 0.428588 0.005353 0.019033
2 0.390649 0.443202 0.028295 0.051662
2 0.296587 0.474245 0.077238 0.094713
2 0.516574 0.445727 0.025236 0.040785
0 0.943420 0.402870 0.007647 0.029909
2 0.939214 0.411027 0.032883 0.046224
2 0.910803 0.411211 0.030056 0.057100
2 0.835743 0.433643 0.039001 0.053021
2 0.644159 0.441163 0.036707 0.053021
3 0.815304 0.395577 0.035942 0.028550
3 0.735699 0.410532 0.167329 0.093807
2 0.784993 0.435725 0.082591 0.061178
2 0.912082 0.583686 0.173338 0.483988
2 0.458725 0.502115 0.133827 0.201208
2 0.361898 0.469033 0.069590 0.106042
