2 0.452974 0.601540 0.023389 0.033265
2 0.953117 0.601540 0.072507 0.099795
2 0.991387 0.594610 0.014949 0.038809
9 0.789391 0.412346 0.030406 0.062372
9 0.779645 0.338886 0.018711 0.034651
9 0.794459 0.369379 0.012474 0.029107
9 0.773019 0.492043 0.019491 0.036037
9 0.735985 0.395020 0.093557 0.077618
9 0.743002 0.458085 0.082642 0.023563
9 0.798357 0.468480 0.007796 0.036037
9 0.408144 0.539168 0.005458 0.019405
9 0.406975 0.559266 0.007796 0.018018
9 0.408144 0.576591 0.008576 0.013860
9 0.408144 0.588372 0.007017 0.012474
