3 0.135687 0.486205 0.269666 0.972410
2 0.810763 0.688181 0.376956 0.621583
2 0.673502 0.574063 0.154334 0.267087
2 0.587458 0.599557 0.042339 0.104407
2 0.566288 0.587417 0.073752 0.109263
2 0.428344 0.694252 0.267694 0.376349
8 0.388736 0.476767 0.005463 0.026709
8 0.461806 0.473125 0.006829 0.029137
8 0.396931 0.480582 0.005463 0.026709
8 0.470000 0.473298 0.004097 0.031565
9 0.640040 0.405659 0.019121 0.036421
9 0.643455 0.437224 0.012292 0.021853
2 0.302697 0.568173 0.048909 0.051864
0 0.303126 0.658173 0.030890 0.183051
